    DOY     DATE    HOUR    SOIL_CO2_FLUX   ECO_CO2_FLUX    CH4_FLUX        O2_FLUX         CO2_1           CO2_2           CO2_3           CO2_4           CH4_15          O2_1            O2_2            O2_3            O2_4            O2_5            O2_6            O2_7            O2_8            O2_9            
010101998soil_c_   0.042    01011998       1 -0.9496033E-001 -0.9496033E-001  0.1321690E-004  0.4034103E+001  0.4818099E+001  0.5258085E+001  0.5004042E+001  0.4959023E+001  0.0000000E+000  0.1094667E+001  0.0000000E+000  0.2207091E-001  0.1401510E-001  0.3503902E+001  0.5839475E+001  0.1151048E+002  0.1220378E+002  0.9967451E-002
010101998soil_c_   0.083    01011998       2 -0.2544090E+000 -0.2544090E+000 -0.8251559E-003  0.2257093E+001  0.5782267E+001  0.6537228E+001  0.6247235E+001  0.6034121E+001  0.0000000E+000  0.1494918E+000  0.9658097E-002  0.5473458E-002  0.1427650E-002  0.0000000E+000  0.5692699E-002  0.1013021E+002  0.1185550E+002  0.2747296E-001
010101998soil_c_   0.125    01011998       3 -0.3789417E+000 -0.3789417E+000 -0.4187010E-002  0.1747800E+001  0.5320495E+001  0.7719042E+001  0.7510565E+001  0.7008460E+001  0.0000000E+000  0.8239990E-001  0.2308571E-001  0.9566974E-002  0.3479124E-002  0.1411712E-002  0.5273353E-003  0.8784949E+001  0.1152180E+002  0.3766903E-001
010101998soil_c_   0.167    01011998       4 -0.4137878E+000 -0.4137878E+000 -0.9716464E-002  0.1036294E+001  0.4983605E+001  0.8869908E+001  0.8804829E+001  0.7835463E+001  0.0000000E+000  0.1185824E+000  0.3377492E-001  0.1246936E-001  0.5763700E-002  0.1472697E-002  0.1129002E-002  0.7555264E+001  0.1120336E+002  0.4384564E-001
010101998soil_c_   0.208    01011998       5 -0.4134062E+000 -0.4134062E+000 -0.1559265E-001  0.1234073E+001  0.5052079E+001  0.1009071E+002  0.9950395E+001  0.8798869E+001  0.0000000E+000  0.1076423E+000  0.3173316E-001  0.1453069E-001  0.1047381E-001  0.1291046E-002  0.1249609E-002  0.6443406E+001  0.1090058E+002  0.4769617E-001
010101998soil_c_   0.250    01011998       6 -0.3838586E+000 -0.3838586E+000 -0.1999326E-001  0.1651056E+001  0.5205076E+001  0.1118912E+002  0.1101231E+002  0.9880850E+001  0.0000000E+000  0.1039430E+000  0.2715145E-001  0.1675581E-001  0.1464554E-001  0.3113400E-002  0.1183966E-002  0.5443834E+001  0.1061360E+002  0.5027928E-001
010101998soil_c_   0.292    01011998       7 -0.3636898E+000 -0.3636898E+000 -0.2265065E-001  0.1767986E+001  0.5278718E+001  0.1222253E+002  0.1205817E+002  0.1097079E+002  0.0000000E+000  0.9889455E-001  0.3442394E-001  0.2044801E-001  0.1711847E-001  0.6077881E-002  0.1106720E-002  0.4547760E+001  0.1034180E+002  0.5242071E-001
010101998soil_c_   0.333    01011998       8 -0.3491027E+000 -0.3491027E+000 -0.4023872E-001  0.3685876E+001  0.5521386E+001  0.1324796E+002  0.1310135E+002  0.1203055E+002  0.0000000E+000  0.1158601E+000  0.4506613E-001  0.2723122E-001  0.1943678E-001  0.9088467E-002  0.1112835E-002  0.3746494E+001  0.1008431E+002  0.5448878E-001
010101998soil_c_   0.375    01011998       9 -0.3042691E+000 -0.3042691E+000 -0.6782197E-001  0.5297824E+001  0.7750191E+001  0.1438476E+002  0.1415327E+002  0.1298434E+002  0.0000000E+000  0.5723810E+000  0.4963946E-001  0.3060557E-001  0.2110330E-001  0.1352594E-001  0.1125410E-002  0.3032033E+001  0.9840251E+001  0.5652779E-001
010101998soil_c_   0.417    01011998      10 -0.2534105E+000 -0.2534105E+000 -0.6244166E-001  0.3192986E+001  0.1087776E+002  0.1550886E+002  0.1514098E+002  0.1373654E+002  0.0000000E+000  0.2562364E+001  0.5449289E-001  0.3280885E-001  0.2401655E-001  0.2027954E-001  0.1344490E-002  0.2396760E+001  0.9608880E+001  0.5842874E-001
010101998soil_c_   0.458    01011998      11 -0.2694301E+000 -0.2694301E+000 -0.6025029E-001  0.2890686E+001  0.1325841E+002  0.1658040E+002  0.1606142E+002  0.1444979E+002  0.0000000E+000  0.4511710E+001  0.5535652E-001  0.3553044E-001  0.2457959E-001  0.2476373E-001  0.2894720E-002  0.1832361E+001  0.9389426E+001  0.6015520E-001
010101998soil_c_   0.500    01011998      12 -0.3029094E+000 -0.3029094E+000 -0.6289331E-001  0.3231772E+001  0.1418392E+002  0.1760693E+002  0.1695145E+002  0.1513732E+002  0.0000000E+000  0.7060898E+001  0.6565609E-001  0.4109145E-001  0.2787804E-001  0.2617455E-001  0.5217229E-002  0.1331557E+001  0.9180934E+001  0.6171255E-001
010101998soil_c_   0.542    01011998      13 -0.3400315E+000 -0.3400315E+000 -0.6653797E-001  0.3183913E+001  0.1385399E+002  0.1860119E+002  0.1779408E+002  0.1579581E+002  0.0000000E+000  0.9875587E+001  0.8290102E-001  0.4993502E-001  0.2901315E-001  0.2891036E-001  0.8074270E-002  0.8890144E+000  0.8982548E+001  0.6310438E-001
010101998soil_c_   0.583    01011998      14 -0.3712379E+000 -0.3712379E+000 -0.6906407E-001  0.2982217E+001  0.1270215E+002  0.1962605E+002  0.1859381E+002  0.1642711E+002  0.0000000E+000  0.1188941E+002  0.9489370E-001  0.5896061E-001  0.3175852E-001  0.3319411E-001  0.1100817E-001  0.5032599E+000  0.8793100E+001  0.6448895E-001
010101998soil_c_   0.625    01011998      15 -0.3950352E+000 -0.3950352E+000 -0.7040133E-001  0.3313486E+001  0.1147682E+002  0.2067974E+002  0.1934496E+002  0.1704937E+002  0.0000000E+000  0.1331081E+002  0.1101191E+000  0.7811899E-001  0.3333067E-001  0.3754474E-001  0.1411690E-001  0.1896930E+000  0.8611610E+001  0.6590968E-001
010101998soil_c_   0.667    01011998      16 -0.4251426E+000 -0.4251426E+000 -0.7129702E-001  0.3175817E+001  0.1015888E+002  0.2182487E+002  0.2004639E+002  0.1765874E+002  0.0000000E+000  0.1496617E+002  0.1264522E+000  0.1099439E+000  0.3523342E-001  0.4324217E-001  0.1750493E-001  0.3368298E-001  0.8437435E+001  0.6737846E-001
010101998soil_c_   0.708    01011998      17 -0.4319643E+000 -0.4319643E+000 -0.6965003E-001  0.3125098E+001  0.8361988E+001  0.2310767E+002  0.2072057E+002  0.1823619E+002  0.0000000E+000  0.1647090E+002  0.9869993E-001  0.1306820E+000  0.5332045E-001  0.4653047E-001  0.2139297E-001  0.1697823E-001  0.8270210E+001  0.6896541E-001
010101998soil_c_   0.750    01011998      18 -0.4252163E+000 -0.4252163E+000 -0.6911133E-001  0.3425256E+001  0.6573199E+001  0.2450992E+002  0.2134369E+002  0.1886091E+002  0.0000000E+000  0.1678217E+002  0.6773781E-001  0.2158053E+000  0.7698920E-001  0.5188307E-001  0.2428071E-001  0.1581507E-001  0.8109223E+001  0.7066736E-001
010101998soil_c_   0.792    01011998      19 -0.4219750E+000 -0.4219750E+000 -0.6521111E-001  0.3301321E+001  0.5287167E+001  0.2589113E+002  0.2188995E+002  0.1949035E+002  0.0000000E+000  0.1655774E+002  0.4332305E-001  0.3994747E+000  0.1022705E+000  0.6082707E-001  0.2870803E-001  0.1541474E-001  0.7953755E+001  0.7239158E-001
010101998soil_c_   0.833    01011998      20 -0.3978097E+000 -0.3978097E+000 -0.5616957E-001  0.3178759E+001  0.4470109E+001  0.2713171E+002  0.2236285E+002  0.2009900E+002  0.0000000E+000  0.1593238E+002  0.2782112E-001  0.6726687E+000  0.1309754E+000  0.7293257E-001  0.3598085E-001  0.1511848E-001  0.7803339E+001  0.7399803E-001
010101998soil_c_   0.875    01011998      21 -0.3968318E+000 -0.3968318E+000 -0.4572883E-001  0.2702675E+001  0.4160958E+001  0.2809873E+002  0.2275540E+002  0.2068201E+002  0.0000000E+000  0.1514650E+002  0.1909777E-001  0.1064055E+001  0.1667402E+000  0.8871377E-001  0.4626687E-001  0.1483929E-001  0.7657625E+001  0.7536626E-001
010101998soil_c_   0.917    01011998      22 -0.4049222E+000 -0.4049222E+000 -0.3737013E-001  0.2426915E+001  0.4143910E+001  0.2861866E+002  0.2310778E+002  0.2124467E+002  0.0000000E+000  0.1453206E+002  0.1400963E-001  0.1436430E+001  0.2119947E+000  0.1097380E+000  0.5914646E-001  0.1465204E-001  0.7516215E+001  0.7647312E-001
010101998soil_c_   0.958    01011998      23 -0.3804829E+000 -0.3804829E+000 -0.3014512E-001  0.2148363E+001  0.4295018E+001  0.2893360E+002  0.2343419E+002  0.2178975E+002  0.0000000E+000  0.1401992E+002  0.1102394E-001  0.1788691E+001  0.2766002E+000  0.1344292E+000  0.6994551E-001  0.2095503E-001  0.7378645E+001  0.7737461E-001
010101998soil_c_   1.000    01011998      24 -0.3432904E+000 -0.3432904E+000 -0.2349640E-001  0.1861281E+001  0.4486850E+001  0.2916248E+002  0.2375152E+002  0.2231997E+002  0.0000000E+000  0.1356417E+002  0.8923286E-002  0.2120584E+001  0.3578036E+000  0.1557353E+000  0.8163783E-001  0.4497372E-001  0.7244510E+001  0.7813664E-001
010101998soil_c_   1.042    02011998       1 -0.3063341E+000 -0.3063341E+000 -0.1762099E-001  0.1719835E+001  0.4740471E+001  0.2934653E+002  0.2407338E+002  0.2282710E+002  0.0000000E+000  0.1310764E+002  0.7322983E-002  0.2393386E+001  0.4867630E+000  0.1879950E+000  0.9029463E-001  0.1042613E+000  0.7112992E+001  0.7910354E-001
010101998soil_c_   1.083    02011998       2 -0.2738209E+000 -0.2738209E+000 -0.1307434E-001  0.1673446E+001  0.5014932E+001  0.2950863E+002  0.2440461E+002  0.2330138E+002  0.0000000E+000  0.1263526E+002  0.6323146E-002  0.2584269E+001  0.6692840E+000  0.2240341E+000  0.1000237E+000  0.2323724E+000  0.6981009E+001  0.8160294E-001
010101998soil_c_   1.125    02011998       3 -0.2538965E+000 -0.2538965E+000 -0.9884944E-002  0.1635188E+001  0.5318722E+001  0.2966409E+002  0.2474841E+002  0.2375716E+002  0.0000000E+000  0.1217094E+002  0.4822911E-002  0.2692367E+001  0.8458998E+000  0.2632023E+000  0.1105939E+000  0.4743074E+000  0.6851559E+001  0.8410773E-001
010101998soil_c_   1.167    02011998       4 -0.2593244E+000 -0.2593244E+000 -0.7947479E-002  0.1668801E+001  0.5646343E+001  0.2982446E+002  0.2509978E+002  0.2419451E+002  0.0000000E+000  0.1169948E+002  0.4686133E-002  0.2728548E+001  0.1014232E+001  0.3155871E+000  0.1215874E+000  0.8647106E+000  0.6726562E+001  0.8627427E-001
010101998soil_c_   1.208    02011998       5 -0.2814385E+000 -0.2814385E+000 -0.7440342E-002  0.1800902E+001  0.5967909E+001  0.2999354E+002  0.2545115E+002  0.2461390E+002  0.0000000E+000  0.1129201E+002  0.4136787E-002  0.2716570E+001  0.1164760E+001  0.4303657E+000  0.1338878E+000  0.1427954E+001  0.6606960E+001  0.8813196E-001
010101998soil_c_   1.250    02011998       6 -0.3127021E+000 -0.3127021E+000 -0.7502526E-002  0.1778111E+001  0.6269140E+001  0.3016675E+002  0.2579093E+002  0.2501469E+002  0.0000000E+000  0.1092842E+002  0.4201860E-002  0.2660517E+001  0.1290345E+001  0.5554766E+000  0.1609782E+000  0.2115842E+001  0.6493435E+001  0.8971102E-001
010101998soil_c_   1.292    02011998       7 -0.3358838E+000 -0.3358838E+000 -0.7813103E-002  0.2114390E+001  0.6507439E+001  0.3034435E+002  0.2610928E+002  0.2539491E+002  0.0000000E+000  0.1061988E+002  0.4185001E-002  0.2593709E+001  0.1407740E+001  0.7140675E+000  0.1997655E+000  0.2896515E+001  0.6386230E+001  0.9104798E-001
010101998soil_c_   1.333    02011998       8 -0.3830880E+000 -0.3830880E+000 -0.8689103E-002  0.2788509E+001  0.6700896E+001  0.3052831E+002  0.2640554E+002  0.2575342E+002  0.0000000E+000  0.1048984E+002  0.4818035E-002  0.2553931E+001  0.1533754E+001  0.9106048E+000  0.2564217E+000  0.3669510E+001  0.6285283E+001  0.9216309E-001
010101998soil_c_   1.375    02011998       9 -0.4423152E+000 -0.4423152E+000 -0.9843805E-002  0.2978439E+001  0.6797875E+001  0.3072232E+002  0.2666944E+002  0.2608546E+002  0.0000000E+000  0.1049678E+002  0.5435120E-002  0.2574915E+001  0.1685896E+001  0.1150262E+001  0.3482508E+000  0.4395374E+001  0.6190297E+001  0.9308027E-001
010101998soil_c_   1.417    02011998      10 -0.5083035E+000 -0.5083035E+000 -0.1128894E-001  0.3249779E+001  0.6816942E+001  0.3092770E+002  0.2689416E+002  0.2638434E+002  0.0000000E+000  0.1053211E+002  0.6354441E-002  0.2669139E+001  0.1880268E+001  0.1442830E+001  0.4954323E+000  0.5055939E+001  0.6095171E+001  0.9373818E-001
010101998soil_c_   1.458    02011998      11 -0.5915762E+000 -0.5915762E+000 -0.1320195E-001  0.3537710E+001  0.6737610E+001  0.3114299E+002  0.2707723E+002  0.2664860E+002  0.0000000E+000  0.1064816E+002  0.7284272E-002  0.2843677E+001  0.2123593E+001  0.1780151E+001  0.8192682E+000  0.5618820E+001  0.5992383E+001  0.9239958E-001
010101998soil_c_   1.500    02011998      12 -0.7053041E+000 -0.7053041E+000 -0.1474734E-001  0.3472558E+001  0.6617640E+001  0.3136269E+002  0.2720892E+002  0.2687344E+002  0.0000000E+000  0.1075634E+002  0.8424346E-002  0.3090809E+001  0.2414653E+001  0.2150149E+001  0.1183384E+001  0.6085121E+001  0.5901146E+001  0.9030642E-001
010101998soil_c_   1.542    02011998      13 -0.8292486E+000 -0.8292486E+000 -0.1580289E-001  0.4175861E+001  0.6497035E+001  0.3159211E+002  0.2727736E+002  0.2705230E+002  0.0000000E+000  0.1083501E+002  0.9448732E-002  0.3397418E+001  0.2747936E+001  0.2544693E+001  0.1591902E+001  0.6481200E+001  0.5817899E+001  0.8822853E-001
010101998soil_c_   1.583    02011998      14 -0.9557561E+000 -0.9557561E+000 -0.1631365E-001  0.4608998E+001  0.6400106E+001  0.3183725E+002  0.2727813E+002  0.2718055E+002  0.0000000E+000  0.1097098E+002  0.1085341E-001  0.3756708E+001  0.3118590E+001  0.2958606E+001  0.2036964E+001  0.6829151E+001  0.5742041E+001  0.8622222E-001
010101998soil_c_   1.625    02011998      15 -0.1090355E+001 -0.1090355E+001 -0.1637739E-001  0.4914713E+001  0.6400035E+001  0.3209002E+002  0.2720695E+002  0.2725438E+002  0.0000000E+000  0.1104490E+002  0.1182930E-001  0.4162010E+001  0.3523456E+001  0.3390051E+001  0.2506320E+001  0.7148674E+001  0.5673359E+001  0.8429042E-001
010101998soil_c_   1.667    02011998      16 -0.1214834E+001 -0.1214834E+001 -0.1601493E-001  0.5057004E+001  0.6438998E+001  0.3233294E+002  0.2706586E+002  0.2727296E+002  0.0000000E+000  0.1109264E+002  0.1342772E-001  0.4601329E+001  0.3956967E+001  0.3835835E+001  0.2988529E+001  0.7451941E+001  0.5613272E+001  0.8244779E-001
010101998soil_c_   1.708    02011998      17 -0.1339066E+001 -0.1339066E+001 -0.1539833E-001  0.5221876E+001  0.6596784E+001  0.3256396E+002  0.2685692E+002  0.2723748E+002  0.0000000E+000  0.1107538E+002  0.1541876E-001  0.5059807E+001  0.4407521E+001  0.4290030E+001  0.3477520E+001  0.7749726E+001  0.5564109E+001  0.8070712E-001
010101998soil_c_   1.750    02011998      18 -0.1453580E+001 -0.1453580E+001 -0.1456218E-001  0.5323987E+001  0.6766278E+001  0.3278706E+002  0.2658357E+002  0.2714913E+002  0.0000000E+000  0.1105287E+002  0.1769325E-001  0.5525528E+001  0.4866491E+001  0.4749136E+001  0.3968560E+001  0.8049545E+001  0.5527218E+001  0.7900467E-001
010101998soil_c_   1.792    02011998      19 -0.1560849E+001 -0.1560849E+001 -0.1368997E-001  0.5334607E+001  0.6993396E+001  0.3300063E+002  0.2625479E+002  0.2701090E+002  0.0000000E+000  0.1102909E+002  0.2023190E-001  0.5987724E+001  0.5326982E+001  0.5209303E+001  0.4458049E+001  0.8352883E+001  0.5504024E+001  0.7735665E-001
010101998soil_c_   1.833    02011998      20 -0.1661414E+001 -0.1661414E+001 -0.1282185E-001  0.5264197E+001  0.7242480E+001  0.3320479E+002  0.2587544E+002  0.2682736E+002  0.0000000E+000  0.1099103E+002  0.2321443E-001  0.6438067E+001  0.5781689E+001  0.5665739E+001  0.4943517E+001  0.8657478E+001  0.5495548E+001  0.7585148E-001
010101998soil_c_   1.875    02011998      21 -0.1749495E+001 -0.1749495E+001 -0.1198404E-001  0.5053391E+001  0.7463776E+001  0.3339953E+002  0.2545430E+002  0.2660453E+002  0.0000000E+000  0.1095917E+002  0.2632599E-001  0.6863926E+001  0.6222013E+001  0.6112862E+001  0.5420640E+001  0.8959799E+001  0.5502630E+001  0.7450878E-001
010101998soil_c_   1.917    02011998      22 -0.1833985E+001 -0.1833985E+001 -0.1124953E-001  0.4917492E+001  0.7752939E+001  0.3357936E+002  0.2499565E+002  0.2634590E+002  0.0000000E+000  0.1086159E+002  0.3010903E-001  0.7253644E+001  0.6638010E+001  0.6542721E+001  0.5882551E+001  0.9252015E+001  0.5527447E+001  0.7335480E-001
010101998soil_c_   1.958    02011998      23 -0.1909396E+001 -0.1909396E+001 -0.1057717E-001  0.4919552E+001  0.8004290E+001  0.3374603E+002  0.2450346E+002  0.2605289E+002  0.0000000E+000  0.1079498E+002  0.3434458E-001  0.7607764E+001  0.7023001E+001  0.6943625E+001  0.6322804E+001  0.9529270E+001  0.5571447E+001  0.7241914E-001
010101998soil_c_   2.000    02011998      24 -0.1974931E+001 -0.1974931E+001 -0.9979674E-002  0.4807974E+001  0.8211855E+001  0.3389789E+002  0.2398731E+002  0.2572916E+002  0.0000000E+000  0.1075962E+002  0.3906111E-001  0.7927946E+001  0.7375844E+001  0.7313391E+001  0.6736866E+001  0.9787971E+001  0.5635723E+001  0.7172707E-001
010101998soil_c_   2.042    03011998       1 -0.2039042E+001 -0.2039042E+001 -0.9469983E-002  0.4677439E+001  0.8495376E+001  0.3402805E+002  0.2345067E+002  0.2537883E+002  0.0000000E+000  0.1068455E+002  0.4474238E-001  0.8216200E+001  0.7695514E+001  0.7651314E+001  0.7119088E+001  0.1002518E+002  0.5721234E+001  0.7130269E-001
010101998soil_c_   2.083    03011998       2 -0.2094831E+001 -0.2094831E+001 -0.8958972E-002  0.4618182E+001  0.8727974E+001  0.3413734E+002  0.2289787E+002  0.2500498E+002  0.0000000E+000  0.1062890E+002  0.5131146E-001  0.8475356E+001  0.7982921E+001  0.7958688E+001  0.7467249E+001  0.1024004E+002  0.5828557E+001  0.7117236E-001
010101998soil_c_   2.125    03011998       3 -0.2142836E+001 -0.2142836E+001 -0.8418216E-002  0.4662549E+001  0.8910271E+001  0.3422274E+002  0.2233847E+002  0.2461178E+002  0.0000000E+000  0.1060906E+002  0.5895866E-001  0.8707749E+001  0.8241870E+001  0.8236338E+001  0.7782038E+001  0.1043207E+002  0.5957821E+001  0.7136286E-001
010101998soil_c_   2.167    03011998       4 -0.2189564E+001 -0.2189564E+001 -0.7847399E-002  0.4530188E+001  0.9140075E+001  0.3427602E+002  0.2177646E+002  0.2420300E+002  0.0000000E+000  0.1057395E+002  0.6942032E-001  0.8920127E+001  0.8477276E+001  0.8486848E+001  0.8068329E+001  0.1060032E+002  0.6109042E+001  0.7189435E-001
010101998soil_c_   2.208    03011998       5 -0.2234839E+001 -0.2234839E+001 -0.7186890E-002  0.4412508E+001  0.9363296E+001  0.3428883E+002  0.2121266E+002  0.2378131E+002  0.0000000E+000  0.1052395E+002  0.8129296E-001  0.9112597E+001  0.8689536E+001  0.8711829E+001  0.8326621E+001  0.1074632E+002  0.6281627E+001  0.7278758E-001
010101998soil_c_   2.250    03011998       6 -0.2271730E+001 -0.2271730E+001 -0.6377472E-002  0.4419177E+001  0.9527056E+001  0.3426386E+002  0.2065351E+002  0.2335038E+002  0.0000000E+000  0.1050071E+002  0.9639251E-001  0.9284449E+001  0.8879190E+001  0.8912532E+001  0.8557443E+001  0.1087246E+002  0.6474450E+001  0.7406001E-001
010101998soil_c_   2.292    03011998       7 -0.2303752E+001 -0.2303752E+001 -0.5427095E-002  0.4368617E+001  0.9641305E+001  0.3419703E+002  0.2010392E+002  0.2291339E+002  0.0000000E+000  0.1049788E+002  0.1167042E+000  0.9438293E+001  0.9049362E+001  0.9092300E+001  0.8762595E+001  0.1098136E+002  0.6685787E+001  0.7572775E-001
010101998soil_c_   2.333    03011998       8 -0.2338828E+001 -0.2338828E+001 -0.4336772E-002  0.4463008E+001  0.9848499E+001  0.3406215E+002  0.1956547E+002  0.2247242E+002  0.0000000E+000  0.1046281E+002  0.1510251E+000  0.9577633E+001  0.9203497E+001  0.9254949E+001  0.8944773E+001  0.1107471E+002  0.6913507E+001  0.7779863E-001
010101998soil_c_   2.375    03011998       9 -0.2363612E+001 -0.2363612E+001 -0.3038859E-002  0.4137113E+001  0.9981137E+001  0.3385281E+002  0.1903768E+002  0.2202985E+002  0.0000000E+000  0.1038702E+002  0.2032599E+000  0.9713162E+001  0.9346842E+001  0.9403319E+001  0.9108958E+001  0.1115375E+002  0.7155327E+001  0.8028528E-001
010101998soil_c_   2.417    03011998      10 -0.2347539E+001 -0.2347539E+001 -0.1623497E-002  0.3925957E+001  0.1024338E+002  0.3355147E+002  0.1853297E+002  0.2159099E+002  0.0000000E+000  0.9898565E+001  0.3258073E+000  0.9830408E+001  0.9477251E+001  0.9539173E+001  0.9262025E+001  0.1121327E+002  0.7409036E+001  0.8318903E-001
010101998soil_c_   2.458    03011998      11 -0.2314744E+001 -0.2314744E+001 -0.9973655E-003  0.3794178E+001  0.1095301E+002  0.3309148E+002  0.1807383E+002  0.2116983E+002  0.0000000E+000  0.9009466E+001  0.6085243E+000  0.9929600E+001  0.9596155E+001  0.9666295E+001  0.9407251E+001  0.1125963E+002  0.7672904E+001  0.8650723E-001
010101998soil_c_   2.500    03011998      12 -0.2268768E+001 -0.2268768E+001 -0.7451341E-003  0.3703901E+001  0.1201759E+002  0.3241606E+002  0.1767496E+002  0.2077867E+002  0.0000000E+000  0.7826548E+001  0.1159884E+001  0.1001534E+002  0.9701571E+001  0.9781552E+001  0.9538017E+001  0.1129231E+002  0.7944036E+001  0.9024669E-001
010101998soil_c_   2.542    03011998      13 -0.2240955E+001 -0.2240955E+001 -0.6004362E-003  0.3755465E+001  0.1336954E+002  0.3149608E+002  0.1733944E+002  0.2042504E+002  0.0000000E+000  0.6537968E+001  0.2018806E+001  0.1009596E+002  0.9792707E+001  0.9880302E+001  0.9648705E+001  0.1131396E+002  0.8218076E+001  0.9440354E-001
010101998soil_c_   2.583    03011998      14 -0.2245919E+001 -0.2245919E+001 -0.5204260E-003  0.3783147E+001  0.1476109E+002  0.3031055E+002  0.1705406E+002  0.2010752E+002  0.0000000E+000  0.5391105E+001  0.3125219E+001  0.1018281E+002  0.9872840E+001  0.9962264E+001  0.9737267E+001  0.1132557E+002  0.8490666E+001  0.9896729E-001
010101998soil_c_   2.625    03011998      15 -0.2284250E+001 -0.2284250E+001 -0.4753438E-003  0.3798268E+001  0.1612367E+002  0.2892519E+002  0.1679445E+002  0.1981314E+002  0.0000000E+000  0.4546113E+001  0.4288837E+001  0.1028079E+002  0.9951088E+001  0.1003124E+002  0.9802828E+001  0.1133107E+002  0.8757864E+001  0.1039263E+000
010101998soil_c_   2.667    03011998      16 -0.2327735E+001 -0.2327735E+001 -0.4329961E-003  0.3815990E+001  0.1724481E+002  0.2740130E+002  0.1653252E+002  0.1952771E+002  0.0000000E+000  0.4033936E+001  0.5421031E+001  0.1039278E+002  0.1003187E+002  0.1008990E+002  0.9853728E+001  0.1133407E+002  0.9016195E+001  0.1092497E+000
010101998soil_c_   2.708    03011998      17 -0.2387266E+001 -0.2387266E+001 -0.3419436E-003  0.4027127E+001  0.1813548E+002  0.2583390E+002  0.1625772E+002  0.1924602E+002  0.0000000E+000  0.3855797E+001  0.6449372E+001  0.1051464E+002  0.1011600E+002  0.1014382E+002  0.9896739E+001  0.1134153E+002  0.9262352E+001  0.1149190E+000
010101998soil_c_   2.750    03011998      18 -0.2469462E+001 -0.2469462E+001 -0.2492185E-003  0.4117775E+001  0.1881905E+002  0.2421281E+002  0.1594677E+002  0.1895470E+002  0.0000000E+000  0.4160192E+001  0.7367567E+001  0.1064806E+002  0.1020460E+002  0.1019576E+002  0.9932671E+001  0.1135765E+002  0.9495290E+001  0.1208957E+000
010101998soil_c_   2.792    03011998      19 -0.2541750E+001 -0.2541750E+001 -0.1862691E-003  0.4150706E+001  0.1903641E+002  0.2263848E+002  0.1559325E+002  0.1864211E+002  0.0000000E+000  0.4777215E+001  0.8090502E+001  0.1077936E+002  0.1029581E+002  0.1024663E+002  0.9964914E+001  0.1138196E+002  0.9713845E+001  0.1271557E+000
010101998soil_c_   2.833    03011998      20 -0.2581084E+001 -0.2581084E+001 -0.1318528E-003  0.4109695E+001  0.1886920E+002  0.2109203E+002  0.1519810E+002  0.1830260E+002  0.0000000E+000  0.5634718E+001  0.8674648E+001  0.1089513E+002  0.1038772E+002  0.1030511E+002  0.1000519E+002  0.1141480E+002  0.9918238E+001  0.1336705E+000
010101998soil_c_   2.875    03011998      21 -0.2579556E+001 -0.2579556E+001 -0.8826964E-004  0.4005965E+001  0.1849821E+002  0.1957894E+002  0.1478858E+002  0.1794961E+002  0.0000000E+000  0.6277941E+001  0.9179811E+001  0.1099498E+002  0.1047578E+002  0.1037371E+002  0.1006061E+002  0.1145598E+002  0.1010892E+002  0.1404057E+000
010101998soil_c_   2.917    03011998      22 -0.2573718E+001 -0.2573718E+001 -0.5844688E-004  0.3983082E+001  0.1801939E+002  0.1811953E+002  0.1438190E+002  0.1759295E+002  0.0000000E+000  0.6715349E+001  0.9613254E+001  0.1108537E+002  0.1055735E+002  0.1044497E+002  0.1012779E+002  0.1150016E+002  0.1028849E+002  0.1473407E+000
010101998soil_c_   2.958    03011998      23 -0.2557163E+001 -0.2557163E+001 -0.3635339E-004  0.4007223E+001  0.1751395E+002  0.1676084E+002  0.1398757E+002  0.1723660E+002  0.0000000E+000  0.6988857E+001  0.9973359E+001  0.1117174E+002  0.1063809E+002  0.1051484E+002  0.1020072E+002  0.1154782E+002  0.1045853E+002  0.1544511E+000
010101998soil_c_   3.000    03011998      24 -0.2553201E+001 -0.2553201E+001 -0.1841740E-004  0.4072680E+001  0.1701087E+002  0.1551545E+002  0.1360833E+002  0.1688046E+002  0.0000000E+000  0.7232512E+001  0.1028298E+002  0.1125495E+002  0.1071964E+002  0.1058667E+002  0.1027458E+002  0.1160268E+002  0.1061951E+002  0.1606937E+000
010101998soil_c_   3.042    04011998       1 -0.2559403E+001 -0.2559403E+001 -0.4722495E-005  0.3962922E+001  0.1644749E+002  0.1436278E+002  0.1323819E+002  0.1652366E+002  0.0000000E+000  0.7527634E+001  0.1056439E+002  0.1133269E+002  0.1080454E+002  0.1066442E+002  0.1035465E+002  0.1166156E+002  0.1077390E+002  0.1649886E+000
010101998soil_c_   3.083    04011998       2 -0.2562699E+001 -0.2562699E+001  0.1204330E-004  0.4325719E+001  0.1585772E+002  0.1330398E+002  0.1287258E+002  0.1616623E+002  0.0000000E+000  0.7890910E+001  0.1083159E+002  0.1141454E+002  0.1088990E+002  0.1074442E+002  0.1043675E+002  0.1172144E+002  0.1092127E+002  0.1687032E+000
010101998soil_c_   3.125    04011998       3 -0.2561397E+001 -0.2561397E+001  0.2805739E-004  0.4757515E+001  0.1526458E+002  0.1232596E+002  0.1250747E+002  0.1581119E+002  0.0000000E+000  0.8309521E+001  0.1113234E+002  0.1152734E+002  0.1098407E+002  0.1083155E+002  0.1051947E+002  0.1178899E+002  0.1106072E+002  0.1718412E+000
010101998soil_c_   3.167    04011998       4 -0.2583425E+001 -0.2583425E+001  0.4163854E-004  0.5016620E+001  0.1448641E+002  0.1145691E+002  0.1213940E+002  0.1545458E+002  0.0000000E+000  0.8968544E+001  0.1143719E+002  0.1168752E+002  0.1110430E+002  0.1093343E+002  0.1061057E+002  0.1186055E+002  0.1119181E+002  0.1743961E+000
010101998soil_c_   3.208    04011998       5 -0.2581816E+001 -0.2581816E+001  0.5253301E-004  0.5051283E+001  0.1355978E+002  0.1066379E+002  0.1176695E+002  0.1508989E+002  0.0000000E+000  0.9676744E+001  0.1175973E+002  0.1186914E+002  0.1125322E+002  0.1105448E+002  0.1072008E+002  0.1193963E+002  0.1132159E+002  0.1721204E+000
010101998soil_c_   3.250    04011998       6 -0.2542938E+001 -0.2542938E+001  0.6098913E-004  0.4891868E+001  0.1268457E+002  0.9953909E+001  0.1140654E+002  0.1472436E+002  0.0000000E+000  0.1020118E+002  0.1207144E+002  0.1205063E+002  0.1141223E+002  0.1118435E+002  0.1084264E+002  0.1202435E+002  0.1145899E+002  0.1701512E+000
010101998soil_c_   3.292    04011998       7 -0.2459801E+001 -0.2459801E+001  0.6854170E-004  0.4527346E+001  0.1195660E+002  0.9339339E+001  0.1106835E+002  0.1436289E+002  0.0000000E+000  0.1059371E+002  0.1233193E+002  0.1220312E+002  0.1156021E+002  0.1131553E+002  0.1096916E+002  0.1211047E+002  0.1160815E+002  0.1691324E+000
010101998soil_c_   3.333    04011998       8 -0.2436547E+001 -0.2436547E+001  0.7623563E-004  0.4325746E+001  0.1121467E+002  0.8861462E+001  0.1074985E+002  0.1400899E+002  0.0000000E+000  0.1096913E+002  0.1247356E+002  0.1231369E+002  0.1169012E+002  0.1144247E+002  0.1109515E+002  0.1220634E+002  0.1176275E+002  0.1688130E+000
010101998soil_c_   3.375    04011998       9 -0.2429948E+001 -0.2429948E+001  0.8153461E-004  0.4020032E+001  0.1041620E+002  0.8461344E+001  0.1044882E+002  0.1366343E+002  0.0000000E+000  0.1129209E+002  0.1253431E+002  0.1237099E+002  0.1179577E+002  0.1156392E+002  0.1122155E+002  0.1230639E+002  0.1191580E+002  0.1691783E+000
010101998soil_c_   3.417    04011998      10 -0.2411378E+001 -0.2411378E+001  0.8552685E-004  0.3721943E+001  0.9691818E+001  0.8101446E+001  0.1015966E+002  0.1333064E+002  0.0000000E+000  0.1146979E+002  0.1258270E+002  0.1240636E+002  0.1187120E+002  0.1166934E+002  0.1134163E+002  0.1240400E+002  0.1206359E+002  0.1703263E+000
010101998soil_c_   3.458    04011998      11 -0.2399413E+001 -0.2399413E+001  0.9143768E-004  0.3647126E+001  0.9074408E+001  0.7778300E+001  0.9882202E+001  0.1301399E+002  0.0000000E+000  0.1156646E+002  0.1261941E+002  0.1243106E+002  0.1191805E+002  0.1175172E+002  0.1144957E+002  0.1249589E+002  0.1220645E+002  0.1698279E+000
010101998soil_c_   3.500    04011998      12 -0.2387944E+001 -0.2387944E+001  0.9898352E-004  0.3789580E+001  0.8535978E+001  0.7492661E+001  0.9612476E+001  0.1270700E+002  0.0000000E+000  0.1167591E+002  0.1266415E+002  0.1246764E+002  0.1196130E+002  0.1181918E+002  0.1154938E+002  0.1257625E+002  0.1234446E+002  0.1703587E+000
010101998soil_c_   3.542    04011998      13 -0.2373285E+001 -0.2373285E+001  0.1038011E-003  0.3680684E+001  0.8062398E+001  0.7232497E+001  0.9353121E+001  0.1240641E+002  0.0000000E+000  0.1180551E+002  0.1272548E+002  0.1252004E+002  0.1201651E+002  0.1188405E+002  0.1163665E+002  0.1264624E+002  0.1247638E+002  0.1727389E+000
010101998soil_c_   3.583    04011998      14 -0.2358619E+001 -0.2358619E+001  0.1092684E-003  0.3626419E+001  0.7641649E+001  0.6995199E+001  0.9104207E+001  0.1211262E+002  0.0000000E+000  0.1192408E+002  0.1277388E+002  0.1256754E+002  0.1207334E+002  0.1194797E+002  0.1171399E+002  0.1270841E+002  0.1260192E+002  0.1773549E+000
010101998soil_c_   3.625    04011998      15 -0.2355048E+001 -0.2355048E+001  0.1157432E-003  0.3670870E+001  0.7223190E+001  0.6782472E+001  0.8863983E+001  0.1182556E+002  0.0000000E+000  0.1210905E+002  0.1280781E+002  0.1261769E+002  0.1213103E+002  0.1200924E+002  0.1178444E+002  0.1276384E+002  0.1272026E+002  0.1846207E+000
010101998soil_c_   3.667    04011998      16 -0.2353299E+001 -0.2353299E+001  0.1217285E-003  0.3683190E+001  0.6720491E+001  0.6572120E+001  0.8625096E+001  0.1154448E+002  0.0000000E+000  0.1239921E+002  0.1285183E+002  0.1267176E+002  0.1219169E+002  0.1207164E+002  0.1185228E+002  0.1281515E+002  0.1283075E+002  0.1949094E+000
010101998soil_c_   3.708    04011998      17 -0.2341990E+001 -0.2341990E+001  0.1285952E-003  0.3803278E+001  0.6196817E+001  0.6354826E+001  0.8388885E+001  0.1127031E+002  0.0000000E+000  0.1268327E+002  0.1292556E+002  0.1273220E+002  0.1225183E+002  0.1213531E+002  0.1192017E+002  0.1286469E+002  0.1293306E+002  0.2086176E+000
010101998soil_c_   3.750    04011998      18 -0.2306462E+001 -0.2306462E+001  0.1317041E-003  0.3665316E+001  0.5747375E+001  0.6147870E+001  0.8159019E+001  0.1100137E+002  0.0000000E+000  0.1288358E+002  0.1300900E+002  0.1280470E+002  0.1231988E+002  0.1220133E+002  0.1198997E+002  0.1291653E+002  0.1302708E+002  0.2261648E+000
010101998soil_c_   3.792    04011998      19 -0.2281834E+001 -0.2281834E+001  0.1361346E-003  0.3637982E+001  0.5382613E+001  0.5966390E+001  0.7941393E+001  0.1073815E+002  0.0000000E+000  0.1303037E+002  0.1306096E+002  0.1286793E+002  0.1238721E+002  0.1226614E+002  0.1206184E+002  0.1297056E+002  0.1311451E+002  0.2464179E+000
010101998soil_c_   3.833    04011998      20 -0.2266992E+001 -0.2266992E+001  0.1403253E-003  0.3611664E+001  0.4995259E+001  0.5803461E+001  0.7733556E+001  0.1048159E+002  0.0000000E+000  0.1325173E+002  0.1310659E+002  0.1293169E+002  0.1245788E+002  0.1233405E+002  0.1213187E+002  0.1302192E+002  0.1319615E+002  0.2712581E+000
010101998soil_c_   3.875    04011998      21 -0.2249001E+001 -0.2249001E+001  0.1436562E-003  0.3538465E+001  0.4613099E+001  0.5643312E+001  0.7534266E+001  0.1023161E+002  0.0000000E+000  0.1345429E+002  0.1315833E+002  0.1298988E+002  0.1252698E+002  0.1240194E+002  0.1220012E+002  0.1306909E+002  0.1327078E+002  0.3017661E+000
010101998soil_c_   3.917    04011998      22 -0.2218214E+001 -0.2218214E+001  0.1465801E-003  0.3520947E+001  0.4292081E+001  0.5487733E+001  0.7346002E+001  0.9989834E+001  0.0000000E+000  0.1358788E+002  0.1321665E+002  0.1304700E+002  0.1259302E+002  0.1246721E+002  0.1226558E+002  0.1311419E+002  0.1333766E+002  0.3384801E+000
010101998soil_c_   3.958    04011998      23 -0.2194473E+001 -0.2194473E+001  0.1491923E-003  0.3426021E+001  0.3990808E+001  0.5345553E+001  0.7170289E+001  0.9758176E+001  0.0000000E+000  0.1373798E+002  0.1324836E+002  0.1309880E+002  0.1265537E+002  0.1252916E+002  0.1232760E+002  0.1315603E+002  0.1339607E+002  0.3818563E+000
010101998soil_c_   4.000    04011998      24 -0.2173295E+001 -0.2173295E+001  0.1516852E-003  0.3343624E+001  0.3703087E+001  0.5206634E+001  0.7002948E+001  0.9535919E+001  0.0000000E+000  0.1387779E+002  0.1327963E+002  0.1314205E+002  0.1271107E+002  0.1258665E+002  0.1238659E+002  0.1319451E+002  0.1344593E+002  0.4323354E+000
010101998soil_c_   4.042    05011998       1 -0.2148195E+001 -0.2148195E+001  0.1540496E-003  0.3292245E+001  0.3451602E+001  0.5064793E+001  0.6840647E+001  0.9323647E+001  0.0000000E+000  0.1398799E+002  0.1331781E+002  0.1318093E+002  0.1275851E+002  0.1263979E+002  0.1244269E+002  0.1323077E+002  0.1348754E+002  0.4903328E+000
010101998soil_c_   4.083    05011998       2 -0.2120958E+001 -0.2120958E+001  0.1578481E-003  0.3397113E+001  0.3232697E+001  0.4938054E+001  0.6685631E+001  0.9118902E+001  0.0000000E+000  0.1411166E+002  0.1335116E+002  0.1322365E+002  0.1280494E+002  0.1268741E+002  0.1249212E+002  0.1326723E+002  0.1352122E+002  0.5562251E+000
010101998soil_c_   4.125    05011998       3 -0.2097050E+001 -0.2097050E+001  0.1598071E-003  0.3292728E+001  0.3034197E+001  0.4815924E+001  0.6538324E+001  0.8922461E+001  0.0000000E+000  0.1422748E+002  0.1338988E+002  0.1327134E+002  0.1285588E+002  0.1273668E+002  0.1254284E+002  0.1329898E+002  0.1354768E+002  0.6302682E+000
010101998soil_c_   4.167    05011998       4 -0.2073085E+001 -0.2073085E+001  0.1612548E-003  0.3160954E+001  0.2858156E+001  0.4699392E+001  0.6394881E+001  0.8734443E+001  0.0000000E+000  0.1431792E+002  0.1342110E+002  0.1330796E+002  0.1290344E+002  0.1278476E+002  0.1259273E+002  0.1332697E+002  0.1356728E+002  0.7128394E+000
010101998soil_c_   4.208    05011998       5 -0.2045537E+001 -0.2045537E+001  0.1615367E-003  0.2930326E+001  0.2706016E+001  0.4599556E+001  0.6258751E+001  0.8554842E+001  0.0000000E+000  0.1437507E+002  0.1342347E+002  0.1332798E+002  0.1294023E+002  0.1282593E+002  0.1263705E+002  0.1335086E+002  0.1358065E+002  0.8036082E+000
010101998soil_c_   4.250    05011998       6 -0.2023687E+001 -0.2023687E+001  0.1607147E-003  0.2617229E+001  0.2570550E+001  0.4510354E+001  0.6134660E+001  0.8383457E+001  0.0000000E+000  0.1438384E+002  0.1340417E+002  0.1332643E+002  0.1295825E+002  0.1285464E+002  0.1267276E+002  0.1336956E+002  0.1358879E+002  0.9029390E+000
010101998soil_c_   4.292    05011998       7 -0.2010132E+001 -0.2010132E+001  0.1639500E-003  0.2594711E+001  0.2459605E+001  0.4434322E+001  0.6019570E+001  0.8220594E+001  0.0000000E+000  0.1435770E+002  0.1336217E+002  0.1328907E+002  0.1294957E+002  0.1286426E+002  0.1269492E+002  0.1337954E+002  0.1359067E+002  0.1011713E+001
010101998soil_c_   4.333    05011998       8 -0.1987000E+001 -0.1987000E+001  0.1724963E-003  0.2748180E+001  0.2396158E+001  0.4366564E+001  0.5913534E+001  0.8067286E+001  0.0000000E+000  0.1433724E+002  0.1333084E+002  0.1325682E+002  0.1293372E+002  0.1286122E+002  0.1270354E+002  0.1337988E+002  0.1358595E+002  0.1130033E+001
010101998soil_c_   4.375    05011998       9 -0.1965844E+001 -0.1965844E+001  0.1612040E-003  0.2526940E+001  0.2355563E+001  0.4305097E+001  0.5817575E+001  0.7922925E+001  0.0000000E+000  0.1427584E+002  0.1327885E+002  0.1322007E+002  0.1291653E+002  0.1285610E+002  0.1270579E+002  0.1337518E+002  0.1357480E+002  0.1257847E+001
010101998soil_c_   4.417    05011998      10 -0.1951155E+001 -0.1951155E+001  0.1640375E-003  0.2766984E+001  0.2327595E+001  0.4252882E+001  0.5730696E+001  0.7786766E+001  0.0000000E+000  0.1421255E+002  0.1320787E+002  0.1316471E+002  0.1288643E+002  0.1284113E+002  0.1269890E+002  0.1336495E+002  0.1355777E+002  0.1395107E+001
010101998soil_c_   4.458    05011998      11 -0.1917998E+001 -0.1917998E+001  0.1588038E-003  0.3206678E+001  0.2320363E+001  0.4215493E+001  0.5655545E+001  0.7660488E+001  0.0000000E+000  0.1417733E+002  0.1315989E+002  0.1312379E+002  0.1285950E+002  0.1282091E+002  0.1268891E+002  0.1334994E+002  0.1353546E+002  0.1541667E+001
010101998soil_c_   4.500    05011998      12 -0.1898957E+001 -0.1898957E+001  0.1676351E-003  0.3184480E+001  0.2352173E+001  0.4198170E+001  0.5598891E+001  0.7549230E+001  0.0000000E+000  0.1417303E+002  0.1313749E+002  0.1309634E+002  0.1283964E+002  0.1280498E+002  0.1268082E+002  0.1333127E+002  0.1350824E+002  0.1697297E+001
010101998soil_c_   4.542    05011998      13 -0.1895765E+001 -0.1895765E+001  0.1684422E-003  0.3068523E+001  0.2382110E+001  0.4188140E+001  0.5556349E+001  0.7453427E+001  0.0000000E+000  0.1415093E+002  0.1312586E+002  0.1307818E+002  0.1282437E+002  0.1279332E+002  0.1267439E+002  0.1331170E+002  0.1347662E+002  0.1861699E+001
010101998soil_c_   4.583    05011998      14 -0.1900222E+001 -0.1900222E+001  0.1702438E-003  0.3135380E+001  0.2389663E+001  0.4176273E+001  0.5518456E+001  0.7367826E+001  0.0000000E+000  0.1415175E+002  0.1312312E+002  0.1306931E+002  0.1281544E+002  0.1278575E+002  0.1266963E+002  0.1329254E+002  0.1344130E+002  0.2034519E+001
010101998soil_c_   4.625    05011998      15 -0.1897089E+001 -0.1897089E+001  0.1716036E-003  0.3171380E+001  0.2391168E+001  0.4161465E+001  0.5481177E+001  0.7288737E+001  0.0000000E+000  0.1415532E+002  0.1312644E+002  0.1306915E+002  0.1281374E+002  0.1278327E+002  0.1266765E+002  0.1327499E+002  0.1340300E+002  0.2215305E+001
010101998soil_c_   4.667    05011998      16 -0.1898073E+001 -0.1898073E+001  0.1722739E-003  0.3133362E+001  0.2391137E+001  0.4145347E+001  0.5444120E+001  0.7214489E+001  0.0000000E+000  0.1415615E+002  0.1312863E+002  0.1307096E+002  0.1281513E+002  0.1278371E+002  0.1266777E+002  0.1325962E+002  0.1336236E+002  0.2403655E+001
010101998soil_c_   4.708    05011998      17 -0.1895797E+001 -0.1895797E+001  0.1761176E-003  0.3401998E+001  0.2386934E+001  0.4126837E+001  0.5406244E+001  0.7143410E+001  0.0000000E+000  0.1418405E+002  0.1314475E+002  0.1308062E+002  0.1282030E+002  0.1278758E+002  0.1266951E+002  0.1324634E+002  0.1332035E+002  0.2598832E+001
010101998soil_c_   4.750    05011998      18 -0.1900722E+001 -0.1900722E+001  0.1762358E-003  0.3308297E+001  0.2381915E+001  0.4107905E+001  0.5368474E+001  0.7073716E+001  0.0000000E+000  0.1421296E+002  0.1317801E+002  0.1310951E+002  0.1284270E+002  0.1280274E+002  0.1267632E+002  0.1323629E+002  0.1327795E+002  0.2800399E+001
010101998soil_c_   4.792    05011998      19 -0.1903114E+001 -0.1903114E+001  0.1766842E-003  0.3204693E+001  0.2368507E+001  0.4085227E+001  0.5329206E+001  0.7004951E+001  0.0000000E+000  0.1421705E+002  0.1319093E+002  0.1312738E+002  0.1286434E+002  0.1282072E+002  0.1268632E+002  0.1322935E+002  0.1323497E+002  0.3008164E+001
010101998soil_c_   4.833    05011998      20 -0.1903672E+001 -0.1903672E+001  0.1777940E-003  0.3188234E+001  0.2353390E+001  0.4059625E+001  0.5287199E+001  0.6936124E+001  0.0000000E+000  0.1421282E+002  0.1319133E+002  0.1313453E+002  0.1287835E+002  0.1283299E+002  0.1269511E+002  0.1322249E+002  0.1319170E+002  0.3221567E+001
010101998soil_c_   4.875    05011998      21 -0.1917605E+001 -0.1917605E+001  0.1791690E-003  0.3192944E+001  0.2341407E+001  0.4027370E+001  0.5243323E+001  0.6867791E+001  0.0000000E+000  0.1421124E+002  0.1320214E+002  0.1314137E+002  0.1288874E+002  0.1283974E+002  0.1270082E+002  0.1321398E+002  0.1314836E+002  0.3439979E+001
010101998soil_c_   4.917    05011998      22 -0.1923101E+001 -0.1923101E+001  0.1812545E-003  0.3247672E+001  0.2319193E+001  0.3983129E+001  0.5195490E+001  0.6799537E+001  0.0000000E+000  0.1422406E+002  0.1322684E+002  0.1315521E+002  0.1290087E+002  0.1284667E+002  0.1270862E+002  0.1320636E+002  0.1310563E+002  0.3662797E+001
010101998soil_c_   4.958    05011998      23 -0.1926493E+001 -0.1926493E+001  0.1828166E-003  0.3260985E+001  0.2295243E+001  0.3931669E+001  0.5144118E+001  0.6732042E+001  0.0000000E+000  0.1423077E+002  0.1325163E+002  0.1317110E+002  0.1291496E+002  0.1285703E+002  0.1271941E+002  0.1319835E+002  0.1306349E+002  0.3889371E+001
010101998soil_c_   5.000    05011998      24 -0.1928519E+001 -0.1928519E+001  0.1846244E-003  0.3299968E+001  0.2270656E+001  0.3875822E+001  0.5090790E+001  0.6665819E+001  0.0000000E+000  0.1424106E+002  0.1327837E+002  0.1318726E+002  0.1292763E+002  0.1286798E+002  0.1273001E+002  0.1319021E+002  0.1302192E+002  0.4119040E+001
010101998soil_c_   5.042    06011998       1 -0.1922467E+001 -0.1922467E+001  0.1859111E-003  0.3322283E+001  0.2247512E+001  0.3823675E+001  0.5036667E+001  0.6600307E+001  0.0000000E+000  0.1424701E+002  0.1329922E+002  0.1320459E+002  0.1294121E+002  0.1287923E+002  0.1273989E+002  0.1318220E+002  0.1298113E+002  0.4351147E+001
010101998soil_c_   5.083    06011998       2 -0.1911974E+001 -0.1911974E+001  0.1868611E-003  0.3343640E+001  0.2233472E+001  0.3780520E+001  0.4984949E+001  0.6536289E+001  0.0000000E+000  0.1423903E+002  0.1330162E+002  0.1321039E+002  0.1294839E+002  0.1288770E+002  0.1274773E+002  0.1317518E+002  0.1294144E+002  0.4585026E+001
010101998soil_c_   5.125    06011998       3 -0.1907835E+001 -0.1907835E+001  0.1879859E-003  0.3386028E+001  0.2234452E+001  0.3739294E+001  0.4937957E+001  0.6474990E+001  0.0000000E+000  0.1424004E+002  0.1331545E+002  0.1321226E+002  0.1295134E+002  0.1289316E+002  0.1275283E+002  0.1316573E+002  0.1290307E+002  0.4820042E+001
010101998soil_c_   5.167    06011998       4 -0.1893395E+001 -0.1893395E+001  0.1892335E-003  0.3436701E+001  0.2238497E+001  0.3701835E+001  0.4895241E+001  0.6415925E+001  0.0000000E+000  0.1422858E+002  0.1332667E+002  0.1321581E+002  0.1295545E+002  0.1289822E+002  0.1275582E+002  0.1315612E+002  0.1286619E+002  0.5055595E+001
010101998soil_c_   5.208    06011998       5 -0.1889338E+001 -0.1889338E+001  0.1894953E-003  0.3393018E+001  0.2245285E+001  0.3674918E+001  0.4857495E+001  0.6359894E+001  0.0000000E+000  0.1422153E+002  0.1333215E+002  0.1322026E+002  0.1296062E+002  0.1290232E+002  0.1275633E+002  0.1314556E+002  0.1283079E+002  0.5291092E+001
010101998soil_c_   5.250    06011998       6 -0.1889257E+001 -0.1889257E+001  0.1900797E-003  0.3363656E+001  0.2245653E+001  0.3653348E+001  0.4822309E+001  0.6306403E+001  0.0000000E+000  0.1421294E+002  0.1333259E+002  0.1322357E+002  0.1296525E+002  0.1290529E+002  0.1275571E+002  0.1313428E+002  0.1279681E+002  0.5525958E+001
010101998soil_c_   5.292    06011998       7 -0.1887648E+001 -0.1887648E+001  0.1913523E-003  0.3396157E+001  0.2243367E+001  0.3632981E+001  0.4787724E+001  0.6254304E+001  0.0000000E+000  0.1420617E+002  0.1333125E+002  0.1322511E+002  0.1296860E+002  0.1290552E+002  0.1275441E+002  0.1312283E+002  0.1276454E+002  0.5759539E+001
010101998soil_c_   5.333    06011998       8 -0.1885191E+001 -0.1885191E+001  0.1927816E-003  0.3447367E+001  0.2240749E+001  0.3612204E+001  0.4754527E+001  0.6203797E+001  0.0000000E+000  0.1420807E+002  0.1333825E+002  0.1323047E+002  0.1297359E+002  0.1290528E+002  0.1275267E+002  0.1311181E+002  0.1273421E+002  0.5991352E+001
010101998soil_c_   5.375    06011998       9 -0.1886800E+001 -0.1886800E+001  0.1909469E-003  0.3162425E+001  0.2235901E+001  0.3589413E+001  0.4722184E+001  0.6155657E+001  0.0000000E+000  0.1417850E+002  0.1333106E+002  0.1322906E+002  0.1297714E+002  0.1290611E+002  0.1275191E+002  0.1310184E+002  0.1270548E+002  0.6221045E+001
010101998soil_c_   5.417    06011998      10 -0.1896669E+001 -0.1896669E+001  0.1893504E-003  0.2824146E+001  0.2224303E+001  0.3554721E+001  0.4688035E+001  0.6109765E+001  0.0000000E+000  0.1409203E+002  0.1327878E+002  0.1318672E+002  0.1295500E+002  0.1289459E+002  0.1274545E+002  0.1308998E+002  0.1267843E+002  0.6448172E+001
010101998soil_c_   5.458    06011998      11 -0.1906586E+001 -0.1906586E+001  0.1948096E-003  0.3217819E+001  0.2203410E+001  0.3503754E+001  0.4648505E+001  0.6063820E+001  0.0000000E+000  0.1407637E+002  0.1326846E+002  0.1315426E+002  0.1292299E+002  0.1286971E+002  0.1272851E+002  0.1307216E+002  0.1265287E+002  0.6672305E+001
010101998soil_c_   5.500    06011998      12 -0.1911787E+001 -0.1911787E+001  0.1971701E-003  0.3329886E+001  0.2180977E+001  0.3452710E+001  0.4604339E+001  0.6016588E+001  0.0000000E+000  0.1407699E+002  0.1327998E+002  0.1315277E+002  0.1291180E+002  0.1285487E+002  0.1271409E+002  0.1305352E+002  0.1262854E+002  0.6893042E+001
010101998soil_c_   5.542    06011998      13 -0.1920024E+001 -0.1920024E+001  0.1990272E-003  0.3361489E+001  0.2154066E+001  0.3405864E+001  0.4557710E+001  0.5968135E+001  0.0000000E+000  0.1408358E+002  0.1329438E+002  0.1316208E+002  0.1291238E+002  0.1284980E+002  0.1270632E+002  0.1303851E+002  0.1260580E+002  0.7110013E+001
010101998soil_c_   5.583    06011998      14 -0.1923980E+001 -0.1923980E+001  0.2005703E-003  0.3380681E+001  0.2128066E+001  0.3361477E+001  0.4510149E+001  0.5918430E+001  0.0000000E+000  0.1408705E+002  0.1330675E+002  0.1317280E+002  0.1291813E+002  0.1285058E+002  0.1270397E+002  0.1302783E+002  0.1258516E+002  0.7322876E+001
010101998soil_c_   5.625    06011998      15 -0.1925464E+001 -0.1925464E+001  0.2028847E-003  0.3477356E+001  0.2103773E+001  0.3320208E+001  0.4464015E+001  0.5868455E+001  0.0000000E+000  0.1409627E+002  0.1332017E+002  0.1318332E+002  0.1292532E+002  0.1285379E+002  0.1270464E+002  0.1302051E+002  0.1256695E+002  0.7531364E+001
010101998soil_c_   5.667    06011998      16 -0.1919515E+001 -0.1919515E+001  0.2050893E-003  0.3701600E+001  0.2084375E+001  0.3285122E+001  0.4420228E+001  0.5818693E+001  0.0000000E+000  0.1411154E+002  0.1333807E+002  0.1319939E+002  0.1293653E+002  0.1286098E+002  0.1270860E+002  0.1301737E+002  0.1255137E+002  0.7735236E+001
010101998soil_c_   5.708    06011998      17 -0.1909771E+001 -0.1909771E+001  0.2012673E-003  0.4250795E+001  0.2085636E+001  0.3258571E+001  0.4382486E+001  0.5770230E+001  0.0000000E+000  0.1419961E+002  0.1341424E+002  0.1324822E+002  0.1296686E+002  0.1287975E+002  0.1271785E+002  0.1301706E+002  0.1253859E+002  0.7934295E+001
010101998soil_c_   5.750    06011998      18 -0.1900787E+001 -0.1900787E+001  0.2050269E-003  0.4183168E+001  0.2097227E+001  0.3232762E+001  0.4351536E+001  0.5725013E+001  0.0000000E+000  0.1425143E+002  0.1349635E+002  0.1331309E+002  0.1301939E+002  0.1291828E+002  0.1274302E+002  0.1302538E+002  0.1252924E+002  0.8128390E+001
010101998soil_c_   5.792    06011998      19 -0.1907524E+001 -0.1907524E+001  0.2046354E-003  0.4012237E+001  0.2114508E+001  0.3214766E+001  0.4326332E+001  0.5684455E+001  0.0000000E+000  0.1429300E+002  0.1355425E+002  0.1336164E+002  0.1306428E+002  0.1295660E+002  0.1277458E+002  0.1304039E+002  0.1252367E+002  0.8317420E+001
010101998soil_c_   5.833    06011998      20 -0.1918638E+001 -0.1918638E+001  0.2050733E-003  0.3828103E+001  0.2115968E+001  0.3193123E+001  0.4301493E+001  0.5647505E+001  0.0000000E+000  0.1432760E+002  0.1360723E+002  0.1340787E+002  0.1310476E+002  0.1299135E+002  0.1280512E+002  0.1305671E+002  0.1252135E+002  0.8501300E+001
010101998soil_c_   5.875    06011998      21 -0.1925781E+001 -0.1925781E+001  0.2063079E-003  0.3704396E+001  0.2104869E+001  0.3166566E+001  0.4273082E+001  0.5611052E+001  0.0000000E+000  0.1434640E+002  0.1364038E+002  0.1344123E+002  0.1313664E+002  0.1302048E+002  0.1283298E+002  0.1307248E+002  0.1252161E+002  0.8679993E+001
010101998soil_c_   5.917    06011998      22 -0.1925970E+001 -0.1925970E+001  0.2099574E-003  0.3858080E+001  0.2092633E+001  0.3138081E+001  0.4242353E+001  0.5574075E+001  0.0000000E+000  0.1438660E+002  0.1368253E+002  0.1347506E+002  0.1316472E+002  0.1304490E+002  0.1285680E+002  0.1308578E+002  0.1252378E+002  0.8853469E+001
010101998soil_c_   5.958    06011998      23 -0.1929804E+001 -0.1929804E+001  0.2117607E-003  0.3823349E+001  0.2085815E+001  0.3106819E+001  0.4211017E+001  0.5536846E+001  0.0000000E+000  0.1441926E+002  0.1373534E+002  0.1351553E+002  0.1319879E+002  0.1307264E+002  0.1288131E+002  0.1309794E+002  0.1252753E+002  0.9021692E+001
010101998soil_c_   6.000    06011998      24 -0.1933990E+001 -0.1933990E+001  0.2138896E-003  0.3770093E+001  0.2077634E+001  0.3066327E+001  0.4178215E+001  0.5499455E+001  0.0000000E+000  0.1443979E+002  0.1378340E+002  0.1354993E+002  0.1322997E+002  0.1310092E+002  0.1290789E+002  0.1311221E+002  0.1253338E+002  0.9184608E+001
010101998soil_c_   6.042    07011998       1 -0.1936360E+001 -0.1936360E+001  0.2160128E-003  0.3748054E+001  0.2068208E+001  0.3031575E+001  0.4144416E+001  0.5461961E+001  0.0000000E+000  0.1446144E+002  0.1382003E+002  0.1358154E+002  0.1325782E+002  0.1312661E+002  0.1293244E+002  0.1312691E+002  0.1254088E+002  0.9342333E+001
010101998soil_c_   6.083    07011998       2 -0.1938153E+001 -0.1938153E+001  0.2182691E-003  0.3758080E+001  0.2056996E+001  0.3003780E+001  0.4110487E+001  0.5424302E+001  0.0000000E+000  0.1448853E+002  0.1385492E+002  0.1361500E+002  0.1328560E+002  0.1315062E+002  0.1295445E+002  0.1314050E+002  0.1254956E+002  0.9494932E+001
010101998soil_c_   6.125    07011998       3 -0.1939211E+001 -0.1939211E+001  0.2204973E-003  0.3774755E+001  0.2043740E+001  0.2978470E+001  0.4077045E+001  0.5386480E+001  0.0000000E+000  0.1452036E+002  0.1388951E+002  0.1365202E+002  0.1331603E+002  0.1317548E+002  0.1297600E+002  0.1315387E+002  0.1255921E+002  0.9642456E+001
010101998soil_c_   6.167    07011998       4 -0.1943169E+001 -0.1943169E+001  0.2218094E-003  0.3684646E+001  0.2028847E+001  0.2947981E+001  0.4045020E+001  0.5348969E+001  0.0000000E+000  0.1454573E+002  0.1392131E+002  0.1368476E+002  0.1334665E+002  0.1320136E+002  0.1299825E+002  0.1316804E+002  0.1256990E+002  0.9784979E+001
010101998soil_c_   6.208    07011998       5 -0.1945570E+001 -0.1945570E+001  0.2238569E-003  0.3635076E+001  0.2010984E+001  0.2911727E+001  0.4012544E+001  0.5312671E+001  0.0000000E+000  0.1456581E+002  0.1395025E+002  0.1371060E+002  0.1337100E+002  0.1322502E+002  0.1301970E+002  0.1318272E+002  0.1258168E+002  0.9922578E+001
010101998soil_c_   6.250    07011998       6 -0.1950961E+001 -0.1950961E+001  0.2268412E-003  0.3641925E+001  0.1998879E+001  0.2864855E+001  0.3978552E+001  0.5276597E+001  0.0000000E+000  0.1458108E+002  0.1399078E+002  0.1373309E+002  0.1339100E+002  0.1324551E+002  0.1303986E+002  0.1319574E+002  0.1259454E+002  0.1005535E+002
010101998soil_c_   6.292    07011998       7 -0.1955391E+001 -0.1955391E+001  0.2296338E-003  0.3618762E+001  0.1983700E+001  0.2816650E+001  0.3941339E+001  0.5240227E+001  0.0000000E+000  0.1459801E+002  0.1402689E+002  0.1375761E+002  0.1341271E+002  0.1326675E+002  0.1306084E+002  0.1321004E+002  0.1260866E+002  0.1018339E+002
010101998soil_c_   6.333    07011998       8 -0.1957612E+001 -0.1957612E+001  0.2321212E-003  0.3588310E+001  0.1966149E+001  0.2773039E+001  0.3901812E+001  0.5202892E+001  0.0000000E+000  0.1461389E+002  0.1405638E+002  0.1377865E+002  0.1343344E+002  0.1328687E+002  0.1308052E+002  0.1322419E+002  0.1262367E+002  0.1030681E+002
010101998soil_c_   6.375    07011998       9 -0.1959984E+001 -0.1959984E+001  0.2306095E-003  0.3165282E+001  0.1945506E+001  0.2734887E+001  0.3861801E+001  0.5163383E+001  0.0000000E+000  0.1458700E+002  0.1405167E+002  0.1378465E+002  0.1344898E+002  0.1330459E+002  0.1309678E+002  0.1323796E+002  0.1263922E+002  0.1042572E+002
010101998soil_c_   6.417    07011998      10 -0.1956853E+001 -0.1956853E+001  0.2329440E-003  0.3168840E+001  0.1925992E+001  0.2705478E+001  0.3825396E+001  0.5122279E+001  0.0000000E+000  0.1455759E+002  0.1402751E+002  0.1376718E+002  0.1343871E+002  0.1330252E+002  0.1310060E+002  0.1324698E+002  0.1265497E+002  0.1054025E+002
010101998soil_c_   6.458    07011998      11 -0.1957063E+001 -0.1957063E+001  0.2345443E-003  0.3148938E+001  0.1906314E+001  0.2680296E+001  0.3788956E+001  0.5080966E+001  0.0000000E+000  0.1453691E+002  0.1401184E+002  0.1375517E+002  0.1342962E+002  0.1329455E+002  0.1309616E+002  0.1324938E+002  0.1267016E+002  0.1065049E+002
010101998soil_c_   6.500    07011998      12 -0.1955938E+001 -0.1955938E+001  0.2362457E-003  0.3155372E+001  0.1887167E+001  0.2657780E+001  0.3752748E+001  0.5039878E+001  0.0000000E+000  0.1451918E+002  0.1399589E+002  0.1374230E+002  0.1341999E+002  0.1328539E+002  0.1308953E+002  0.1324890E+002  0.1268463E+002  0.1075653E+002
010101998soil_c_   6.542    07011998      13 -0.1955195E+001 -0.1955195E+001  0.2375584E-003  0.3134947E+001  0.1868240E+001  0.2636002E+001  0.3717589E+001  0.4999422E+001  0.0000000E+000  0.1450057E+002  0.1397620E+002  0.1373006E+002  0.1341107E+002  0.1327653E+002  0.1308255E+002  0.1324728E+002  0.1269856E+002  0.1085847E+002
010101998soil_c_   6.583    07011998      14 -0.1955373E+001 -0.1955373E+001  0.2398872E-003  0.3191857E+001  0.1853249E+001  0.2605311E+001  0.3683142E+001  0.4960855E+001  0.0000000E+000  0.1448342E+002  0.1396818E+002  0.1371737E+002  0.1340129E+002  0.1326807E+002  0.1307590E+002  0.1324512E+002  0.1271220E+002  0.1095638E+002
010101998soil_c_   6.625    07011998      15 -0.1957941E+001 -0.1957941E+001  0.2446952E-003  0.3367974E+001  0.1839921E+001  0.2557433E+001  0.3648809E+001  0.4923954E+001  0.0000000E+000  0.1448821E+002  0.1399453E+002  0.1371669E+002  0.1339585E+002  0.1326396E+002  0.1307364E+002  0.1324467E+002  0.1272614E+002  0.1105040E+002
010101998soil_c_   6.667    07011998      16 -0.1959982E+001 -0.1959982E+001  0.2476793E-003  0.3330994E+001  0.1823258E+001  0.2513185E+001  0.3613734E+001  0.4887859E+001  0.0000000E+000  0.1449147E+002  0.1401642E+002  0.1372801E+002  0.1340263E+002  0.1326990E+002  0.1307823E+002  0.1324734E+002  0.1274073E+002  0.1114069E+002
010101998soil_c_   6.708    07011998      17 -0.1954916E+001 -0.1954916E+001  0.2539568E-003  0.3688112E+001  0.1809835E+001  0.2480000E+001  0.3578325E+001  0.4851895E+001  0.0000000E+000  0.1453189E+002  0.1405729E+002  0.1375122E+002  0.1341344E+002  0.1327804E+002  0.1308479E+002  0.1325165E+002  0.1275573E+002  0.1122737E+002
010101998soil_c_   6.750    07011998      18 -0.1949043E+001 -0.1949043E+001  0.2558913E-003  0.3628991E+001  0.1797988E+001  0.2455616E+001  0.3544877E+001  0.4816536E+001  0.0000000E+000  0.1456456E+002  0.1409911E+002  0.1379653E+002  0.1344579E+002  0.1330065E+002  0.1310006E+002  0.1325985E+002  0.1277118E+002  0.1131057E+002
010101998soil_c_   6.792    07011998      19 -0.1939430E+001 -0.1939430E+001  0.2565035E-003  0.3469232E+001  0.1791702E+001  0.2438292E+001  0.3514646E+001  0.4782401E+001  0.0000000E+000  0.1456512E+002  0.1410570E+002  0.1381472E+002  0.1346660E+002  0.1332151E+002  0.1311848E+002  0.1327252E+002  0.1278755E+002  0.1139042E+002
010101998soil_c_   6.833    07011998      20 -0.1938247E+001 -0.1938247E+001  0.2576412E-003  0.3371774E+001  0.1787161E+001  0.2423234E+001  0.3489636E+001  0.4750473E+001  0.0000000E+000  0.1456319E+002  0.1410870E+002  0.1381874E+002  0.1347488E+002  0.1333262E+002  0.1313125E+002  0.1328441E+002  0.1280471E+002  0.1146693E+002
010101998soil_c_   6.875    07011998      21 -0.1935298E+001 -0.1935298E+001  0.2591092E-003  0.3313697E+001  0.1781780E+001  0.2410382E+001  0.3466954E+001  0.4720367E+001  0.0000000E+000  0.1455812E+002  0.1410718E+002  0.1382039E+002  0.1347930E+002  0.1333867E+002  0.1313906E+002  0.1329346E+002  0.1282180E+002  0.1154035E+002
010101998soil_c_   6.917    07011998      22 -0.1931055E+001 -0.1931055E+001  0.2607452E-003  0.3299827E+001  0.1777175E+001  0.2400339E+001  0.3445864E+001  0.4691811E+001  0.0000000E+000  0.1455251E+002  0.1410277E+002  0.1381978E+002  0.1348077E+002  0.1334139E+002  0.1314359E+002  0.1330016E+002  0.1283848E+002  0.1161086E+002
010101998soil_c_   6.958    07011998      23 -0.1929730E+001 -0.1929730E+001  0.2618937E-003  0.3251022E+001  0.1772992E+001  0.2389853E+001  0.3426048E+001  0.4665103E+001  0.0000000E+000  0.1454427E+002  0.1409688E+002  0.1381777E+002  0.1348101E+002  0.1334267E+002  0.1314632E+002  0.1330529E+002  0.1285468E+002  0.1167857E+002
010101998soil_c_   7.000    07011998      24 -0.1926937E+001 -0.1926937E+001  0.2628988E-003  0.3144838E+001  0.1768493E+001  0.2375058E+001  0.3406445E+001  0.4641071E+001  0.0000000E+000  0.1452526E+002  0.1408437E+002  0.1380915E+002  0.1347570E+002  0.1334197E+002  0.1314788E+002  0.1330959E+002  0.1287044E+002  0.1174358E+002
010101998soil_c_   7.042    08011998       1 -0.1926819E+001 -0.1926819E+001  0.2637346E-003  0.3043449E+001  0.1763206E+001  0.2362213E+001  0.3387296E+001  0.4618560E+001  0.0000000E+000  0.1449647E+002  0.1405937E+002  0.1379024E+002  0.1346181E+002  0.1333496E+002  0.1314551E+002  0.1331207E+002  0.1288572E+002  0.1180597E+002
010101998soil_c_   7.083    08011998       2 -0.1927170E+001 -0.1927170E+001  0.2653852E-003  0.3042198E+001  0.1755688E+001  0.2350021E+001  0.3367705E+001  0.4596315E+001  0.0000000E+000  0.1447373E+002  0.1403771E+002  0.1377301E+002  0.1344656E+002  0.1332434E+002  0.1313975E+002  0.1331219E+002  0.1290066E+002  0.1186698E+002
010101998soil_c_   7.125    08011998       3 -0.1932539E+001 -0.1932539E+001  0.2613498E-003  0.2456328E+001  0.1742997E+001  0.2334474E+001  0.3346497E+001  0.4573184E+001  0.0000000E+000  0.1438858E+002  0.1397268E+002  0.1373605E+002  0.1342699E+002  0.1331136E+002  0.1313433E+002  0.1331429E+002  0.1291852E+002  0.1192912E+002
010101998soil_c_   7.167    08011998       4 -0.1933953E+001 -0.1933953E+001  0.2712280E-003  0.3184532E+001  0.1733848E+001  0.2302893E+001  0.3322795E+001  0.4548977E+001  0.0000000E+000  0.1438141E+002  0.1395697E+002  0.1368649E+002  0.1338172E+002  0.1327969E+002  0.1311962E+002  0.1331393E+002  0.1293806E+002  0.1198897E+002
010101998soil_c_   7.208    08011998       5 -0.1934988E+001 -0.1934988E+001  0.2758785E-003  0.3362523E+001  0.1724250E+001  0.2275315E+001  0.3299835E+001  0.4524399E+001  0.0000000E+000  0.1442937E+002  0.1401781E+002  0.1372756E+002  0.1339927E+002  0.1328083E+002  0.1311766E+002  0.1331517E+002  0.1295639E+002  0.1204546E+002
010101998soil_c_   7.250    08011998       6 -0.1935831E+001 -0.1935831E+001  0.2782170E-003  0.3244576E+001  0.1711850E+001  0.2250999E+001  0.3275699E+001  0.4499207E+001  0.0000000E+000  0.1444929E+002  0.1404554E+002  0.1375315E+002  0.1342203E+002  0.1329791E+002  0.1313129E+002  0.1332511E+002  0.1297374E+002  0.1209865E+002
010101998soil_c_   7.292    08011998       7 -0.1935841E+001 -0.1935841E+001  0.2809807E-003  0.3227275E+001  0.1699059E+001  0.2230014E+001  0.3250723E+001  0.4473426E+001  0.0000000E+000  0.1446836E+002  0.1406808E+002  0.1377495E+002  0.1344118E+002  0.1331450E+002  0.1314709E+002  0.1333849E+002  0.1299080E+002  0.1214886E+002
010101998soil_c_   7.333    08011998       8 -0.1926146E+001 -0.1926146E+001  0.2838389E-003  0.3280211E+001  0.1689726E+001  0.2213471E+001  0.3226240E+001  0.4447387E+001  0.0000000E+000  0.1448389E+002  0.1408586E+002  0.1379535E+002  0.1345953E+002  0.1333049E+002  0.1316264E+002  0.1335260E+002  0.1300773E+002  0.1219645E+002
010101998soil_c_   7.375    08011998       9 -0.1914560E+001 -0.1914560E+001  0.2832632E-003  0.3043903E+001  0.1686450E+001  0.2200547E+001  0.3206780E+001  0.4422627E+001  0.0000000E+000  0.1447019E+002  0.1408226E+002  0.1380149E+002  0.1347280E+002  0.1334429E+002  0.1317705E+002  0.1336662E+002  0.1302459E+002  0.1224169E+002
010101998soil_c_   7.417    08011998      10 -0.1895837E+001 -0.1895837E+001  0.2855688E-003  0.3145826E+001  0.1692139E+001  0.2193830E+001  0.3192484E+001  0.4400877E+001  0.0000000E+000  0.1445150E+002  0.1406576E+002  0.1378479E+002  0.1346571E+002  0.1334460E+002  0.1318319E+002  0.1337749E+002  0.1304115E+002  0.1228483E+002
010101998soil_c_   7.458    08011998      11 -0.1876786E+001 -0.1876786E+001  0.2886040E-003  0.3405329E+001  0.1712011E+001  0.2199240E+001  0.3186069E+001  0.4384985E+001  0.0000000E+000  0.1439301E+002  0.1405499E+002  0.1378224E+002  0.1346187E+002  0.1334309E+002  0.1318458E+002  0.1338452E+002  0.1305733E+002  0.1232729E+002
010101998soil_c_   7.500    08011998      12 -0.1901692E+001 -0.1901692E+001  0.2869264E-003  0.3173815E+001  0.1735634E+001  0.2216405E+001  0.3191839E+001  0.4377166E+001  0.0000000E+000  0.1435459E+002  0.1403230E+002  0.1376874E+002  0.1345633E+002  0.1334268E+002  0.1318642E+002  0.1339311E+002  0.1307499E+002  0.1236988E+002
010101998soil_c_   7.542    08011998      13 -0.1932473E+001 -0.1932473E+001  0.2868462E-003  0.2931236E+001  0.1746977E+001  0.2221968E+001  0.3195828E+001  0.4374155E+001  0.0000000E+000  0.1433994E+002  0.1402439E+002  0.1375936E+002  0.1344859E+002  0.1334144E+002  0.1318933E+002  0.1340239E+002  0.1309248E+002  0.1241028E+002
010101998soil_c_   7.583    08011998      14 -0.1945475E+001 -0.1945475E+001  0.2898775E-003  0.2972060E+001  0.1746862E+001  0.2216508E+001  0.3191351E+001  0.4369644E+001  0.0000000E+000  0.1433401E+002  0.1402182E+002  0.1375523E+002  0.1344378E+002  0.1334162E+002  0.1319195E+002  0.1341240E+002  0.1310881E+002  0.1244815E+002
010101998soil_c_   7.625    08011998      15 -0.1953226E+001 -0.1953226E+001  0.2927525E-003  0.3051769E+001  0.1745384E+001  0.2208273E+001  0.3182594E+001  0.4362059E+001  0.0000000E+000  0.1434142E+002  0.1403305E+002  0.1376219E+002  0.1344660E+002  0.1334428E+002  0.1319383E+002  0.1341842E+002  0.1311818E+002  0.1248728E+002
010101998soil_c_   7.667    08011998      16 -0.1955012E+001 -0.1955012E+001  0.2956136E-003  0.3141714E+001  0.1744308E+001  0.2199190E+001  0.3172814E+001  0.4351484E+001  0.0000000E+000  0.1435079E+002  0.1404676E+002  0.1377029E+002  0.1345022E+002  0.1334331E+002  0.1318805E+002  0.1340857E+002  0.1311492E+002  0.1253813E+002
010101998soil_c_   7.708    08011998      17 -0.1950022E+001 -0.1950022E+001  0.2999806E-003  0.3469121E+001  0.1747962E+001  0.2194849E+001  0.3163426E+001  0.4338851E+001  0.0000000E+000  0.1437684E+002  0.1407173E+002  0.1378242E+002  0.1345131E+002  0.1333648E+002  0.1317501E+002  0.1338950E+002  0.1311141E+002  0.1260318E+002
010101998soil_c_   7.750    08011998      18 -0.1953479E+001 -0.1953479E+001  0.3003332E-003  0.3409499E+001  0.1755199E+001  0.2195799E+001  0.3156772E+001  0.4326287E+001  0.0000000E+000  0.1439437E+002  0.1409445E+002  0.1380365E+002  0.1346405E+002  0.1333992E+002  0.1317183E+002  0.1338409E+002  0.1312310E+002  0.1267140E+002
010101998soil_c_   7.792    08011998      19 -0.1956203E+001 -0.1956203E+001  0.3004079E-003  0.3291048E+001  0.1761254E+001  0.2196949E+001  0.3150940E+001  0.4314730E+001  0.0000000E+000  0.1439413E+002  0.1409926E+002  0.1381343E+002  0.1347533E+002  0.1335039E+002  0.1318149E+002  0.1339695E+002  0.1314718E+002  0.1273440E+002
010101998soil_c_   7.833    08011998      20 -0.1958288E+001 -0.1958288E+001  0.3008590E-003  0.3232731E+001  0.1767723E+001  0.2199298E+001  0.3145841E+001  0.4304255E+001  0.0000000E+000  0.1438782E+002  0.1409630E+002  0.1381551E+002  0.1348155E+002  0.1335989E+002  0.1319635E+002  0.1341932E+002  0.1317586E+002  0.1279030E+002
010101998soil_c_   7.875    08011998      21 -0.1966918E+001 -0.1966918E+001  0.3017915E-003  0.3222392E+001  0.1773123E+001  0.2202325E+001  0.3141688E+001  0.4294965E+001  0.0000000E+000  0.1439406E+002  0.1410410E+002  0.1382459E+002  0.1349057E+002  0.1337064E+002  0.1321325E+002  0.1344012E+002  0.1320403E+002  0.1283995E+002
010101998soil_c_   7.917    08011998      22 -0.1944359E+001 -0.1944359E+001  0.3045371E-003  0.3471332E+001  0.1784267E+001  0.2208613E+001  0.3138355E+001  0.4286236E+001  0.0000000E+000  0.1440260E+002  0.1411600E+002  0.1384081E+002  0.1350621E+002  0.1338563E+002  0.1323153E+002  0.1345911E+002  0.1322971E+002  0.1288486E+002
010101998soil_c_   7.958    08011998      23 -0.1941158E+001 -0.1941158E+001  0.3025295E-003  0.3336001E+001  0.1807471E+001  0.2227689E+001  0.3142981E+001  0.4280692E+001  0.0000000E+000  0.1440440E+002  0.1412044E+002  0.1385119E+002  0.1351925E+002  0.1340006E+002  0.1324937E+002  0.1347701E+002  0.1325290E+002  0.1292637E+002
010101998soil_c_   8.000    08011998      24 -0.1941133E+001 -0.1941133E+001  0.3013418E-003  0.3241979E+001  0.1829551E+001  0.2247513E+001  0.3151718E+001  0.4278629E+001  0.0000000E+000  0.1439851E+002  0.1411635E+002  0.1385426E+002  0.1352685E+002  0.1341150E+002  0.1326467E+002  0.1349387E+002  0.1327471E+002  0.1296698E+002
010101998soil_c_   8.042    09011998       1 -0.1955184E+001 -0.1955184E+001  0.3005721E-003  0.3120411E+001  0.1849453E+001  0.2261043E+001  0.3161402E+001  0.4278920E+001  0.0000000E+000  0.1439486E+002  0.1411986E+002  0.1385642E+002  0.1353225E+002  0.1342085E+002  0.1327784E+002  0.1350751E+002  0.1329561E+002  0.1300729E+002
010101998soil_c_   8.083    09011998       2 -0.1953815E+001 -0.1953815E+001  0.3023486E-003  0.3173302E+001  0.1864802E+001  0.2267860E+001  0.3167718E+001  0.4278999E+001  0.0000000E+000  0.1439293E+002  0.1412571E+002  0.1386344E+002  0.1354133E+002  0.1343202E+002  0.1329160E+002  0.1352005E+002  0.1331482E+002  0.1304695E+002
010101998soil_c_   8.125    09011998       3 -0.1952806E+001 -0.1952806E+001  0.3029868E-003  0.3157610E+001  0.1882890E+001  0.2275967E+001  0.3172585E+001  0.4279279E+001  0.0000000E+000  0.1438805E+002  0.1412933E+002  0.1386774E+002  0.1354811E+002  0.1344079E+002  0.1330398E+002  0.1353125E+002  0.1333257E+002  0.1308603E+002
010101998soil_c_   8.167    09011998       4 -0.1948732E+001 -0.1948732E+001  0.3040326E-003  0.3200498E+001  0.1902217E+001  0.2287107E+001  0.3177870E+001  0.4280419E+001  0.0000000E+000  0.1438697E+002  0.1413382E+002  0.1387361E+002  0.1355276E+002  0.1344696E+002  0.1331344E+002  0.1354043E+002  0.1334926E+002  0.1312442E+002
010101998soil_c_   8.208    09011998       5 -0.1952390E+001 -0.1952390E+001  0.3043829E-003  0.3201634E+001  0.1922097E+001  0.2301315E+001  0.3184688E+001  0.4282488E+001  0.0000000E+000  0.1439272E+002  0.1414240E+002  0.1388303E+002  0.1355884E+002  0.1345302E+002  0.1332166E+002  0.1354849E+002  0.1336514E+002  0.1316199E+002
010101998soil_c_   8.250    09011998       6 -0.1950563E+001 -0.1950563E+001  0.3057862E-003  0.3319685E+001  0.1941035E+001  0.2315633E+001  0.3191836E+001  0.4285047E+001  0.0000000E+000  0.1440860E+002  0.1415928E+002  0.1390090E+002  0.1357081E+002  0.1346245E+002  0.1333136E+002  0.1355696E+002  0.1338053E+002  0.1319863E+002
010101998soil_c_   8.292    09011998       7 -0.1954982E+001 -0.1954982E+001  0.3059637E-003  0.3302198E+001  0.1961329E+001  0.2328511E+001  0.3199859E+001  0.4288121E+001  0.0000000E+000  0.1442645E+002  0.1418274E+002  0.1392359E+002  0.1358877E+002  0.1347705E+002  0.1334495E+002  0.1356700E+002  0.1339577E+002  0.1323426E+002
010101998soil_c_   8.333    09011998       8 -0.1955824E+001 -0.1955824E+001  0.3066871E-003  0.3269327E+001  0.1980221E+001  0.2338204E+001  0.3205733E+001  0.4291260E+001  0.0000000E+000  0.1443700E+002  0.1420067E+002  0.1394039E+002  0.1360696E+002  0.1349427E+002  0.1336227E+002  0.1358040E+002  0.1341140E+002  0.1326889E+002
010101998soil_c_   8.375    09011998       9 -0.1955899E+001 -0.1955899E+001  0.3039792E-003  0.2936438E+001  0.1998739E+001  0.2350563E+001  0.3211576E+001  0.4294272E+001  0.0000000E+000  0.1441557E+002  0.1418949E+002  0.1394166E+002  0.1361753E+002  0.1350809E+002  0.1337797E+002  0.1359420E+002  0.1342724E+002  0.1330252E+002
010101998soil_c_   8.417    09011998      10 -0.1961468E+001 -0.1961468E+001  0.3027670E-003  0.2799905E+001  0.2016005E+001  0.2364639E+001  0.3220295E+001  0.4297439E+001  0.0000000E+000  0.1438432E+002  0.1416297E+002  0.1392313E+002  0.1360567E+002  0.1350552E+002  0.1338290E+002  0.1360419E+002  0.1344271E+002  0.1333514E+002
010101998soil_c_   8.458    09011998      11 -0.1968630E+001 -0.1968630E+001  0.3009171E-003  0.2608152E+001  0.2029421E+001  0.2376601E+001  0.3227729E+001  0.4300520E+001  0.0000000E+000  0.1434700E+002  0.1413175E+002  0.1390147E+002  0.1359054E+002  0.1349648E+002  0.1338187E+002  0.1360832E+002  0.1345720E+002  0.1336674E+002
010101998soil_c_   8.500    09011998      12 -0.1972309E+001 -0.1972309E+001  0.3001581E-003  0.2555164E+001  0.2040343E+001  0.2386757E+001  0.3232332E+001  0.4302859E+001  0.0000000E+000  0.1430135E+002  0.1408983E+002  0.1386613E+002  0.1356524E+002  0.1348029E+002  0.1337506E+002  0.1360692E+002  0.1347017E+002  0.1339728E+002
010101998soil_c_   8.542    09011998      13 -0.1971117E+001 -0.1971117E+001  0.3011883E-003  0.2735747E+001  0.2051606E+001  0.2395251E+001  0.3235920E+001  0.4304272E+001  0.0000000E+000  0.1427358E+002  0.1406365E+002  0.1384192E+002  0.1354290E+002  0.1346229E+002  0.1336402E+002  0.1360107E+002  0.1348143E+002  0.1342671E+002
010101998soil_c_   8.583    09011998      14 -0.1969132E+001 -0.1969132E+001  0.3014962E-003  0.2809085E+001  0.2065250E+001  0.2401952E+001  0.3239989E+001  0.4305275E+001  0.0000000E+000  0.1425236E+002  0.1404867E+002  0.1382721E+002  0.1352916E+002  0.1345046E+002  0.1335642E+002  0.1359544E+002  0.1349153E+002  0.1345500E+002
010101998soil_c_   8.625    09011998      15 -0.1961258E+001 -0.1961258E+001  0.3017637E-003  0.2908645E+001  0.2082152E+001  0.2412976E+001  0.3245670E+001  0.4306570E+001  0.0000000E+000  0.1423100E+002  0.1403157E+002  0.1381319E+002  0.1351782E+002  0.1344187E+002  0.1335145E+002  0.1359233E+002  0.1350110E+002  0.1348218E+002
010101998soil_c_   8.667    09011998      16 -0.1955081E+001 -0.1955081E+001  0.3018078E-003  0.3048151E+001  0.2104884E+001  0.2430715E+001  0.3255054E+001  0.4308739E+001  0.0000000E+000  0.1421581E+002  0.1401857E+002  0.1380206E+002  0.1350842E+002  0.1343559E+002  0.1334732E+002  0.1359088E+002  0.1351060E+002  0.1350821E+002
010101998soil_c_   8.708    09011998      17 -0.1924272E+001 -0.1924272E+001  0.3054097E-003  0.3668532E+001  0.2140311E+001  0.2459509E+001  0.3270611E+001  0.4313310E+001  0.0000000E+000  0.1423288E+002  0.1403354E+002  0.1381024E+002  0.1351002E+002  0.1343518E+002  0.1334510E+002  0.1359006E+002  0.1351975E+002  0.1353319E+002
010101998soil_c_   8.750    09011998      18 -0.1957359E+001 -0.1957359E+001  0.2994317E-003  0.3185227E+001  0.2179007E+001  0.2496012E+001  0.3295216E+001  0.4322948E+001  0.0000000E+000  0.1426346E+002  0.1406481E+002  0.1383939E+002  0.1353098E+002  0.1344877E+002  0.1335234E+002  0.1359360E+002  0.1352888E+002  0.1355749E+002
010101998soil_c_   8.792    09011998      19 -0.1968371E+001 -0.1968371E+001  0.2990854E-003  0.3044906E+001  0.2197341E+001  0.2515567E+001  0.3313317E+001  0.4333099E+001  0.0000000E+000  0.1427814E+002  0.1408378E+002  0.1386367E+002  0.1355519E+002  0.1346938E+002  0.1336785E+002  0.1360371E+002  0.1353933E+002  0.1358215E+002
010101998soil_c_   8.833    09011998      20 -0.1977761E+001 -0.1977761E+001  0.2983727E-003  0.2895084E+001  0.2210713E+001  0.2525651E+001  0.3325244E+001  0.4341056E+001  0.0000000E+000  0.1427717E+002  0.1408877E+002  0.1387332E+002  0.1357069E+002  0.1348680E+002  0.1338450E+002  0.1361630E+002  0.1355062E+002  0.1360641E+002
010101998soil_c_   8.875    09011998      21 -0.1984845E+001 -0.1984845E+001  0.2978342E-003  0.2777991E+001  0.2220654E+001  0.2532864E+001  0.3332980E+001  0.4346507E+001  0.0000000E+000  0.1426776E+002  0.1408448E+002  0.1387463E+002  0.1357860E+002  0.1349819E+002  0.1339722E+002  0.1362785E+002  0.1356202E+002  0.1363014E+002
010101998soil_c_   8.917    09011998      22 -0.1989753E+001 -0.1989753E+001  0.2971578E-003  0.2687085E+001  0.2228742E+001  0.2539316E+001  0.3338035E+001  0.4349712E+001  0.0000000E+000  0.1425122E+002  0.1407218E+002  0.1386846E+002  0.1357944E+002  0.1350315E+002  0.1340449E+002  0.1363590E+002  0.1357298E+002  0.1365319E+002
010101998soil_c_   8.958    09011998      23 -0.1994146E+001 -0.1994146E+001  0.2948252E-003  0.2461520E+001  0.2235615E+001  0.2544806E+001  0.3341485E+001  0.4351190E+001  0.0000000E+000  0.1421593E+002  0.1404182E+002  0.1385061E+002  0.1357249E+002  0.1350192E+002  0.1340675E+002  0.1364052E+002  0.1358321E+002  0.1367541E+002
010101998soil_c_   9.000    09011998      24 -0.1997909E+001 -0.1997909E+001  0.2923661E-003  0.2265760E+001  0.2240521E+001  0.2548878E+001  0.3343573E+001  0.4351384E+001  0.0000000E+000  0.1415435E+002  0.1398525E+002  0.1380888E+002  0.1354753E+002  0.1348812E+002  0.1340046E+002  0.1364037E+002  0.1359252E+002  0.1369666E+002
010101998soil_c_   9.042    10011998       1 -0.2000773E+001 -0.2000773E+001  0.2922353E-003  0.2352455E+001  0.2247424E+001  0.2553356E+001  0.3344244E+001  0.4350534E+001  0.0000000E+000  0.1410075E+002  0.1393560E+002  0.1376667E+002  0.1351469E+002  0.1346439E+002  0.1338487E+002  0.1363342E+002  0.1360037E+002  0.1371685E+002
010101998soil_c_   9.083    10011998       2 -0.2003912E+001 -0.2003912E+001  0.2930566E-003  0.2520319E+001  0.2255301E+001  0.2556368E+001  0.3344201E+001  0.4348873E+001  0.0000000E+000  0.1407237E+002  0.1391106E+002  0.1374308E+002  0.1349147E+002  0.1344363E+002  0.1336916E+002  0.1362480E+002  0.1360692E+002  0.1373591E+002
010101998soil_c_   9.125    10011998       3 -0.2006584E+001 -0.2006584E+001  0.2932187E-003  0.2608277E+001  0.2262197E+001  0.2560434E+001  0.3344190E+001  0.4346724E+001  0.0000000E+000  0.1405537E+002  0.1389621E+002  0.1373095E+002  0.1347930E+002  0.1343177E+002  0.1336041E+002  0.1361780E+002  0.1361281E+002  0.1375381E+002
010101998soil_c_   9.167    10011998       4 -0.2009632E+001 -0.2009632E+001  0.2936517E-003  0.2713089E+001  0.2268045E+001  0.2564785E+001  0.3344189E+001  0.4344198E+001  0.0000000E+000  0.1405003E+002  0.1389175E+002  0.1372808E+002  0.1347501E+002  0.1342661E+002  0.1335678E+002  0.1361334E+002  0.1361823E+002  0.1377058E+002
010101998soil_c_   9.208    10011998       5 -0.2014311E+001 -0.2014311E+001  0.2907971E-003  0.2456426E+001  0.2271767E+001  0.2567907E+001  0.3343725E+001  0.4341196E+001  0.0000000E+000  0.1401635E+002  0.1386384E+002  0.1371495E+002  0.1347140E+002  0.1342558E+002  0.1335743E+002  0.1361212E+002  0.1362364E+002  0.1378622E+002
010101998soil_c_   9.250    10011998       6 -0.2013059E+001 -0.2013059E+001  0.2938953E-003  0.2912504E+001  0.2279747E+001  0.2573869E+001  0.3343887E+001  0.4337960E+001  0.0000000E+000  0.1402820E+002  0.1387130E+002  0.1371316E+002  0.1346363E+002  0.1341871E+002  0.1335413E+002  0.1361022E+002  0.1362907E+002  0.1380080E+002
010101998soil_c_   9.292    10011998       7 -0.2016586E+001 -0.2016586E+001  0.2931269E-003  0.2859645E+001  0.2288252E+001  0.2579171E+001  0.3345575E+001  0.4335149E+001  0.0000000E+000  0.1404125E+002  0.1388890E+002  0.1373254E+002  0.1347946E+002  0.1342850E+002  0.1336061E+002  0.1361168E+002  0.1363444E+002  0.1381433E+002
010101998soil_c_   9.333    10011998       8 -0.2018407E+001 -0.2018407E+001  0.2929573E-003  0.2875591E+001  0.2296963E+001  0.2584818E+001  0.3347625E+001  0.4332643E+001  0.0000000E+000  0.1404702E+002  0.1389729E+002  0.1374306E+002  0.1349172E+002  0.1344044E+002  0.1337192E+002  0.1361852E+002  0.1364052E+002  0.1382688E+002
010101998soil_c_   9.375    10011998       9 -0.2022324E+001 -0.2022324E+001  0.2892481E-003  0.2509348E+001  0.2303719E+001  0.2589957E+001  0.3349588E+001  0.4330344E+001  0.0000000E+000  0.1402711E+002  0.1388521E+002  0.1374600E+002  0.1350293E+002  0.1345267E+002  0.1338389E+002  0.1362672E+002  0.1364713E+002  0.1383850E+002
010101998soil_c_   9.417    10011998      10 -0.2025010E+001 -0.2025010E+001  0.2879986E-003  0.2442248E+001  0.2308715E+001  0.2593537E+001  0.3350387E+001  0.4327857E+001  0.0000000E+000  0.1398032E+002  0.1384150E+002  0.1371282E+002  0.1348537E+002  0.1344711E+002  0.1338582E+002  0.1363228E+002  0.1365382E+002  0.1384923E+002
010101998soil_c_   9.458    10011998      11 -0.2026221E+001 -0.2026221E+001  0.2877365E-003  0.2528155E+001  0.2316513E+001  0.2599005E+001  0.3351201E+001  0.4325303E+001  0.0000000E+000  0.1395564E+002  0.1381971E+002  0.1369569E+002  0.1347150E+002  0.1343764E+002  0.1338024E+002  0.1363094E+002  0.1365955E+002  0.1385909E+002
010101998soil_c_   9.500    10011998      12 -0.2028500E+001 -0.2028500E+001  0.2866791E-003  0.2513206E+001  0.2326082E+001  0.2604647E+001  0.3352164E+001  0.4322855E+001  0.0000000E+000  0.1392778E+002  0.1379687E+002  0.1367970E+002  0.1346049E+002  0.1343028E+002  0.1337540E+002  0.1362798E+002  0.1366413E+002  0.1386803E+002
010101998soil_c_   9.542    10011998      13 -0.2031447E+001 -0.2031447E+001  0.2852187E-003  0.2441705E+001  0.2334005E+001  0.2609340E+001  0.3353034E+001  0.4320432E+001  0.0000000E+000  0.1389553E+002  0.1376955E+002  0.1366142E+002  0.1344902E+002  0.1342316E+002  0.1337103E+002  0.1362527E+002  0.1366798E+002  0.1387605E+002
010101998soil_c_   9.583    10011998      14 -0.2033178E+001 -0.2033178E+001  0.2849090E-003  0.2510675E+001  0.2341471E+001  0.2614588E+001  0.3353831E+001  0.4317461E+001  0.0000000E+000  0.1386795E+002  0.1374409E+002  0.1364152E+002  0.1343465E+002  0.1341335E+002  0.1336459E+002  0.1362148E+002  0.1367131E+002  0.1388318E+002
010101998soil_c_   9.625    10011998      15 -0.2034718E+001 -0.2034718E+001  0.2846624E-003  0.2586862E+001  0.2349964E+001  0.2621155E+001  0.3354821E+001  0.4313852E+001  0.0000000E+000  0.1385194E+002  0.1372971E+002  0.1363175E+002  0.1342740E+002  0.1340656E+002  0.1335862E+002  0.1361766E+002  0.1367409E+002  0.1388945E+002
010101998soil_c_   9.667    10011998      16 -0.2036327E+001 -0.2036327E+001  0.2851376E-003  0.2722729E+001  0.2359439E+001  0.2628724E+001  0.3356272E+001  0.4310084E+001  0.0000000E+000  0.1384839E+002  0.1372683E+002  0.1363092E+002  0.1342655E+002  0.1340367E+002  0.1335583E+002  0.1361574E+002  0.1367664E+002  0.1389477E+002
010101998soil_c_   9.708    10011998      17 -0.2037407E+001 -0.2037407E+001  0.2867943E-003  0.2972083E+001  0.2371043E+001  0.2637486E+001  0.3358667E+001  0.4306626E+001  0.0000000E+000  0.1387201E+002  0.1375012E+002  0.1364971E+002  0.1343846E+002  0.1340914E+002  0.1335952E+002  0.1361817E+002  0.1367984E+002  0.1389883E+002
010101998soil_c_   9.750    10011998      18 -0.2039346E+001 -0.2039346E+001  0.2859618E-003  0.2925287E+001  0.2383950E+001  0.2647026E+001  0.3362280E+001  0.4303954E+001  0.0000000E+000  0.1389307E+002  0.1377472E+002  0.1367740E+002  0.1346360E+002  0.1342758E+002  0.1337438E+002  0.1362639E+002  0.1368368E+002  0.1390161E+002
010101998soil_c_   9.792    10011998      19 -0.2041799E+001 -0.2041799E+001  0.2847816E-003  0.2831287E+001  0.2396881E+001  0.2656954E+001  0.3366270E+001  0.4302027E+001  0.0000000E+000  0.1389800E+002  0.1378425E+002  0.1369393E+002  0.1348382E+002  0.1344642E+002  0.1339219E+002  0.1363829E+002  0.1368816E+002  0.1390330E+002
010101998soil_c_   9.833    10011998      20 -0.2043915E+001 -0.2043915E+001  0.2858822E-003  0.2985597E+001  0.2410784E+001  0.2667627E+001  0.3370265E+001  0.4300635E+001  0.0000000E+000  0.1391181E+002  0.1379966E+002  0.1371119E+002  0.1350061E+002  0.1346198E+002  0.1340781E+002  0.1364980E+002  0.1369286E+002  0.1390413E+002
010101998soil_c_   9.875    10011998      21 -0.2045124E+001 -0.2045124E+001  0.2888037E-003  0.3332170E+001  0.2426395E+001  0.2680535E+001  0.3375249E+001  0.4299759E+001  0.0000000E+000  0.1397202E+002  0.1385753E+002  0.1376075E+002  0.1353608E+002  0.1348713E+002  0.1342780E+002  0.1366251E+002  0.1369760E+002  0.1390461E+002
010101998soil_c_   9.917    10011998      22 -0.2047089E+001 -0.2047089E+001  0.2896588E-003  0.3421216E+001  0.2443951E+001  0.2694925E+001  0.3381671E+001  0.4299613E+001  0.0000000E+000  0.1404127E+002  0.1392767E+002  0.1382656E+002  0.1358997E+002  0.1352869E+002  0.1346061E+002  0.1368279E+002  0.1370325E+002  0.1390512E+002
010101998soil_c_   9.958    10011998      23 -0.2050381E+001 -0.2050381E+001  0.2899384E-003  0.3430060E+001  0.2469256E+001  0.2709165E+001  0.3389284E+001  0.4300335E+001  0.0000000E+000  0.1409099E+002  0.1399034E+002  0.1389186E+002  0.1364802E+002  0.1357743E+002  0.1350157E+002  0.1370998E+002  0.1371017E+002  0.1390536E+002
010101998soil_c_  10.000    10011998      24 -0.2057309E+001 -0.2057309E+001  0.2893469E-003  0.3341142E+001  0.2500478E+001  0.2720706E+001  0.3395606E+001  0.4301871E+001  0.0000000E+000  0.1412090E+002  0.1403874E+002  0.1394719E+002  0.1370476E+002  0.1362745E+002  0.1354514E+002  0.1374042E+002  0.1371836E+002  0.1390535E+002
010101998soil_c_  10.042    11011998       1 -0.2065064E+001 -0.2065064E+001  0.2885029E-003  0.3232146E+001  0.2530431E+001  0.2731001E+001  0.3397644E+001  0.4303438E+001  0.0000000E+000  0.1414002E+002  0.1407502E+002  0.1398731E+002  0.1375322E+002  0.1367273E+002  0.1358643E+002  0.1377085E+002  0.1372746E+002  0.1390511E+002
010101998soil_c_  10.083    11011998       2 -0.2071512E+001 -0.2071512E+001  0.2874294E-003  0.3121855E+001  0.2554755E+001  0.2741765E+001  0.3399285E+001  0.4303376E+001  0.0000000E+000  0.1415593E+002  0.1410110E+002  0.1401910E+002  0.1379267E+002  0.1371135E+002  0.1362277E+002  0.1379873E+002  0.1373685E+002  0.1390461E+002
010101998soil_c_  10.125    11011998       3 -0.2077946E+001 -0.2077946E+001  0.2866895E-003  0.3066673E+001  0.2569317E+001  0.2751951E+001  0.3400990E+001  0.4298221E+001  0.0000000E+000  0.1417224E+002  0.1412037E+002  0.1404346E+002  0.1381993E+002  0.1374348E+002  0.1365367E+002  0.1382308E+002  0.1374590E+002  0.1390378E+002
010101998soil_c_  10.167    11011998       4 -0.2083044E+001 -0.2083044E+001  0.2883011E-003  0.3280049E+001  0.2587640E+001  0.2761123E+001  0.3402286E+001  0.4290666E+001  0.0000000E+000  0.1420225E+002  0.1415571E+002  0.1407584E+002  0.1384828E+002  0.1377346E+002  0.1368123E+002  0.1384436E+002  0.1375423E+002  0.1390257E+002
010101998soil_c_  10.208    11011998       5 -0.2094826E+001 -0.2094826E+001  0.2853379E-003  0.2923014E+001  0.2605433E+001  0.2766853E+001  0.3400804E+001  0.4280191E+001  0.0000000E+000  0.1420849E+002  0.1417620E+002  0.1410543E+002  0.1388139E+002  0.1380589E+002  0.1371301E+002  0.1386681E+002  0.1376197E+002  0.1390096E+002
010101998soil_c_  10.250    11011998       6 -0.2099510E+001 -0.2099510E+001  0.2832696E-003  0.2746751E+001  0.2627490E+001  0.2773475E+001  0.3400535E+001  0.4270010E+001  0.0000000E+000  0.1418522E+002  0.1416849E+002  0.1410695E+002  0.1389285E+002  0.1382137E+002  0.1373639E+002  0.1388688E+002  0.1376945E+002  0.1389895E+002
010101998soil_c_  10.292    11011998       7 -0.2101939E+001 -0.2101939E+001  0.2810295E-003  0.2561708E+001  0.2651004E+001  0.2781169E+001  0.3402385E+001  0.4262570E+001  0.0000000E+000  0.1414910E+002  0.1414838E+002  0.1409763E+002  0.1389464E+002  0.1382823E+002  0.1374915E+002  0.1390012E+002  0.1377611E+002  0.1389654E+002
010101998soil_c_  10.333    11011998       8 -0.2101503E+001 -0.2101503E+001  0.2794821E-003  0.2484106E+001  0.2675315E+001  0.2790401E+001  0.3406819E+001  0.4258740E+001  0.0000000E+000  0.1411046E+002  0.1412387E+002  0.1408167E+002  0.1388857E+002  0.1382785E+002  0.1375372E+002  0.1390621E+002  0.1378121E+002  0.1389369E+002
010101998soil_c_  10.375    11011998       9 -0.2100139E+001 -0.2100139E+001  0.2762084E-003  0.2237901E+001  0.2699875E+001  0.2801042E+001  0.3413766E+001  0.4258526E+001  0.0000000E+000  0.1405268E+002  0.1408143E+002  0.1405295E+002  0.1387455E+002  0.1382181E+002  0.1375185E+002  0.1390670E+002  0.1378423E+002  0.1389033E+002
010101998soil_c_  10.417    11011998      10 -0.2096017E+001 -0.2096017E+001  0.2744670E-003  0.2174222E+001  0.2728308E+001  0.2814012E+001  0.3424043E+001  0.4262994E+001  0.0000000E+000  0.1398458E+002  0.1403132E+002  0.1401423E+002  0.1384989E+002  0.1380667E+002  0.1374044E+002  0.1390067E+002  0.1378518E+002  0.1388641E+002
010101998soil_c_  10.458    11011998      11 -0.2091862E+001 -0.2091862E+001  0.2737228E-003  0.2234632E+001  0.2758919E+001  0.2829380E+001  0.3437447E+001  0.4272033E+001  0.0000000E+000  0.1392892E+002  0.1398648E+002  0.1397722E+002  0.1382331E+002  0.1378764E+002  0.1372283E+002  0.1388908E+002  0.1378398E+002  0.1388189E+002
010101998soil_c_  10.500    11011998      12 -0.2090894E+001 -0.2090894E+001  0.2746635E-003  0.2463508E+001  0.2781603E+001  0.2844887E+001  0.3452051E+001  0.4283773E+001  0.0000000E+000  0.1390041E+002  0.1396194E+002  0.1395428E+002  0.1380399E+002  0.1376748E+002  0.1370531E+002  0.1387554E+002  0.1378103E+002  0.1387674E+002
010101998soil_c_  10.542    11011998      13 -0.2093869E+001 -0.2093869E+001  0.2760639E-003  0.2715542E+001  0.2802178E+001  0.2858485E+001  0.3464925E+001  0.4294696E+001  0.0000000E+000  0.1389799E+002  0.1396355E+002  0.1395312E+002  0.1379997E+002  0.1375861E+002  0.1369548E+002  0.1386514E+002  0.1377718E+002  0.1387097E+002
010101998soil_c_  10.583    11011998      14 -0.2099352E+001 -0.2099352E+001  0.2749342E-003  0.2675742E+001  0.2820969E+001  0.2869563E+001  0.3474652E+001  0.4302306E+001  0.0000000E+000  0.1389665E+002  0.1396890E+002  0.1395989E+002  0.1380605E+002  0.1376227E+002  0.1369604E+002  0.1386124E+002  0.1377382E+002  0.1386474E+002
010101998soil_c_  10.625    11011998      15 -0.2102615E+001 -0.2102615E+001  0.2740849E-003  0.2656438E+001  0.2839890E+001  0.2880297E+001  0.3483472E+001  0.4307997E+001  0.0000000E+000  0.1388142E+002  0.1396082E+002  0.1395537E+002  0.1380595E+002  0.1376497E+002  0.1369919E+002  0.1386171E+002  0.1377139E+002  0.1385806E+002
010101998soil_c_  10.667    11011998      16 -0.2105392E+001 -0.2105392E+001  0.2761222E-003  0.2953364E+001  0.2858551E+001  0.2890794E+001  0.3491735E+001  0.4312943E+001  0.0000000E+000  0.1389260E+002  0.1397559E+002  0.1396532E+002  0.1381194E+002  0.1376957E+002  0.1370275E+002  0.1386265E+002  0.1376951E+002  0.1385096E+002
010101998soil_c_  10.708    11011998      17 -0.2111672E+001 -0.2111672E+001  0.2796249E-003  0.3389342E+001  0.2875059E+001  0.2899491E+001  0.3497271E+001  0.4314733E+001  0.0000000E+000  0.1394053E+002  0.1402431E+002  0.1400218E+002  0.1383627E+002  0.1378878E+002  0.1371581E+002  0.1386829E+002  0.1376814E+002  0.1384347E+002
010101998soil_c_  10.750    11011998      18 -0.2126085E+001 -0.2126085E+001  0.2806016E-003  0.3456949E+001  0.2884928E+001  0.2902925E+001  0.3496861E+001  0.4309534E+001  0.0000000E+000  0.1400876E+002  0.1409448E+002  0.1406363E+002  0.1388431E+002  0.1382639E+002  0.1374629E+002  0.1388432E+002  0.1376816E+002  0.1383567E+002
010101998soil_c_  10.792    11011998      19 -0.2140012E+001 -0.2140012E+001  0.2791861E-003  0.3263927E+001  0.2890923E+001  0.2903011E+001  0.3491903E+001  0.4297776E+001  0.0000000E+000  0.1404998E+002  0.1414020E+002  0.1410910E+002  0.1392723E+002  0.1386296E+002  0.1378536E+002  0.1390941E+002  0.1377054E+002  0.1382767E+002
010101998soil_c_  10.833    11011998      20 -0.2151080E+001 -0.2151080E+001  0.2780438E-003  0.3121940E+001  0.2904750E+001  0.2903294E+001  0.3485723E+001  0.4283245E+001  0.0000000E+000  0.1406238E+002  0.1416558E+002  0.1413781E+002  0.1395806E+002  0.1389201E+002  0.1381589E+002  0.1393478E+002  0.1377478E+002  0.1381958E+002
010101998soil_c_  10.875    11011998      21 -0.2160388E+001 -0.2160388E+001  0.2784993E-003  0.3161230E+001  0.2911512E+001  0.2903222E+001  0.3479340E+001  0.4268105E+001  0.0000000E+000  0.1408753E+002  0.1419232E+002  0.1416392E+002  0.1398369E+002  0.1391553E+002  0.1383707E+002  0.1395632E+002  0.1377950E+002  0.1381143E+002
010101998soil_c_  10.917    11011998      22 -0.2169132E+001 -0.2169132E+001  0.2769377E-003  0.2976687E+001  0.2913626E+001  0.2901392E+001  0.3471607E+001  0.4251840E+001  0.0000000E+000  0.1410920E+002  0.1421649E+002  0.1419020E+002  0.1401025E+002  0.1393921E+002  0.1385741E+002  0.1397591E+002  0.1378392E+002  0.1380320E+002
010101998soil_c_  10.958    11011998      23 -0.2173495E+001 -0.2173495E+001  0.2777514E-003  0.3078575E+001  0.2916749E+001  0.2900214E+001  0.3464655E+001  0.4235966E+001  0.0000000E+000  0.1411671E+002  0.1422565E+002  0.1419988E+002  0.1402328E+002  0.1395403E+002  0.1387234E+002  0.1399241E+002  0.1378792E+002  0.1379487E+002
010101998soil_c_  11.000    11011998      24 -0.2183198E+001 -0.2183198E+001  0.2802555E-003  0.3331508E+001  0.2917944E+001  0.2896854E+001  0.3455869E+001  0.4219452E+001  0.0000000E+000  0.1416883E+002  0.1427705E+002  0.1424214E+002  0.1405455E+002  0.1397688E+002  0.1388960E+002  0.1400360E+002  0.1379109E+002  0.1378640E+002
010101998soil_c_  11.042    12011998       1 -0.2196051E+001 -0.2196051E+001  0.2799321E-003  0.3263663E+001  0.2917760E+001  0.2891455E+001  0.3444208E+001  0.4199716E+001  0.0000000E+000  0.1420809E+002  0.1431855E+002  0.1428090E+002  0.1408871E+002  0.1400541E+002  0.1391270E+002  0.1401809E+002  0.1379424E+002  0.1377778E+002
010101998soil_c_  11.083    12011998       2 -0.2207634E+001 -0.2207634E+001  0.2779517E-003  0.3020814E+001  0.2917220E+001  0.2885283E+001  0.3431207E+001  0.4177855E+001  0.0000000E+000  0.1423068E+002  0.1434554E+002  0.1431038E+002  0.1411838E+002  0.1403225E+002  0.1393561E+002  0.1403339E+002  0.1379789E+002  0.1376906E+002
010101998soil_c_  11.125    12011998       3 -0.2213262E+001 -0.2213262E+001  0.2765777E-003  0.2877800E+001  0.2918415E+001  0.2880599E+001  0.3419563E+001  0.4156494E+001  0.0000000E+000  0.1422635E+002  0.1434595E+002  0.1431609E+002  0.1413065E+002  0.1404772E+002  0.1395143E+002  0.1404559E+002  0.1380163E+002  0.1376028E+002
010101998soil_c_  11.167    12011998       4 -0.2216260E+001 -0.2216260E+001  0.2771848E-003  0.2957175E+001  0.2919827E+001  0.2876501E+001  0.3409125E+001  0.4136906E+001  0.0000000E+000  0.1423728E+002  0.1435901E+002  0.1432851E+002  0.1414279E+002  0.1405934E+002  0.1396219E+002  0.1405343E+002  0.1380447E+002  0.1375141E+002
010101998soil_c_  11.208    12011998       5 -0.2219793E+001 -0.2219793E+001  0.2779702E-003  0.3053058E+001  0.2920611E+001  0.2872118E+001  0.3398651E+001  0.4117884E+001  0.0000000E+000  0.1425547E+002  0.1437848E+002  0.1434560E+002  0.1415770E+002  0.1407234E+002  0.1397326E+002  0.1406064E+002  0.1380627E+002  0.1374239E+002
010101998soil_c_  11.250    12011998       6 -0.2225181E+001 -0.2225181E+001  0.2779200E-003  0.3046634E+001  0.2920076E+001  0.2866730E+001  0.3387205E+001  0.4098325E+001  0.0000000E+000  0.1428053E+002  0.1440506E+002  0.1437008E+002  0.1417852E+002  0.1408934E+002  0.1398685E+002  0.1406910E+002  0.1380763E+002  0.1373322E+002
010101998soil_c_  11.292    12011998       7 -0.2229868E+001 -0.2229868E+001  0.2777245E-003  0.3030503E+001  0.2919400E+001  0.2861294E+001  0.3375516E+001  0.4078333E+001  0.0000000E+000  0.1429541E+002  0.1442187E+002  0.1438672E+002  0.1419499E+002  0.1410478E+002  0.1400103E+002  0.1407839E+002  0.1380933E+002  0.1372393E+002
010101998soil_c_  11.333    12011998       8 -0.2234506E+001 -0.2234506E+001  0.2766855E-003  0.2918623E+001  0.2918124E+001  0.2855593E+001  0.3363645E+001  0.4058302E+001  0.0000000E+000  0.1431033E+002  0.1443927E+002  0.1440502E+002  0.1421274E+002  0.1412076E+002  0.1401515E+002  0.1408717E+002  0.1381086E+002  0.1371453E+002
010101998soil_c_  11.375    12011998       9 -0.2235769E+001 -0.2235769E+001  0.2690634E-003  0.2118196E+001  0.2925749E+001  0.2852050E+001  0.3353395E+001  0.4039374E+001  0.0000000E+000  0.1425408E+002  0.1440022E+002  0.1438652E+002  0.1421151E+002  0.1412743E+002  0.1402453E+002  0.1409428E+002  0.1381208E+002  0.1370502E+002
