    DOY     DATE    HOUR    N2O_FLUX        N2G_FLUX        NH3_FLUX        SURF_N_FLUX     SUBS_N_FLUX     N2O_1           N2O_2           N2O_3           N2O_4           N2O_5           N2O_6           N2O_7           N2O_8           
010101998n2o_nh3   0.042    01011998       1  0.6478917E-006 -0.1037170E-002  0.1473750E-006  0.0000000E+000  0.4743450E-002  0.8051220E-003  0.1735173E-001  0.4654433E-003  0.2888529E-003  0.2156213E-003  0.2584740E-003  0.3700666E-003  0.3828653E-003
010101998n2o_nh3   0.083    01011998       2 -0.1042371E-004 -0.4477148E-002  0.1009833E-006  0.0000000E+000  0.9482253E-002  0.6492138E-002  0.3298198E-001  0.2863070E-001  0.2388636E-001  0.9769656E-002  0.4492360E-002  0.3556197E-003  0.3779562E-003
010101998n2o_nh3   0.125    01011998       3 -0.3866855E-004 -0.7789324E-002  0.6363673E-007  0.0000000E+000  0.1417176E-001  0.1246657E-001  0.5101275E-001  0.4720124E-001  0.4179357E-001  0.2206651E-001  0.1459458E-001  0.4685346E-003  0.3734845E-003
010101998n2o_nh3   0.167    01011998       4 -0.7330474E-004 -0.9854263E-002  0.2384457E-007  0.0000000E+000  0.1879284E-001  0.2117898E-001  0.6461945E-001  0.6705309E-001  0.5404160E-001  0.3152546E-001  0.2353298E-001  0.7246667E-003  0.3703589E-003
010101998n2o_nh3   0.208    01011998       5 -0.9559449E-004 -0.1123391E-001 -0.6535513E-007  0.0000000E+000  0.2331994E-001  0.2543605E-001  0.7318019E-001  0.7902368E-001  0.7028343E-001  0.3832392E-001  0.3021877E-001  0.1075723E-002  0.3692464E-003
010101998n2o_nh3   0.250    01011998       6 -0.1022586E-003 -0.1213447E-001 -0.1161187E-006  0.0000000E+000  0.2777048E-001  0.2758571E-001  0.7746152E-001  0.8597080E-001  0.8177281E-001  0.4867397E-001  0.3580568E-001  0.1481708E-002  0.3704615E-003
010101998n2o_nh3   0.292    01011998       7 -0.9927119E-004 -0.1262799E-001 -0.1875158E-006  0.0000000E+000  0.3214521E-001  0.2837621E-001  0.7855327E-001  0.8932935E-001  0.8810331E-001  0.5557887E-001  0.4243821E-001  0.1957972E-002  0.3742945E-003
010101998n2o_nh3   0.333    01011998       8 -0.9729792E-004 -0.1280517E-001 -0.3647581E-006  0.0000000E+000  0.3647339E-001  0.2905986E-001  0.7712729E-001  0.8989210E-001  0.9159108E-001  0.5863374E-001  0.4603145E-001  0.2457496E-002  0.3810168E-003
010101998n2o_nh3   0.375    01011998       9 -0.1010168E-003 -0.1272128E-001 -0.6236265E-006  0.0000000E+000  0.4076018E-001  0.2275358E-001  0.7383331E-001  0.8796430E-001  0.9201603E-001  0.6037598E-001  0.4832056E-001  0.2943880E-002  0.3906076E-003
010101998n2o_nh3   0.417    01011998      10 -0.8684872E-004 -0.1254882E-001 -0.4388894E-006  0.0000000E+000  0.4499424E-001  0.1208907E-001  0.7182042E-001  0.8610773E-001  0.9006930E-001  0.6227182E-001  0.4971894E-001  0.3390722E-002  0.4028145E-003
010101998n2o_nh3   0.458    01011998      11 -0.7951529E-004 -0.1236710E-001 -0.2392301E-006  0.0000000E+000  0.4919429E-001  0.8915372E-002  0.7306810E-001  0.8480103E-001  0.8774476E-001  0.6337059E-001  0.5033592E-001  0.3769014E-002  0.4172091E-003
010101998n2o_nh3   0.500    01011998      12 -0.8031415E-004 -0.1209066E-001 -0.1342334E-006  0.0000000E+000  0.5335361E-001  0.9325341E-002  0.7128470E-001  0.8257782E-001  0.8548081E-001  0.6359120E-001  0.4999910E-001  0.4042378E-002  0.4332637E-003
010101998n2o_nh3   0.542    01011998      13 -0.8282071E-004 -0.1165988E-001 -0.7056385E-007  0.0000000E+000  0.5747600E-001  0.9971396E-002  0.6494959E-001  0.7839087E-001  0.8271933E-001  0.6315117E-001  0.4895240E-001  0.4154268E-002  0.4501748E-003
010101998n2o_nh3   0.583    01011998      14 -0.8388406E-004 -0.1114409E-001 -0.1161600E-007  0.0000000E+000  0.6156080E-001  0.1025859E-001  0.5965175E-001  0.7278555E-001  0.7952602E-001  0.6193829E-001  0.4790328E-001  0.4008593E-002  0.4669091E-003
010101998n2o_nh3   0.625    01011998      15 -0.8366344E-004 -0.1059932E-001 -0.1039473E-008  0.0000000E+000  0.6561137E-001  0.1037737E-001  0.5589636E-001  0.6651290E-001  0.7613850E-001  0.6000233E-001  0.4670115E-001  0.3365153E-002  0.4816215E-003
010101998n2o_nh3   0.667    01011998      16 -0.8344675E-004 -0.9968954E-002  0.1487381E-008  0.0000000E+000  0.6962949E-001  0.1046606E-001  0.5125315E-001  0.5791373E-001  0.7275969E-001  0.5751299E-001  0.4528565E-001  0.2256630E-002  0.4910331E-003
010101998n2o_nh3   0.708    01011998      17 -0.7816478E-004 -0.9249150E-002  0.1825679E-009  0.0000000E+000  0.7361884E-001  0.9988228E-002  0.4935517E-001  0.4967904E-001  0.6781670E-001  0.5459170E-001  0.4365120E-001  0.2295958E-002  0.4977678E-003
010101998n2o_nh3   0.750    01011998      18 -0.7287272E-004 -0.8402187E-002  0.3453790E-008  0.0000000E+000  0.7758339E-001  0.9020220E-002  0.5349242E-001  0.3899700E-001  0.6007411E-001  0.5131307E-001  0.4192637E-001  0.2533287E-002  0.5055749E-003
010101998n2o_nh3   0.792    01011998      19 -0.6598946E-004 -0.7526643E-002  0.6101992E-008  0.0000000E+000  0.8152326E-001  0.8045746E-002  0.6200951E-001  0.2739773E-001  0.5186187E-001  0.4744363E-001  0.4009938E-001  0.2761688E-002  0.5147398E-003
010101998n2o_nh3   0.833    01011998      20 -0.5492807E-004 -0.6767033E-002  0.4966455E-008  0.0000000E+000  0.8543662E-001  0.7101328E-002  0.7270494E-001  0.1871649E-001  0.4449769E-001  0.4319751E-001  0.3794195E-001  0.2961464E-002  0.5250797E-003
010101998n2o_nh3   0.875    01011998      21 -0.4585551E-004 -0.6071749E-002 -0.5600919E-007  0.0000000E+000  0.8932368E-001  0.6389406E-002  0.8273618E-001  0.1430724E-001  0.3804592E-001  0.3874705E-001  0.3539169E-001  0.3185487E-002  0.5364685E-003
010101998n2o_nh3   0.917    01011998      22 -0.4172447E-004 -0.5447715E-002 -0.1636137E-006  0.0000000E+000  0.9318624E-001  0.5852996E-002  0.8984113E-001  0.1352001E-001  0.3232455E-001  0.3418316E-001  0.3248510E-001  0.3372750E-002  0.5489131E-003
010101998n2o_nh3   0.958    01011998      23 -0.3633860E-004 -0.4905867E-002 -0.1869275E-006  0.0000000E+000  0.9703221E-001  0.5588498E-002  0.9511690E-001  0.1354686E-001  0.2699346E-001  0.2958902E-001  0.2967495E-001  0.3462000E-002  0.5619177E-003
010101998n2o_nh3   1.000    01011998      24 -0.3092515E-004 -0.4418011E-002 -0.1830520E-006  0.0000000E+000  0.1008665E+000  0.5362165E-002  0.9926982E-001  0.1371178E-001  0.2214739E-001  0.2557267E-001  0.2718218E-001  0.3487833E-002  0.5751788E-003
010101998n2o_nh3   1.042    02011998       1 -0.2615537E-004 -0.3969578E-002 -0.1711780E-006  0.0000000E+000  0.1050247E+000  0.5343856E-002  0.1026338E+000  0.1387803E-001  0.1810144E-001  0.2203543E-001  0.2494867E-001  0.3454972E-002  0.5885082E-003
010101998n2o_nh3   1.083    02011998       2 -0.2237060E-004 -0.3531657E-002 -0.1547777E-006  0.0000000E+000  0.1092911E+000  0.5379854E-002  0.1053650E+000  0.1400306E-001  0.1416756E-001  0.1864942E-001  0.2300517E-001  0.3488690E-002  0.6031130E-003
010101998n2o_nh3   1.125    02011998       3 -0.2009769E-004 -0.3171448E-002 -0.1355474E-006  0.0000000E+000  0.1135516E+000  0.5542222E-002  0.1075247E+000  0.1407686E-001  0.1284654E-001  0.1578814E-001  0.2116506E-001  0.3528070E-002  0.6183391E-003
010101998n2o_nh3   1.167    02011998       4 -0.1853308E-004 -0.2901655E-002 -0.1150582E-006  0.0000000E+000  0.1177949E+000  0.5768738E-002  0.1092216E+000  0.1410333E-001  0.1254431E-001  0.1336837E-001  0.1937954E-001  0.3581361E-002  0.6337775E-003
010101998n2o_nh3   1.208    02011998       5 -0.1780529E-004 -0.2612961E-002 -0.9534349E-007  0.0000000E+000  0.1220027E+000  0.5999896E-002  0.1104003E+000  0.1409344E-001  0.1249652E-001  0.1171735E-001  0.1787607E-001  0.3675404E-002  0.6495636E-003
010101998n2o_nh3   1.250    02011998       6 -0.1774103E-004 -0.2367786E-002 -0.7957355E-007  0.0000000E+000  0.1262080E+000  0.6287769E-002  0.1111204E+000  0.1405048E-001  0.1249379E-001  0.1122129E-001  0.1592018E-001  0.3807146E-002  0.6659332E-003
010101998n2o_nh3   1.292    02011998       7 -0.1578642E-004 -0.2158398E-002 -0.2087077E-007  0.0000000E+000  0.1304114E+000  0.6511393E-002  0.1114304E+000  0.1398668E-001  0.1248604E-001  0.1080387E-001  0.1370945E-001  0.3960981E-002  0.6830503E-003
010101998n2o_nh3   1.333    02011998       8 -0.1698608E-004 -0.1963241E-002 -0.1261206E-007  0.0000000E+000  0.1346132E+000  0.6795094E-002  0.1113699E+000  0.1391995E-001  0.1246815E-001  0.1059701E-001  0.1142822E-001  0.4129696E-002  0.7010071E-003
010101998n2o_nh3   1.375    02011998       9 -0.1878741E-004 -0.1751513E-002 -0.5080047E-008  0.0000000E+000  0.1388134E+000  0.6932549E-002  0.1109749E+000  0.1383562E-001  0.1243249E-001  0.1048558E-001  0.9983327E-002  0.4311363E-002  0.7198753E-003
010101998n2o_nh3   1.417    02011998      10 -0.2086952E-004 -0.1563822E-002  0.1924961E-008  0.0000000E+000  0.1427492E+000  0.7092183E-002  0.1102332E+000  0.1372763E-001  0.1237424E-001  0.1038648E-001  0.9514383E-002  0.4494643E-002  0.7343763E-003
010101998n2o_nh3   1.458    02011998      11 -0.2336476E-004 -0.1393204E-002  0.8448069E-008  0.0000000E+000  0.1464174E+000  0.7132516E-002  0.1091885E+000  0.1359674E-001  0.1229428E-001  0.1028317E-001  0.9156659E-002  0.4675446E-002  0.7459235E-003
010101998n2o_nh3   1.500    02011998      12 -0.2607571E-004 -0.1276428E-002  0.1378683E-007  0.0000000E+000  0.1500820E+000  0.7166594E-002  0.1078334E+000  0.1345256E-001  0.1219318E-001  0.1017130E-001  0.9038131E-002  0.4846445E-002  0.7543212E-003
010101998n2o_nh3   1.542    02011998      13 -0.2907846E-004 -0.1192706E-002  0.2081959E-007  0.0000000E+000  0.1537438E+000  0.7178741E-002  0.1062560E+000  0.1328540E-001  0.1207152E-001  0.1004956E-001  0.8961014E-002  0.5006931E-002  0.7618322E-003
010101998n2o_nh3   1.583    02011998      14 -0.3227772E-004 -0.1126002E-002  0.2975735E-007  0.0000000E+000  0.1574030E+000  0.7156697E-002  0.1044373E+000  0.1309965E-001  0.1192902E-001  0.9916923E-002  0.8887483E-002  0.5154991E-002  0.7684547E-003
010101998n2o_nh3   1.625    02011998      15 -0.3604143E-004 -0.1069406E-002  0.3733018E-007  0.0000000E+000  0.1610600E+000  0.7243749E-002  0.1023817E+000  0.1287442E-001  0.1176412E-001  0.9772646E-002  0.8808287E-002  0.5289515E-002  0.7734765E-003
010101998n2o_nh3   1.667    02011998      16 -0.3938763E-004 -0.1019366E-002  0.3999075E-007  0.0000000E+000  0.1647153E+000  0.7230996E-002  0.1000713E+000  0.1262770E-001  0.1157773E-001  0.9616515E-002  0.8719818E-002  0.5409421E-002  0.7780172E-003
010101998n2o_nh3   1.708    02011998      17 -0.4271727E-004 -0.9732961E-003  0.4175285E-007  0.0000000E+000  0.1683620E+000  0.7415573E-002  0.9752280E-001  0.1234956E-001  0.1137232E-001  0.9449191E-002  0.8620949E-002  0.5514327E-002  0.7825561E-003
010101998n2o_nh3   1.750    02011998      18 -0.4561063E-004 -0.9305843E-003  0.4328783E-007  0.0000000E+000  0.1719830E+000  0.7457175E-002  0.9481683E-001  0.1205170E-001  0.1115005E-001  0.9272036E-002  0.8512035E-002  0.5604338E-002  0.7870942E-003
010101998n2o_nh3   1.792    02011998      19 -0.4822678E-004 -0.8902656E-003  0.4465979E-007  0.0000000E+000  0.1755964E+000  0.7581721E-002  0.9195960E-001  0.1173782E-001  0.1091396E-001  0.9086638E-002  0.8393709E-002  0.5679820E-002  0.7919394E-003
010101998n2o_nh3   1.833    02011998      20 -0.5068426E-004 -0.8519087E-003  0.4572541E-007  0.0000000E+000  0.1792021E+000  0.7639470E-002  0.8902416E-001  0.1140372E-001  0.1066691E-001  0.8894552E-002  0.8266088E-002  0.5741485E-002  0.7970882E-003
010101998n2o_nh3   1.875    02011998      21 -0.5270252E-004 -0.8155168E-003  0.4674588E-007  0.0000000E+000  0.1828004E+000  0.7561890E-002  0.8601719E-001  0.1107225E-001  0.1041255E-001  0.8697854E-002  0.8130703E-002  0.5789992E-002  0.8024830E-003
010101998n2o_nh3   1.917    02011998      22 -0.5474743E-004 -0.7804817E-003  0.4734556E-007  0.0000000E+000  0.1863914E+000  0.7654530E-002  0.8293918E-001  0.1073285E-001  0.1015449E-001  0.8498500E-002  0.7988923E-002  0.5825256E-002  0.8088779E-003
010101998n2o_nh3   1.958    02011998      23 -0.5639152E-004 -0.7468871E-003  0.4797123E-007  0.0000000E+000  0.1899754E+000  0.7597985E-002  0.7981425E-001  0.1039484E-001  0.9895241E-002  0.8297991E-002  0.7842381E-002  0.5847959E-002  0.8163513E-003
010101998n2o_nh3   2.000    02011998      24 -0.5780320E-004 -0.7145141E-003  0.4858560E-007  0.0000000E+000  0.1935525E+000  0.7453172E-002  0.7664125E-001  0.1006997E-001  0.9637366E-002  0.8097512E-002  0.7692414E-002  0.5859242E-002  0.8250044E-003
010101998n2o_nh3   2.042    03011998       1 -0.5925115E-004 -0.6825837E-003  0.4887573E-007  0.0000000E+000  0.1971228E+000  0.7513060E-002  0.7336629E-001  0.9743840E-002  0.9382939E-002  0.7898035E-002  0.7540041E-002  0.5859480E-002  0.8349809E-003
010101998n2o_nh3   2.083    03011998       2 -0.6046549E-004 -0.6514699E-003  0.4908576E-007  0.0000000E+000  0.2006862E+000  0.7419551E-002  0.7004769E-001  0.9425879E-002  0.9133290E-002  0.7700224E-002  0.7386387E-002  0.5849390E-002  0.8463502E-003
010101998n2o_nh3   2.125    03011998       3 -0.6144946E-004 -0.6206798E-003  0.4954347E-007  0.0000000E+000  0.2042427E+000  0.7244656E-002  0.6663308E-001  0.9126890E-002  0.8889495E-002  0.7504873E-002  0.7232191E-002  0.5830142E-002  0.8591088E-003
010101998n2o_nh3   2.167    03011998       4 -0.6242838E-004 -0.5889601E-003  0.4987771E-007  0.0000000E+000  0.2077921E+000  0.7211234E-002  0.6299308E-001  0.8839468E-002  0.8652515E-002  0.7312747E-002  0.7077547E-002  0.5802169E-002  0.8734812E-003
010101998n2o_nh3   2.208    03011998       5 -0.6349068E-004 -0.5554797E-003  0.4987134E-007  0.0000000E+000  0.2113345E+000  0.7121226E-002  0.5904622E-001  0.8561342E-002  0.8422327E-002  0.7124333E-002  0.6923017E-002  0.5765582E-002  0.8894978E-003
010101998n2o_nh3   2.250    03011998       6 -0.6413224E-004 -0.5209607E-003  0.5011562E-007  0.0000000E+000  0.2148689E+000  0.6926191E-002  0.5488551E-001  0.8297045E-002  0.8199281E-002  0.6939887E-002  0.6769102E-002  0.5721521E-002  0.9072013E-003
010101998n2o_nh3   2.292    03011998       7 -0.6457040E-004 -0.4837779E-003  0.5049964E-007  0.0000000E+000  0.2183934E+000  0.6682364E-002  0.5033382E-001  0.8045699E-002  0.7983456E-002  0.6759424E-002  0.6616365E-002  0.5670754E-002  0.9265209E-003
010101998n2o_nh3   2.333    03011998       8 -0.6495400E-004 -0.4396510E-003  0.5083959E-007  0.0000000E+000  0.2219125E+000  0.6597924E-002  0.4483043E-001  0.7806178E-002  0.7774267E-002  0.6582804E-002  0.6465109E-002  0.5613377E-002  0.9474176E-003
010101998n2o_nh3   2.375    03011998       9 -0.6482118E-004 -0.3872158E-003  0.5178362E-007  0.0000000E+000  0.2254260E+000  0.6357822E-002  0.3834171E-001  0.7573605E-002  0.7570783E-002  0.6410009E-002  0.6315224E-002  0.5548770E-002  0.9699130E-003
010101998n2o_nh3   2.417    03011998      10 -0.6355792E-004 -0.3265982E-003  0.5390260E-007  0.0000000E+000  0.2289343E+000  0.6205050E-002  0.3097333E-001  0.7349303E-002  0.7373434E-002  0.6241581E-002  0.6167070E-002  0.5469153E-002  0.9941607E-003
010101998n2o_nh3   2.458    03011998      11 -0.6121967E-004 -0.2493595E-003  0.5460739E-007  0.0000000E+000  0.2324376E+000  0.6214437E-002  0.2142969E-001  0.7137809E-002  0.7185192E-002  0.6079820E-002  0.6022228E-002  0.5376570E-002  0.1020596E-002
010101998n2o_nh3   2.500    03011998      12 -0.5850144E-004 -0.1840791E-003  0.5440930E-007  0.0000000E+000  0.2359359E+000  0.6196567E-002  0.1384844E-001  0.6937987E-002  0.7007013E-002  0.5925607E-002  0.5881532E-002  0.5274598E-002  0.1049252E-002
010101998n2o_nh3   2.542    03011998      13 -0.5658052E-004 -0.1284897E-003  0.5335676E-007  0.0000000E+000  0.2394296E+000  0.6148114E-002  0.9905870E-002  0.6749325E-002  0.6839353E-002  0.5779488E-002  0.5745442E-002  0.5167706E-002  0.1079595E-002
010101998n2o_nh3   2.583    03011998      14 -0.5619898E-004 -0.9563796E-004  0.5194721E-007  0.0000000E+000  0.2429184E+000  0.6153310E-002  0.9146446E-002  0.6572913E-002  0.6682651E-002  0.5641660E-002  0.5614330E-002  0.5058838E-002  0.1111383E-002
010101998n2o_nh3   2.625    03011998      15 -0.5703091E-004 -0.8313838E-004  0.5077415E-007  0.0000000E+000  0.2464017E+000  0.6221424E-002  0.8832064E-002  0.6405231E-002  0.6534124E-002  0.5511574E-002  0.5488541E-002  0.4950689E-002  0.1144239E-002
010101998n2o_nh3   2.667    03011998      16 -0.5809077E-004 -0.7674433E-004  0.5010922E-007  0.0000000E+000  0.2498791E+000  0.6277891E-002  0.8535392E-002  0.6237270E-002  0.6389648E-002  0.5387917E-002  0.5367221E-002  0.4843322E-002  0.1177670E-002
010101998n2o_nh3   2.708    03011998      17 -0.5954018E-004 -0.7236483E-004  0.4991522E-007  0.0000000E+000  0.2533507E+000  0.6322812E-002  0.8210133E-002  0.6067168E-002  0.6247323E-002  0.5269006E-002  0.5249349E-002  0.4739790E-002  0.1211007E-002
010101998n2o_nh3   2.750    03011998      18 -0.6125667E-004 -0.6776802E-004  0.4973890E-007  0.0000000E+000  0.2568161E+000  0.6355380E-002  0.7843053E-002  0.5886991E-002  0.6102100E-002  0.5151631E-002  0.5133271E-002  0.4643706E-002  0.1244376E-002
010101998n2o_nh3   2.792    03011998      19 -0.6283876E-004 -0.6306671E-004  0.5106574E-007  0.0000000E+000  0.2602768E+000  0.6295631E-002  0.7474106E-002  0.5698145E-002  0.5950582E-002  0.5032445E-002  0.5017010E-002  0.4552474E-002  0.1277365E-002
010101998n2o_nh3   2.833    03011998      20 -0.6387020E-004 -0.5854264E-004  0.5280047E-007  0.0000000E+000  0.2637319E+000  0.6163510E-002  0.7102711E-002  0.5504407E-002  0.5791756E-002  0.4909640E-002  0.4899713E-002  0.4461380E-002  0.1309738E-002
010101998n2o_nh3   2.875    03011998      21 -0.6431827E-004 -0.5495148E-004  0.5453843E-007  0.0000000E+000  0.2671814E+000  0.6029739E-002  0.6729536E-002  0.5317027E-002  0.5632466E-002  0.4784945E-002  0.4781462E-002  0.4369345E-002  0.1341210E-002
010101998n2o_nh3   2.917    03011998      22 -0.6474197E-004 -0.5212162E-004  0.5591638E-007  0.0000000E+000  0.2706250E+000  0.5910564E-002  0.6362171E-002  0.5139700E-002  0.5477720E-002  0.4661539E-002  0.4663631E-002  0.4275293E-002  0.1372325E-002
010101998n2o_nh3   2.958    03011998      23 -0.6501960E-004 -0.4979273E-004  0.5691786E-007  0.0000000E+000  0.2740623E+000  0.5818309E-002  0.6016523E-002  0.4973748E-002  0.5327530E-002  0.4541029E-002  0.4547319E-002  0.4180714E-002  0.1403036E-002
010101998n2o_nh3   3.000    03011998      24 -0.6551041E-004 -0.4778347E-004  0.5755317E-007  0.0000000E+000  0.2774931E+000  0.5745438E-002  0.5694571E-002  0.4818915E-002  0.5181883E-002  0.4423227E-002  0.4433562E-002  0.4088005E-002  0.1432760E-002
010101998n2o_nh3   3.042    04011998       1 -0.6622846E-004 -0.4593323E-004  0.5793444E-007  0.0000000E+000  0.2809177E+000  0.5661339E-002  0.5385474E-002  0.4671891E-002  0.5039111E-002  0.4307820E-002  0.4321828E-002  0.3997969E-002  0.1461698E-002
010101998n2o_nh3   3.083    04011998       2 -0.6676016E-004 -0.4416082E-004  0.5826884E-007  0.0000000E+000  0.2842899E+000  0.5576458E-002  0.5090688E-002  0.4530073E-002  0.4898956E-002  0.4194421E-002  0.4211945E-002  0.3909865E-002  0.1490007E-002
010101998n2o_nh3   3.125    04011998       3 -0.6684809E-004 -0.4240281E-004  0.5918933E-007  0.0000000E+000  0.2876477E+000  0.5493572E-002  0.4803732E-002  0.4390968E-002  0.4762822E-002  0.4082324E-002  0.4103698E-002  0.3826518E-002  0.1517469E-002
010101998n2o_nh3   3.167    04011998       4 -0.6724065E-004 -0.4057372E-004  0.6095750E-007  0.0000000E+000  0.2910005E+000  0.5326519E-002  0.4544187E-002  0.4251606E-002  0.4628568E-002  0.3971261E-002  0.3996636E-002  0.3744482E-002  0.1543915E-002
010101998n2o_nh3   3.208    04011998       5 -0.6735758E-004 -0.3880572E-004  0.6246359E-007  0.0000000E+000  0.2943480E+000  0.5107190E-002  0.4294442E-002  0.4111737E-002  0.4493909E-002  0.3861172E-002  0.3890448E-002  0.3662374E-002  0.1569049E-002
010101998n2o_nh3   3.250    04011998       6 -0.6613561E-004 -0.3721934E-004  0.6376738E-007  0.0000000E+000  0.2976899E+000  0.4922248E-002  0.4057469E-002  0.3976438E-002  0.4360224E-002  0.3752536E-002  0.3784930E-002  0.3580702E-002  0.1592605E-002
010101998n2o_nh3   3.292    04011998       7 -0.6293038E-004 -0.3573189E-004  0.6448127E-007  0.0000000E+000  0.3010260E+000  0.4797123E-002  0.3841791E-002  0.3848855E-002  0.4229579E-002  0.3645765E-002  0.3680985E-002  0.3499227E-002  0.1615155E-002
010101998n2o_nh3   3.333    04011998       8 -0.6256336E-004 -0.3464530E-004  0.6493554E-007  0.0000000E+000  0.3043564E+000  0.4650634E-002  0.3684112E-002  0.3729455E-002  0.4102599E-002  0.3541652E-002  0.3579714E-002  0.3418389E-002  0.1636795E-002
010101998n2o_nh3   3.375    04011998       9 -0.6302867E-004 -0.3375242E-004  0.6507052E-007  0.0000000E+000  0.3076796E+000  0.4471794E-002  0.3559779E-002  0.3620833E-002  0.3980377E-002  0.3440139E-002  0.3481142E-002  0.3338063E-002  0.1657427E-002
010101998n2o_nh3   3.417    04011998      10 -0.6362646E-004 -0.3286797E-004  0.6495047E-007  0.0000000E+000  0.3109952E+000  0.4322249E-002  0.3441790E-002  0.3518175E-002  0.3864780E-002  0.3341943E-002  0.3385303E-002  0.3258940E-002  0.1676961E-002
010101998n2o_nh3   3.458    04011998      11 -0.6438974E-004 -0.3211445E-004  0.6500072E-007  0.0000000E+000  0.3143029E+000  0.4206995E-002  0.3328971E-002  0.3419246E-002  0.3757229E-002  0.3247824E-002  0.3292329E-002  0.3181434E-002  0.1695219E-002
010101998n2o_nh3   3.500    04011998      12 -0.6487266E-004 -0.3140273E-004  0.6535197E-007  0.0000000E+000  0.3176019E+000  0.4103101E-002  0.3225318E-002  0.3322053E-002  0.3655261E-002  0.3158339E-002  0.3202552E-002  0.3105642E-002  0.1712345E-002
010101998n2o_nh3   3.542    04011998      13 -0.6514590E-004 -0.3065242E-004  0.6563614E-007  0.0000000E+000  0.3208924E+000  0.4001337E-002  0.3125953E-002  0.3226933E-002  0.3555998E-002  0.3072590E-002  0.3116616E-002  0.3031543E-002  0.1728359E-002
010101998n2o_nh3   3.583    04011998      14 -0.6540319E-004 -0.2988877E-004  0.6584848E-007  0.0000000E+000  0.3241738E+000  0.3900896E-002  0.3030794E-002  0.3134412E-002  0.3458916E-002  0.2989963E-002  0.3034128E-002  0.2959258E-002  0.1743307E-002
010101998n2o_nh3   3.625    04011998      15 -0.6570403E-004 -0.2908488E-004  0.6623727E-007  0.0000000E+000  0.3274475E+000  0.3777432E-002  0.2947511E-002  0.3044016E-002  0.3363893E-002  0.2910258E-002  0.2954709E-002  0.2888806E-002  0.1757187E-002
010101998n2o_nh3   3.667    04011998      16 -0.6596968E-004 -0.2818427E-004  0.6672153E-007  0.0000000E+000  0.3307143E+000  0.3580373E-002  0.2869113E-002  0.2954982E-002  0.3270770E-002  0.2832752E-002  0.2877859E-002  0.2820129E-002  0.1770015E-002
010101998n2o_nh3   3.708    04011998      17 -0.6586949E-004 -0.2722441E-004  0.6731025E-007  0.0000000E+000  0.3339736E+000  0.3366241E-002  0.2783012E-002  0.2867440E-002  0.3180156E-002  0.2757088E-002  0.2803138E-002  0.2752985E-002  0.1781791E-002
010101998n2o_nh3   3.750    04011998      18 -0.6505784E-004 -0.2624439E-004  0.6773499E-007  0.0000000E+000  0.3372245E+000  0.3196273E-002  0.2697524E-002  0.2782128E-002  0.3092094E-002  0.2683564E-002  0.2730317E-002  0.2687846E-002  0.1792477E-002
010101998n2o_nh3   3.792    04011998      19 -0.6474668E-004 -0.2534405E-004  0.6823839E-007  0.0000000E+000  0.3404670E+000  0.3069632E-002  0.2622203E-002  0.2700712E-002  0.3006106E-002  0.2612454E-002  0.2659763E-002  0.2624984E-002  0.1802117E-002
010101998n2o_nh3   3.833    04011998      20 -0.6449140E-004 -0.2443651E-004  0.6882830E-007  0.0000000E+000  0.3436652E+000  0.2901476E-002  0.2559420E-002  0.2622643E-002  0.2922052E-002  0.2543509E-002  0.2591677E-002  0.2563958E-002  0.1810715E-002
010101998n2o_nh3   3.875    04011998      21 -0.6412488E-004 -0.2352413E-004  0.6913390E-007  0.0000000E+000  0.3468419E+000  0.2723891E-002  0.2495531E-002  0.2548319E-002  0.2840011E-002  0.2476479E-002  0.2525724E-002  0.2504383E-002  0.1818250E-002
010101998n2o_nh3   3.917    04011998      22 -0.6356571E-004 -0.2264819E-004  0.6805230E-007  0.0000000E+000  0.3500096E+000  0.2585892E-002  0.2430790E-002  0.2478045E-002  0.2760821E-002  0.2411513E-002  0.2461795E-002  0.2446648E-002  0.1824737E-002
010101998n2o_nh3   3.958    04011998      23 -0.6298770E-004 -0.2181654E-004  0.6589418E-007  0.0000000E+000  0.3531696E+000  0.2444306E-002  0.2373922E-002  0.2412023E-002  0.2685057E-002  0.2348898E-002  0.2399956E-002  0.2390638E-002  0.1830175E-002
010101998n2o_nh3   4.000    04011998      24 -0.6266977E-004 -0.2103249E-004  0.6436965E-007  0.0000000E+000  0.3563214E+000  0.2298026E-002  0.2318680E-002  0.2349747E-002  0.2612598E-002  0.2288539E-002  0.2340204E-002  0.2335962E-002  0.1834594E-002
010101998n2o_nh3   4.042    05011998       1 -0.6223423E-004 -0.2029591E-004  0.6315789E-007  0.0000000E+000  0.3594644E+000  0.2172981E-002  0.2260318E-002  0.2289660E-002  0.2544223E-002  0.2230542E-002  0.2282638E-002  0.2282846E-002  0.1838013E-002
010101998n2o_nh3   4.083    05011998       2 -0.6137984E-004 -0.1960540E-004  0.6193185E-007  0.0000000E+000  0.3625986E+000  0.2057964E-002  0.2209613E-002  0.2231922E-002  0.2478770E-002  0.2174887E-002  0.2227352E-002  0.2231791E-002  0.1840456E-002
010101998n2o_nh3   4.125    05011998       3 -0.6089193E-004 -0.1896005E-004  0.5950919E-007  0.0000000E+000  0.3657231E+000  0.1944358E-002  0.2159118E-002  0.2177011E-002  0.2415980E-002  0.2121519E-002  0.2173988E-002  0.2182429E-002  0.1841965E-002
010101998n2o_nh3   4.167    05011998       4 -0.6014618E-004 -0.1835722E-004  0.5524824E-007  0.0000000E+000  0.3688382E+000  0.1845327E-002  0.2110268E-002  0.2123309E-002  0.2355851E-002  0.2070395E-002  0.2122609E-002  0.2134705E-002  0.1842559E-002
010101998n2o_nh3   4.208    05011998       5 -0.5947612E-004 -0.1781246E-004  0.5508145E-007  0.0000000E+000  0.3719447E+000  0.1757681E-002  0.2069757E-002  0.2072511E-002  0.2298270E-002  0.2021404E-002  0.2073189E-002  0.2088768E-002  0.1842277E-002
010101998n2o_nh3   4.250    05011998       6 -0.5998997E-004 -0.1735959E-004  0.6127705E-007  0.0000000E+000  0.3750423E+000  0.1677429E-002  0.2033822E-002  0.2026076E-002  0.2243481E-002  0.1974537E-002  0.2025800E-002  0.2044301E-002  0.1841157E-002
010101998n2o_nh3   4.292    05011998       7 -0.6093778E-004 -0.1699596E-004  0.6826308E-007  0.0000000E+000  0.3781307E+000  0.1612952E-002  0.2002586E-002  0.1983405E-002  0.2191697E-002  0.1929897E-002  0.1980472E-002  0.2001289E-002  0.1839207E-002
010101998n2o_nh3   4.333    05011998       8 -0.6113521E-004 -0.1665643E-004  0.7026381E-007  0.0000000E+000  0.3812095E+000  0.1578896E-002  0.1973081E-002  0.1944457E-002  0.2143598E-002  0.1887694E-002  0.1937310E-002  0.1960104E-002  0.1836477E-002
010101998n2o_nh3   4.375    05011998       9 -0.6200780E-004 -0.1637457E-004  0.7114929E-007  0.0000000E+000  0.3842781E+000  0.1555033E-002  0.1944236E-002  0.1908924E-002  0.2098902E-002  0.1847873E-002  0.1896583E-002  0.1920744E-002  0.1833028E-002
010101998n2o_nh3   4.417    05011998      10 -0.6374306E-004 -0.1618130E-004  0.7167094E-007  0.0000000E+000  0.3873361E+000  0.1534066E-002  0.1919766E-002  0.1876742E-002  0.2057199E-002  0.1810736E-002  0.1858364E-002  0.1883141E-002  0.1828915E-002
010101998n2o_nh3   4.458    05011998      11 -0.6522949E-004 -0.1601310E-004  0.7157917E-007  0.0000000E+000  0.3903823E+000  0.1513161E-002  0.1899735E-002  0.1848461E-002  0.2018977E-002  0.1776641E-002  0.1822458E-002  0.1847493E-002  0.1824192E-002
010101998n2o_nh3   4.500    05011998      12 -0.6532080E-004 -0.1579680E-004  0.7136959E-007  0.0000000E+000  0.3934169E+000  0.1496586E-002  0.1883617E-002  0.1825675E-002  0.1985655E-002  0.1746020E-002  0.1789195E-002  0.1813856E-002  0.1818912E-002
010101998n2o_nh3   4.542    05011998      13 -0.6573608E-004 -0.1559045E-004  0.7138383E-007  0.0000000E+000  0.3964397E+000  0.1483098E-002  0.1865632E-002  0.1806274E-002  0.1956916E-002  0.1718889E-002  0.1758818E-002  0.1782363E-002  0.1813123E-002
010101998n2o_nh3   4.583    05011998      14 -0.6650158E-004 -0.1541350E-004  0.7167745E-007  0.0000000E+000  0.3994507E+000  0.1463370E-002  0.1846128E-002  0.1787190E-002  0.1930521E-002  0.1694379E-002  0.1731020E-002  0.1752963E-002  0.1806887E-002
010101998n2o_nh3   4.625    05011998      15 -0.6691107E-004 -0.1522250E-004  0.7201419E-007  0.0000000E+000  0.4024500E+000  0.1444555E-002  0.1825580E-002  0.1767169E-002  0.1905085E-002  0.1671624E-002  0.1705292E-002  0.1725518E-002  0.1800234E-002
010101998n2o_nh3   4.667    05011998      16 -0.6733005E-004 -0.1503123E-004  0.7237723E-007  0.0000000E+000  0.4054377E+000  0.1427945E-002  0.1804987E-002  0.1746380E-002  0.1880179E-002  0.1650125E-002  0.1681250E-002  0.1699832E-002  0.1793202E-002
010101998n2o_nh3   4.708    05011998      17 -0.6743589E-004 -0.1482701E-004  0.7302272E-007  0.0000000E+000  0.4084135E+000  0.1412082E-002  0.1784465E-002  0.1725113E-002  0.1855423E-002  0.1629407E-002  0.1658593E-002  0.1675771E-002  0.1785808E-002
010101998n2o_nh3   4.750    05011998      18 -0.6771767E-004 -0.1462327E-004  0.7368093E-007  0.0000000E+000  0.4113773E+000  0.1396295E-002  0.1763287E-002  0.1703248E-002  0.1830447E-002  0.1609297E-002  0.1637198E-002  0.1653115E-002  0.1778087E-002
010101998n2o_nh3   4.792    05011998      19 -0.6786545E-004 -0.1441281E-004  0.7414589E-007  0.0000000E+000  0.4143292E+000  0.1380012E-002  0.1741535E-002  0.1680936E-002  0.1804981E-002  0.1589589E-002  0.1616699E-002  0.1631635E-002  0.1770030E-002
010101998n2o_nh3   4.833    05011998      20 -0.6808853E-004 -0.1421331E-004  0.7456971E-007  0.0000000E+000  0.4172687E+000  0.1364455E-002  0.1720030E-002  0.1657674E-002  0.1779329E-002  0.1570258E-002  0.1596845E-002  0.1611144E-002  0.1761638E-002
010101998n2o_nh3   4.875    05011998      21 -0.6899072E-004 -0.1405661E-004  0.7513415E-007  0.0000000E+000  0.4201947E+000  0.1350276E-002  0.1695840E-002  0.1634475E-002  0.1753790E-002  0.1551294E-002  0.1577517E-002  0.1591398E-002  0.1752924E-002
010101998n2o_nh3   4.917    05011998      22 -0.6917510E-004 -0.1385407E-004  0.7564025E-007  0.0000000E+000  0.4231062E+000  0.1333732E-002  0.1666537E-002  0.1610547E-002  0.1728342E-002  0.1532533E-002  0.1558463E-002  0.1572339E-002  0.1743923E-002
010101998n2o_nh3   4.958    05011998      23 -0.6934175E-004 -0.1364355E-004  0.7612002E-007  0.0000000E+000  0.4260030E+000  0.1318045E-002  0.1635952E-002  0.1585710E-002  0.1703136E-002  0.1513846E-002  0.1539637E-002  0.1553988E-002  0.1734637E-002
010101998n2o_nh3   5.000    05011998      24 -0.6954790E-004 -0.1344250E-004  0.7667843E-007  0.0000000E+000  0.4288854E+000  0.1302443E-002  0.1604299E-002  0.1561081E-002  0.1678358E-002  0.1495196E-002  0.1521009E-002  0.1536227E-002  0.1725066E-002
010101998n2o_nh3   5.042    06011998       1 -0.6967490E-004 -0.1324331E-004  0.7718427E-007  0.0000000E+000  0.4317537E+000  0.1287081E-002  0.1575345E-002  0.1536481E-002  0.1653966E-002  0.1476654E-002  0.1502608E-002  0.1518952E-002  0.1715223E-002
010101998n2o_nh3   5.083    06011998       2 -0.6995262E-004 -0.1306346E-004  0.7750387E-007  0.0000000E+000  0.4346079E+000  0.1274150E-002  0.1550478E-002  0.1513067E-002  0.1630195E-002  0.1458295E-002  0.1484511E-002  0.1502152E-002  0.1705115E-002
010101998n2o_nh3   5.125    06011998       3 -0.7019151E-004 -0.1288575E-004  0.7778022E-007  0.0000000E+000  0.4374460E+000  0.1262799E-002  0.1524756E-002  0.1491538E-002  0.1607562E-002  0.1440514E-002  0.1466930E-002  0.1485587E-002  0.1694765E-002
010101998n2o_nh3   5.167    06011998       4 -0.6979355E-004 -0.1267601E-004  0.7785110E-007  0.0000000E+000  0.4402670E+000  0.1255247E-002  0.1499375E-002  0.1471524E-002  0.1585932E-002  0.1423546E-002  0.1450129E-002  0.1469412E-002  0.1684199E-002
010101998n2o_nh3   5.208    06011998       5 -0.6978650E-004 -0.1249869E-004  0.7797754E-007  0.0000000E+000  0.4430714E+000  0.1248211E-002  0.1478168E-002  0.1452931E-002  0.1565378E-002  0.1407503E-002  0.1434090E-002  0.1453816E-002  0.1673430E-002
010101998n2o_nh3   5.250    06011998       6 -0.6993876E-004 -0.1235232E-004  0.7818937E-007  0.0000000E+000  0.4458595E+000  0.1238853E-002  0.1459422E-002  0.1435165E-002  0.1545739E-002  0.1392315E-002  0.1418768E-002  0.1438805E-002  0.1662482E-002
010101998n2o_nh3   5.292    06011998       7 -0.7003464E-004 -0.1220625E-004  0.7845848E-007  0.0000000E+000  0.4486313E+000  0.1228575E-002  0.1441814E-002  0.1417605E-002  0.1526659E-002  0.1377875E-002  0.1404072E-002  0.1424337E-002  0.1651392E-002
010101998n2o_nh3   5.333    06011998       8 -0.7011862E-004 -0.1206212E-004  0.7881405E-007  0.0000000E+000  0.4513867E+000  0.1218111E-002  0.1424122E-002  0.1400718E-002  0.1508154E-002  0.1364027E-002  0.1389911E-002  0.1410381E-002  0.1640182E-002
010101998n2o_nh3   5.375    06011998       9 -0.7020317E-004 -0.1191622E-004  0.7891354E-007  0.0000000E+000  0.4541264E+000  0.1206825E-002  0.1406137E-002  0.1384185E-002  0.1490361E-002  0.1350662E-002  0.1376242E-002  0.1396893E-002  0.1628855E-002
010101998n2o_nh3   5.417    06011998      10 -0.7100000E-004 -0.1181304E-004  0.7870599E-007  0.0000000E+000  0.4568487E+000  0.1194732E-002  0.1384136E-002  0.1367495E-002  0.1473075E-002  0.1337603E-002  0.1362983E-002  0.1383714E-002  0.1617429E-002
010101998n2o_nh3   5.458    06011998      11 -0.7164622E-004 -0.1169253E-004  0.7900882E-007  0.0000000E+000  0.4595518E+000  0.1181978E-002  0.1357345E-002  0.1350272E-002  0.1456094E-002  0.1324677E-002  0.1350044E-002  0.1370661E-002  0.1605925E-002
010101998n2o_nh3   5.500    06011998      12 -0.7179921E-004 -0.1153715E-004  0.7946591E-007  0.0000000E+000  0.4622358E+000  0.1169066E-002  0.1332063E-002  0.1332112E-002  0.1439074E-002  0.1311789E-002  0.1337306E-002  0.1357991E-002  0.1594365E-002
010101998n2o_nh3   5.542    06011998      13 -0.7212351E-004 -0.1138551E-004  0.8004346E-007  0.0000000E+000  0.4649017E+000  0.1154805E-002  0.1309176E-002  0.1313601E-002  0.1421857E-002  0.1298852E-002  0.1324633E-002  0.1345636E-002  0.1582762E-002
010101998n2o_nh3   5.583    06011998      14 -0.7253030E-004 -0.1124463E-004  0.8060201E-007  0.0000000E+000  0.4675500E+000  0.1140767E-002  0.1288092E-002  0.1295032E-002  0.1404379E-002  0.1285794E-002  0.1311942E-002  0.1333500E-002  0.1571116E-002
010101998n2o_nh3   5.625    06011998      15 -0.7285959E-004 -0.1111455E-004  0.8121871E-007  0.0000000E+000  0.4701815E+000  0.1127004E-002  0.1268385E-002  0.1277220E-002  0.1386999E-002  0.1272714E-002  0.1299271E-002  0.1321522E-002  0.1559425E-002
010101998n2o_nh3   5.667    06011998      16 -0.7301426E-004 -0.1098361E-004  0.8190249E-007  0.0000000E+000  0.4727962E+000  0.1114456E-002  0.1250798E-002  0.1260294E-002  0.1369876E-002  0.1259633E-002  0.1286673E-002  0.1309743E-002  0.1547691E-002
010101998n2o_nh3   5.708    06011998      17 -0.7292788E-004 -0.1084785E-004  0.8304983E-007  0.0000000E+000  0.4753922E+000  0.1106584E-002  0.1235166E-002  0.1245223E-002  0.1353371E-002  0.1246849E-002  0.1274342E-002  0.1298039E-002  0.1535919E-002
010101998n2o_nh3   5.750    06011998      18 -0.7315776E-004 -0.1075314E-004  0.8357493E-007  0.0000000E+000  0.4779661E+000  0.1101491E-002  0.1216737E-002  0.1231657E-002  0.1337879E-002  0.1234732E-002  0.1262363E-002  0.1286238E-002  0.1524117E-002
010101998n2o_nh3   5.792    06011998      19 -0.7302604E-004 -0.1065950E-004  0.8395169E-007  0.0000000E+000  0.4805176E+000  0.1097734E-002  0.1200580E-002  0.1219326E-002  0.1323587E-002  0.1223490E-002  0.1250840E-002  0.1274704E-002  0.1512287E-002
010101998n2o_nh3   5.833    06011998      20 -0.7304712E-004 -0.1054455E-004  0.8456292E-007  0.0000000E+000  0.4830483E+000  0.1090146E-002  0.1183828E-002  0.1206731E-002  0.1310115E-002  0.1212865E-002  0.1239722E-002  0.1263528E-002  0.1500422E-002
010101998n2o_nh3   5.875    06011998      21 -0.7309972E-004 -0.1041681E-004  0.8517952E-007  0.0000000E+000  0.4855612E+000  0.1079980E-002  0.1167088E-002  0.1193293E-002  0.1296528E-002  0.1202402E-002  0.1228806E-002  0.1252668E-002  0.1488537E-002
010101998n2o_nh3   5.917    06011998      22 -0.7299331E-004 -0.1028323E-004  0.8601193E-007  0.0000000E+000  0.4880570E+000  0.1069666E-002  0.1151044E-002  0.1179680E-002  0.1282855E-002  0.1191905E-002  0.1217999E-002  0.1242037E-002  0.1476636E-002
010101998n2o_nh3   5.958    06011998      23 -0.7309150E-004 -0.1016293E-004  0.8672840E-007  0.0000000E+000  0.4905354E+000  0.1059920E-002  0.1134025E-002  0.1166276E-002  0.1269229E-002  0.1181435E-002  0.1207325E-002  0.1231418E-002  0.1464732E-002
010101998n2o_nh3   6.000    06011998      24 -0.7330279E-004 -0.1005435E-004  0.8675284E-007  0.0000000E+000  0.4929958E+000  0.1052050E-002  0.1114102E-002  0.1152948E-002  0.1255755E-002  0.1171053E-002  0.1196794E-002  0.1220662E-002  0.1452849E-002
010101998n2o_nh3   6.042    07011998       1 -0.7337391E-004 -0.9940999E-005  0.8684682E-007  0.0000000E+000  0.4954371E+000  0.1043590E-002  0.1097054E-002  0.1139557E-002  0.1242443E-002  0.1160769E-002  0.1186394E-002  0.1210112E-002  0.1440983E-002
010101998n2o_nh3   6.083    07011998       2 -0.7332650E-004 -0.9812413E-005  0.8698533E-007  0.0000000E+000  0.4978592E+000  0.1034749E-002  0.1082744E-002  0.1126535E-002  0.1229380E-002  0.1150572E-002  0.1176106E-002  0.1199777E-002  0.1429141E-002
010101998n2o_nh3   6.125    07011998       3 -0.7321712E-004 -0.9669528E-005  0.8605915E-007  0.0000000E+000  0.5002627E+000  0.1024841E-002  0.1069946E-002  0.1113858E-002  0.1216482E-002  0.1140512E-002  0.1165938E-002  0.1189632E-002  0.1417328E-002
010101998n2o_nh3   6.167    07011998       4 -0.7323486E-004 -0.9536307E-005  0.8452681E-007  0.0000000E+000  0.5026500E+000  0.1014502E-002  0.1056020E-002  0.1101918E-002  0.1203858E-002  0.1130566E-002  0.1155893E-002  0.1179646E-002  0.1405557E-002
010101998n2o_nh3   6.208    07011998       5 -0.7325164E-004 -0.9402214E-005  0.8373480E-007  0.0000000E+000  0.5050219E+000  0.1003701E-002  0.1040815E-002  0.1089963E-002  0.1191662E-002  0.1120739E-002  0.1145984E-002  0.1169802E-002  0.1393833E-002
010101998n2o_nh3   6.250    07011998       6 -0.7342448E-004 -0.9280961E-005  0.8306155E-007  0.0000000E+000  0.5073765E+000  0.9943792E-003  0.1022273E-002  0.1078142E-002  0.1179695E-002  0.1110977E-002  0.1136208E-002  0.1159761E-002  0.1382166E-002
010101998n2o_nh3   6.292    07011998       7 -0.7356639E-004 -0.9164907E-005  0.8034203E-007  0.0000000E+000  0.5097124E+000  0.9860812E-003  0.1003966E-002  0.1065795E-002  0.1167923E-002  0.1101369E-002  0.1126580E-002  0.1149725E-002  0.1370568E-002
010101998n2o_nh3   6.333    07011998       8 -0.7361272E-004 -0.9046376E-005  0.7721789E-007  0.0000000E+000  0.5120292E+000  0.9765859E-003  0.9881252E-003  0.1053333E-002  0.1156207E-002  0.1091824E-002  0.1117069E-002  0.1139906E-002  0.1359042E-002
010101998n2o_nh3   6.375    07011998       9 -0.7385013E-004 -0.8941680E-005  0.7774679E-007  0.0000000E+000  0.5143257E+000  0.9658471E-003  0.9738865E-003  0.1041012E-002  0.1144305E-002  0.1082330E-002  0.1107715E-002  0.1130298E-002  0.1347590E-002
010101998n2o_nh3   6.417    07011998      10 -0.7413123E-004 -0.8855537E-005  0.8645402E-007  0.0000000E+000  0.5166010E+000  0.9561423E-003  0.9626203E-003  0.1029667E-002  0.1132341E-002  0.1072907E-002  0.1098476E-002  0.1120877E-002  0.1336220E-002
010101998n2o_nh3   6.458    07011998      11 -0.7426702E-004 -0.8763670E-005  0.8949128E-007  0.0000000E+000  0.5188553E+000  0.9460681E-003  0.9527795E-003  0.1018518E-002  0.1120758E-002  0.1063713E-002  0.1089423E-002  0.1111660E-002  0.1324946E-002
010101998n2o_nh3   6.500    07011998      12 -0.7446028E-004 -0.8681669E-005  0.9223244E-007  0.0000000E+000  0.5210953E+000  0.9363152E-003  0.9438056E-003  0.1007739E-002  0.1109514E-002  0.1054737E-002  0.1080566E-002  0.1102643E-002  0.1313789E-002
010101998n2o_nh3   6.542    07011998      13 -0.7459777E-004 -0.8597840E-005  0.9374197E-007  0.0000000E+000  0.5233259E+000  0.9267772E-003  0.9351122E-003  0.9973004E-003  0.1098597E-002  0.1045992E-002  0.1071893E-002  0.1093822E-002  0.1302761E-002
010101998n2o_nh3   6.583    07011998      14 -0.7473305E-004 -0.8519264E-005  0.9478417E-007  0.0000000E+000  0.5255476E+000  0.9178799E-003  0.9243402E-003  0.9874171E-003  0.1088253E-002  0.1037466E-002  0.1063407E-002  0.1085137E-002  0.1291876E-002
010101998n2o_nh3   6.625    07011998      15 -0.7494572E-004 -0.8448213E-005  0.9544483E-007  0.0000000E+000  0.5277610E+000  0.9099860E-003  0.9087126E-003  0.9778071E-003  0.1078447E-002  0.1029136E-002  0.1055155E-002  0.1076282E-002  0.1281142E-002
010101998n2o_nh3   6.667    07011998      16 -0.7503634E-004 -0.8368969E-005  0.9593941E-007  0.0000000E+000  0.5299654E+000  0.9017995E-003  0.8947050E-003  0.9682828E-003  0.1068920E-002  0.1021028E-002  0.1047077E-002  0.1067655E-002  0.1270565E-002
010101998n2o_nh3   6.708    07011998      17 -0.7491950E-004 -0.8281442E-005  0.9635384E-007  0.0000000E+000  0.5321609E+000  0.8941618E-003  0.8840693E-003  0.9588284E-003  0.1059571E-002  0.1013056E-002  0.1039095E-002  0.1059278E-002  0.1260138E-002
010101998n2o_nh3   6.750    07011998      18 -0.7476300E-004 -0.8195948E-005  0.9525791E-007  0.0000000E+000  0.5343469E+000  0.8863047E-003  0.8755483E-003  0.9499164E-003  0.1050527E-002  0.1005317E-002  0.1031250E-002  0.1051123E-002  0.1249852E-002
010101998n2o_nh3   6.792    07011998      19 -0.7473593E-004 -0.8134080E-005  0.9511238E-007  0.0000000E+000  0.5365233E+000  0.8794432E-003  0.8683916E-003  0.9415270E-003  0.1041720E-002  0.9978168E-003  0.1023577E-002  0.1043150E-002  0.1239707E-002
010101998n2o_nh3   6.833    07011998      20 -0.7474082E-004 -0.8092716E-005  0.9611620E-007  0.0000000E+000  0.5386900E+000  0.8725357E-003  0.8616128E-003  0.9341749E-003  0.1033433E-002  0.9906716E-003  0.1016148E-002  0.1035385E-002  0.1229701E-002
010101998n2o_nh3   6.875    07011998      21 -0.7473576E-004 -0.8047513E-005  0.9716361E-007  0.0000000E+000  0.5408469E+000  0.8656451E-003  0.8555686E-003  0.9273640E-003  0.1025538E-002  0.9838823E-003  0.1009025E-002  0.1027852E-002  0.1219837E-002
010101998n2o_nh3   6.917    07011998      22 -0.7474455E-004 -0.8007662E-005  0.9822980E-007  0.0000000E+000  0.5429936E+000  0.8595001E-003  0.8503238E-003  0.9208610E-003  0.1018074E-002  0.9774267E-003  0.1002204E-002  0.1020550E-002  0.1210126E-002
010101998n2o_nh3   6.958    07011998      23 -0.7484974E-004 -0.7980413E-005  0.9887362E-007  0.0000000E+000  0.5451311E+000  0.8533618E-003  0.8451362E-003  0.9146134E-003  0.1010994E-002  0.9712800E-003  0.9956704E-003  0.1013482E-002  0.1200575E-002
010101998n2o_nh3   7.000    07011998      24 -0.7492426E-004 -0.7951090E-005  0.9963447E-007  0.0000000E+000  0.5472605E+000  0.8474110E-003  0.8389280E-003  0.9084866E-003  0.1004475E-002  0.9654121E-003  0.9894125E-003  0.1006643E-002  0.1191196E-002
010101998n2o_nh3   7.042    08011998       1 -0.7506971E-004 -0.7931939E-005  0.9991352E-007  0.0000000E+000  0.5493819E+000  0.8413108E-003  0.8332760E-003  0.9025853E-003  0.9981957E-003  0.9597716E-003  0.9834035E-003  0.1000027E-002  0.1181993E-002
010101998n2o_nh3   7.083    08011998       2 -0.7520997E-004 -0.7913926E-005  0.1000088E-006  0.0000000E+000  0.5514950E+000  0.8349800E-003  0.8278969E-003  0.8966713E-003  0.9921179E-003  0.9543751E-003  0.9776322E-003  0.9936370E-003  0.1172980E-002
010101998n2o_nh3   7.125    08011998       3 -0.7565324E-004 -0.7914374E-005  0.9977077E-007  0.0000000E+000  0.5536004E+000  0.8271038E-003  0.8215762E-003  0.8902605E-003  0.9858763E-003  0.9492136E-003  0.9721140E-003  0.9875245E-003  0.1164226E-002
010101998n2o_nh3   7.167    08011998       4 -0.7579228E-004 -0.7902972E-005  0.1000612E-006  0.0000000E+000  0.5556981E+000  0.8212432E-003  0.8121726E-003  0.8835230E-003  0.9794104E-003  0.9440877E-003  0.9668409E-003  0.9813535E-003  0.1155718E-002
010101998n2o_nh3   7.208    08011998       5 -0.7551536E-004 -0.7848510E-005  0.1011464E-006  0.0000000E+000  0.5577881E+000  0.8154394E-003  0.8046979E-003  0.8779772E-003  0.9734067E-003  0.9392091E-003  0.9617890E-003  0.9754411E-003  0.1147416E-002
010101998n2o_nh3   7.250    08011998       6 -0.7544108E-004 -0.7799228E-005  0.1018382E-006  0.0000000E+000  0.5596625E+000  0.8090587E-003  0.7978393E-003  0.8720009E-003  0.9673110E-003  0.9343483E-003  0.9567693E-003  0.9697679E-003  0.1139294E-002
010101998n2o_nh3   7.292    08011998       7 -0.7535756E-004 -0.7751756E-005  0.1025786E-006  0.0000000E+000  0.5614674E+000  0.8026598E-003  0.7917301E-003  0.8659302E-003  0.9611162E-003  0.9294086E-003  0.9517164E-003  0.9642449E-003  0.1131334E-002
010101998n2o_nh3   7.333    08011998       8 -0.7522816E-004 -0.7709249E-005  0.1031955E-006  0.0000000E+000  0.5632641E+000  0.7971809E-003  0.7866731E-003  0.8599749E-003  0.9549136E-003  0.9244185E-003  0.9466673E-003  0.9588332E-003  0.1123526E-002
010101998n2o_nh3   7.375    08011998       9 -0.7516688E-004 -0.7693170E-005  0.1033218E-006  0.0000000E+000  0.5650526E+000  0.7916216E-003  0.7819520E-003  0.8549506E-003  0.9490500E-003  0.9195458E-003  0.9416581E-003  0.9535257E-003  0.1115865E-002
010101998n2o_nh3   7.417    08011998      10 -0.7502316E-004 -0.7698412E-005  0.1031255E-006  0.0000000E+000  0.5668337E+000  0.7878575E-003  0.7782148E-003  0.8506906E-003  0.9437372E-003  0.9149223E-003  0.9368028E-003  0.9483506E-003  0.1108354E-002
010101998n2o_nh3   7.458    08011998      11 -0.7588403E-004 -0.7852496E-005  0.1027117E-006  0.0000000E+000  0.5686092E+000  0.7916544E-003  0.7778144E-003  0.8484861E-003  0.9397606E-003  0.9108551E-003  0.9322915E-003  0.9434066E-003  0.1101008E-002
010101998n2o_nh3   7.500    08011998      12 -0.7711744E-004 -0.8092675E-005  0.1020009E-006  0.0000000E+000  0.5703793E+000  0.7920769E-003  0.7788666E-003  0.8486708E-003  0.9376610E-003  0.9078739E-003  0.9284214E-003  0.9390336E-003  0.1093882E-002
010101998n2o_nh3   7.542    08011998      13 -0.7765616E-004 -0.8209297E-005  0.1019366E-006  0.0000000E+000  0.5721433E+000  0.7915593E-003  0.7771087E-003  0.8478625E-003  0.9361900E-003  0.9056958E-003  0.9252990E-003  0.9350932E-003  0.1086963E-002
010101998n2o_nh3   7.583    08011998      14 -0.7808032E-004 -0.8258048E-005  0.1022639E-006  0.0000000E+000  0.5738997E+000  0.7896488E-003  0.7735048E-003  0.8452380E-003  0.9340335E-003  0.9036367E-003  0.9226688E-003  0.9314635E-003  0.1080236E-002
010101998n2o_nh3   7.625    08011998      15 -0.7832324E-004 -0.8289347E-005  0.1027364E-006  0.0000000E+000  0.5756484E+000  0.7875847E-003  0.7697262E-003  0.8419351E-003  0.9310829E-003  0.9013455E-003  0.9201100E-003  0.9279622E-003  0.1073580E-002
010101998n2o_nh3   7.667    08011998      16 -0.7852650E-004 -0.8319262E-005  0.1032312E-006  0.0000000E+000  0.5773893E+000  0.7855066E-003  0.7659377E-003  0.8384933E-003  0.9274954E-003  0.8985875E-003  0.9172010E-003  0.9242062E-003  0.1066794E-002
010101998n2o_nh3   7.708    08011998      17 -0.7846423E-004 -0.8341472E-005  0.1037477E-006  0.0000000E+000  0.5791222E+000  0.7844777E-003  0.7631473E-003  0.8351717E-003  0.9235396E-003  0.8953752E-003  0.9138517E-003  0.9201073E-003  0.1060045E-002
010101998n2o_nh3   7.750    08011998      18 -0.7843101E-004 -0.8378146E-005  0.1040934E-006  0.0000000E+000  0.5808473E+000  0.7842279E-003  0.7611422E-003  0.8323312E-003  0.9196910E-003  0.8921047E-003  0.9104196E-003  0.9161084E-003  0.1053661E-002
010101998n2o_nh3   7.792    08011998      19 -0.7852683E-004 -0.8418536E-005  0.1042057E-006  0.0000000E+000  0.5825641E+000  0.7840575E-003  0.7589586E-003  0.8293855E-003  0.9159246E-003  0.8889629E-003  0.9071566E-003  0.9124319E-003  0.1047643E-002
010101998n2o_nh3   7.833    08011998      20 -0.7867739E-004 -0.8468049E-005  0.1042335E-006  0.0000000E+000  0.5842721E+000  0.7841977E-003  0.7569576E-003  0.8264437E-003  0.9122211E-003  0.8859326E-003  0.9039509E-003  0.9090914E-003  0.1041872E-002
010101998n2o_nh3   7.875    08011998      21 -0.7871502E-004 -0.8505290E-005  0.1042978E-006  0.0000000E+000  0.5859708E+000  0.7845552E-003  0.7552868E-003  0.8236399E-003  0.9086353E-003  0.8830084E-003  0.9008073E-003  0.9059371E-003  0.1036265E-002
010101998n2o_nh3   7.917    08011998      22 -0.7866383E-004 -0.8539630E-005  0.1039326E-006  0.0000000E+000  0.5876601E+000  0.7859084E-003  0.7542649E-003  0.8210339E-003  0.9050741E-003  0.8801148E-003  0.8976894E-003  0.9028826E-003  0.1030785E-002
010101998n2o_nh3   7.958    08011998      23 -0.7854723E-004 -0.8631353E-005  0.1032860E-006  0.0000000E+000  0.5893397E+000  0.7888197E-003  0.7551208E-003  0.8196977E-003  0.9020690E-003  0.8774320E-003  0.8946673E-003  0.8998898E-003  0.1025420E-002
010101998n2o_nh3   8.000    08011998      24 -0.7847435E-004 -0.8726569E-005  0.1027823E-006  0.0000000E+000  0.5910096E+000  0.7916284E-003  0.7557977E-003  0.8188120E-003  0.8995585E-003  0.8750284E-003  0.8918751E-003  0.8970276E-003  0.1020178E-002
010101998n2o_nh3   8.042    09011998       1 -0.7842136E-004 -0.8814390E-005  0.1023586E-006  0.0000000E+000  0.5926698E+000  0.7940141E-003  0.7553048E-003  0.8180044E-003  0.8973439E-003  0.8729004E-003  0.8893069E-003  0.8941758E-003  0.1015070E-002
010101998n2o_nh3   8.083    09011998       2 -0.7841908E-004 -0.8880571E-005  0.1016180E-006  0.0000000E+000  0.5943204E+000  0.7962615E-003  0.7537139E-003  0.8165357E-003  0.8950167E-003  0.8708879E-003  0.8869101E-003  0.8913357E-003  0.1010074E-002
010101998n2o_nh3   8.125    09011998       3 -0.7840061E-004 -0.8960086E-005  0.1012192E-006  0.0000000E+000  0.5959638E+000  0.7986396E-003  0.7524629E-003  0.8149865E-003  0.8927420E-003  0.8689462E-003  0.8845683E-003  0.8886177E-003  0.1005189E-002
010101998n2o_nh3   8.167    09011998       4 -0.7828562E-004 -0.9045603E-005  0.1006447E-006  0.0000000E+000  0.5976008E+000  0.8009006E-003  0.7517728E-003  0.8135870E-003  0.8906369E-003  0.8670351E-003  0.8822693E-003  0.8860087E-003  0.1000418E-002
010101998n2o_nh3   8.208    09011998       5 -0.7812249E-004 -0.9129011E-005  0.9980045E-007  0.0000000E+000  0.5992309E+000  0.8031307E-003  0.7516632E-003  0.8124768E-003  0.8886936E-003  0.8652061E-003  0.8800317E-003  0.8835064E-003  0.9957640E-003
010101998n2o_nh3   8.250    09011998       6 -0.7784570E-004 -0.9197540E-005  0.9829926E-007  0.0000000E+000  0.6008539E+000  0.8052961E-003  0.7516759E-003  0.8114612E-003  0.8868430E-003  0.8634481E-003  0.8778938E-003  0.8811061E-003  0.9912293E-003
010101998n2o_nh3   8.292    09011998       7 -0.7762870E-004 -0.9271987E-005  0.9589544E-007  0.0000000E+000  0.6024698E+000  0.8072830E-003  0.7513113E-003  0.8105480E-003  0.8850678E-003  0.8617813E-003  0.8758333E-003  0.8787037E-003  0.9868128E-003
010101998n2o_nh3   8.333    09011998       8 -0.7744633E-004 -0.9350523E-005  0.9136588E-007  0.0000000E+000  0.6040789E+000  0.8094808E-003  0.7504143E-003  0.8091687E-003  0.8832380E-003  0.8601464E-003  0.8738475E-003  0.8762658E-003  0.9825098E-003
010101998n2o_nh3   8.375    09011998       9 -0.7739098E-004 -0.9438720E-005  0.8966684E-007  0.0000000E+000  0.6056803E+000  0.8112157E-003  0.7497487E-003  0.8077281E-003  0.8813195E-003  0.8584812E-003  0.8718792E-003  0.8739370E-003  0.9783116E-003
010101998n2o_nh3   8.417    09011998      10 -0.7739836E-004 -0.9546084E-005  0.9504213E-007  0.0000000E+000  0.6072741E+000  0.8127803E-003  0.7492452E-003  0.8066609E-003  0.8793150E-003  0.8567655E-003  0.8698772E-003  0.8717236E-003  0.9742117E-003
010101998n2o_nh3   8.458    09011998      11 -0.7755645E-004 -0.9655683E-005  0.9822923E-007  0.0000000E+000  0.6088595E+000  0.8137249E-003  0.7485595E-003  0.8052329E-003  0.8773101E-003  0.8550545E-003  0.8678681E-003  0.8696558E-003  0.9702183E-003
010101998n2o_nh3   8.500    09011998      12 -0.7762184E-004 -0.9742657E-005  0.1010283E-006  0.0000000E+000  0.6104365E+000  0.8144652E-003  0.7475541E-003  0.8033030E-003  0.8751249E-003  0.8532681E-003  0.8658606E-003  0.8676791E-003  0.9663352E-003
010101998n2o_nh3   8.542    09011998      13 -0.7754812E-004 -0.9822359E-005  0.1014743E-006  0.0000000E+000  0.6120052E+000  0.8153183E-003  0.7464887E-003  0.8013883E-003  0.8728424E-003  0.8514043E-003  0.8638446E-003  0.8657472E-003  0.9625669E-003
010101998n2o_nh3   8.583    09011998      14 -0.7741512E-004 -0.9905490E-005  0.1012311E-006  0.0000000E+000  0.6135653E+000  0.8164282E-003  0.7451093E-003  0.7996851E-003  0.8705821E-003  0.8495294E-003  0.8618557E-003  0.8637161E-003  0.9589191E-003
010101998n2o_nh3   8.625    09011998      15 -0.7734227E-004 -0.1001594E-004  0.1008857E-006  0.0000000E+000  0.6151171E+000  0.8182101E-003  0.7445070E-003  0.7983136E-003  0.8684822E-003  0.8476777E-003  0.8598837E-003  0.8617612E-003  0.9553871E-003
010101998n2o_nh3   8.667    09011998      16 -0.7708718E-004 -0.1011256E-004  0.1005408E-006  0.0000000E+000  0.6166589E+000  0.8206812E-003  0.7449978E-003  0.7975516E-003  0.8666097E-003  0.8458977E-003  0.8580183E-003  0.8599143E-003  0.9519674E-003
010101998n2o_nh3   8.708    09011998      17 -0.7666211E-004 -0.1015198E-004  0.1003057E-006  0.0000000E+000  0.6181906E+000  0.8250959E-003  0.7473930E-003  0.7979014E-003  0.8651949E-003  0.8443864E-003  0.8563300E-003  0.8581699E-003  0.9486518E-003
010101998n2o_nh3   8.750    09011998      18 -0.7618577E-004 -0.1015848E-004  0.1002694E-006  0.0000000E+000  0.6197127E+000  0.8296290E-003  0.7508582E-003  0.7995993E-003  0.8647367E-003  0.8434251E-003  0.8549403E-003  0.8565571E-003  0.9454383E-003
010101998n2o_nh3   8.792    09011998      19 -0.7603937E-004 -0.1020319E-004  0.9983915E-007  0.0000000E+000  0.6212251E+000  0.8312706E-003  0.7518250E-003  0.8000280E-003  0.8641222E-003  0.8426991E-003  0.8537941E-003  0.8550960E-003  0.9423349E-003
010101998n2o_nh3   8.833    09011998      20 -0.7593499E-004 -0.1026853E-004  0.9919936E-007  0.0000000E+000  0.6227284E+000  0.8321028E-003  0.7510617E-003  0.7994271E-003  0.8629939E-003  0.8418098E-003  0.8526606E-003  0.8535976E-003  0.9393163E-003
010101998n2o_nh3   8.875    09011998      21 -0.7583061E-004 -0.1033030E-004  0.9930273E-007  0.0000000E+000  0.6242228E+000  0.8328535E-003  0.7500390E-003  0.7982260E-003  0.8613856E-003  0.8406688E-003  0.8514236E-003  0.8521383E-003  0.9363642E-003
010101998n2o_nh3   8.917    09011998      22 -0.7579535E-004 -0.1040556E-004  0.1000024E-006  0.0000000E+000  0.6257095E+000  0.8332375E-003  0.7489416E-003  0.7966133E-003  0.8594452E-003  0.8392539E-003  0.8500101E-003  0.8506972E-003  0.9334742E-003
010101998n2o_nh3   8.958    09011998      23 -0.7584110E-004 -0.1049687E-004  0.1002483E-006  0.0000000E+000  0.6271909E+000  0.8333492E-003  0.7475361E-003  0.7947724E-003  0.8572743E-003  0.8376215E-003  0.8484602E-003  0.8492500E-003  0.9306461E-003
010101998n2o_nh3   9.000    09011998      24 -0.7582164E-004 -0.1058861E-004  0.9976625E-007  0.0000000E+000  0.6286665E+000  0.8331414E-003  0.7455283E-003  0.7925464E-003  0.8548431E-003  0.8357973E-003  0.8467670E-003  0.8477817E-003  0.9278826E-003
010101998n2o_nh3   9.042    10011998       1 -0.7584292E-004 -0.1069781E-004  0.9946740E-007  0.0000000E+000  0.6301367E+000  0.8338998E-003  0.7438223E-003  0.7900684E-003  0.8523013E-003  0.8338096E-003  0.8449765E-003  0.8462708E-003  0.9251873E-003
010101998n2o_nh3   9.083    10011998       2 -0.7563557E-004 -0.1077861E-004  0.9942110E-007  0.0000000E+000  0.6316009E+000  0.8353952E-003  0.7422536E-003  0.7878892E-003  0.8497973E-003  0.8317828E-003  0.8430837E-003  0.8446652E-003  0.9225698E-003
010101998n2o_nh3   9.125    10011998       3 -0.7539381E-004 -0.1083762E-004  0.9946019E-007  0.0000000E+000  0.6330585E+000  0.8365120E-003  0.7412031E-003  0.7859339E-003  0.8473602E-003  0.8297641E-003  0.8411364E-003  0.8430794E-003  0.9200331E-003
010101998n2o_nh3   9.167    10011998       4 -0.7519299E-004 -0.1091195E-004  0.9963481E-007  0.0000000E+000  0.6345098E+000  0.8373512E-003  0.7403515E-003  0.7840999E-003  0.8449939E-003  0.8277479E-003  0.8391346E-003  0.8414853E-003  0.9175654E-003
010101998n2o_nh3   9.208    10011998       5 -0.7501276E-004 -0.1097709E-004  0.9947063E-007  0.0000000E+000  0.6359550E+000  0.8375218E-003  0.7390514E-003  0.7821765E-003  0.8425807E-003  0.8257141E-003  0.8371079E-003  0.8398680E-003  0.9151563E-003
010101998n2o_nh3   9.250    10011998       6 -0.7469072E-004 -0.1105104E-004  0.9978200E-007  0.0000000E+000  0.6373940E+000  0.8387743E-003  0.7386071E-003  0.7804055E-003  0.8402028E-003  0.8236459E-003  0.8350650E-003  0.8382192E-003  0.9127967E-003
010101998n2o_nh3   9.292    10011998       7 -0.7425496E-004 -0.1108008E-004  0.1001079E-006  0.0000000E+000  0.6388269E+000  0.8395099E-003  0.7381899E-003  0.7790895E-003  0.8380462E-003  0.8216763E-003  0.8330574E-003  0.8364870E-003  0.9104823E-003
010101998n2o_nh3   9.333    10011998       8 -0.7388824E-004 -0.1112981E-004  0.1002541E-006  0.0000000E+000  0.6402535E+000  0.8405463E-003  0.7375955E-003  0.7777493E-003  0.8359284E-003  0.8197597E-003  0.8310545E-003  0.8347429E-003  0.9082037E-003
010101998n2o_nh3   9.375    10011998       9 -0.7363442E-004 -0.1119157E-004  0.1001003E-006  0.0000000E+000  0.6416739E+000  0.8408598E-003  0.7368357E-003  0.7763252E-003  0.8338342E-003  0.8178579E-003  0.8290802E-003  0.8330019E-003  0.9059511E-003
010101998n2o_nh3   9.417    10011998      10 -0.7347166E-004 -0.1129295E-004  0.9964933E-007  0.0000000E+000  0.6430879E+000  0.8411811E-003  0.7353461E-003  0.7742884E-003  0.8315286E-003  0.8158449E-003  0.8270949E-003  0.8312785E-003  0.9037181E-003
010101998n2o_nh3   9.458    10011998      11 -0.7323944E-004 -0.1138436E-004  0.9965284E-007  0.0000000E+000  0.6444952E+000  0.8421013E-003  0.7345468E-003  0.7724792E-003  0.8292637E-003  0.8138108E-003  0.8251136E-003  0.8295797E-003  0.9015087E-003
010101998n2o_nh3   9.500    10011998      12 -0.7293627E-004 -0.1147632E-004  0.9959409E-007  0.0000000E+000  0.6458964E+000  0.8435727E-003  0.7337274E-003  0.7707620E-003  0.8270454E-003  0.8118086E-003  0.8231635E-003  0.8278553E-003  0.8993305E-003
010101998n2o_nh3   9.542    10011998      13 -0.7271080E-004 -0.1157477E-004  0.9942839E-007  0.0000000E+000  0.6472912E+000  0.8447485E-003  0.7328453E-003  0.7690742E-003  0.8248758E-003  0.8098499E-003  0.8212531E-003  0.8261314E-003  0.8971882E-003
010101998n2o_nh3   9.583    10011998      14 -0.7234886E-004 -0.1166277E-004  0.9933460E-007  0.0000000E+000  0.6486801E+000  0.8456652E-003  0.7320968E-003  0.7674108E-003  0.8226920E-003  0.8078997E-003  0.8193739E-003  0.8244426E-003  0.8950824E-003
010101998n2o_nh3   9.625    10011998      15 -0.7195568E-004 -0.1173708E-004  0.9938417E-007  0.0000000E+000  0.6500289E+000  0.8466390E-003  0.7317390E-003  0.7658971E-003  0.8205514E-003  0.8060275E-003  0.8175498E-003  0.8227930E-003  0.8930139E-003
010101998n2o_nh3   9.667    10011998      16 -0.7149763E-004 -0.1180996E-004  0.9956152E-007  0.0000000E+000  0.6513609E+000  0.8477714E-003  0.7316488E-003  0.7645383E-003  0.8184852E-003  0.8042280E-003  0.8157740E-003  0.8211797E-003  0.8909829E-003
010101998n2o_nh3   9.708    10011998      17 -0.7086850E-004 -0.1184500E-004  0.1000189E-006  0.0000000E+000  0.6526867E+000  0.8491376E-003  0.7321012E-003  0.7635530E-003  0.8165716E-003  0.8025066E-003  0.8140003E-003  0.8196106E-003  0.8889966E-003
010101998n2o_nh3   9.750    10011998      18 -0.7027942E-004 -0.1188577E-004  0.1003583E-006  0.0000000E+000  0.6540060E+000  0.8506134E-003  0.7325722E-003  0.7628415E-003  0.8148667E-003  0.8009227E-003  0.8122774E-003  0.8180573E-003  0.8870414E-003
010101998n2o_nh3   9.792    10011998      19 -0.6978547E-004 -0.1194737E-004  0.1004919E-006  0.0000000E+000  0.6553193E+000  0.8518676E-003  0.7328016E-003  0.7620077E-003  0.8131844E-003  0.7993834E-003  0.8105892E-003  0.8165145E-003  0.8850997E-003
010101998n2o_nh3   9.833    10011998      20 -0.6920929E-004 -0.1200335E-004  0.1007937E-006  0.0000000E+000  0.6566264E+000  0.8536651E-003  0.7332820E-003  0.7611255E-003  0.8115250E-003  0.7978618E-003  0.8089372E-003  0.8149698E-003  0.8831611E-003
010101998n2o_nh3   9.875    10011998      21 -0.6836033E-004 -0.1200850E-004  0.1016070E-006  0.0000000E+000  0.6579267E+000  0.8556341E-003  0.7347076E-003  0.7607951E-003  0.8101012E-003  0.7964295E-003  0.8073264E-003  0.8134313E-003  0.8812246E-003
010101998n2o_nh3   9.917    10011998      22 -0.6744410E-004 -0.1197993E-004  0.1024099E-006  0.0000000E+000  0.6592211E+000  0.8575817E-003  0.7364511E-003  0.7608069E-003  0.8089140E-003  0.7951343E-003  0.8057870E-003  0.8118781E-003  0.8792915E-003
010101998n2o_nh3   9.958    10011998      23 -0.6658817E-004 -0.1197754E-004  0.1012267E-006  0.0000000E+000  0.6605090E+000  0.8628723E-003  0.7379643E-003  0.7609902E-003  0.8078580E-003  0.7939462E-003  0.8043033E-003  0.8102971E-003  0.8773422E-003
010101998n2o_nh3  10.000    10011998      24 -0.6594877E-004 -0.1203745E-004  0.9220995E-007  0.0000000E+000  0.6617906E+000  0.8702492E-003  0.7388991E-003  0.7608868E-003  0.8069709E-003  0.7928644E-003  0.8028958E-003  0.8086981E-003  0.8753636E-003
010101998n2o_nh3  10.042    11011998       1 -0.6529971E-004 -0.1209299E-004  0.7999331E-007  0.0000000E+000  0.6630660E+000  0.8766831E-003  0.7396006E-003  0.7599816E-003  0.8060203E-003  0.7918039E-003  0.8015294E-003  0.8071027E-003  0.8733522E-003
010101998n2o_nh3  10.083    11011998       2 -0.6475206E-004 -0.1217299E-004  0.6927388E-007  0.0000000E+000  0.6643355E+000  0.8806263E-003  0.7401647E-003  0.7588825E-003  0.8047515E-003  0.7906847E-003  0.8001723E-003  0.8055138E-003  0.8713090E-003
010101998n2o_nh3  10.125    11011998       3 -0.6413025E-004 -0.1222289E-004  0.5753106E-007  0.0000000E+000  0.6655986E+000  0.8812488E-003  0.7404271E-003  0.7576354E-003  0.8025859E-003  0.7894263E-003  0.7987500E-003  0.8039231E-003  0.8692391E-003
010101998n2o_nh3  10.167    11011998       4 -0.6331048E-004 -0.1224363E-004  0.4482986E-007  0.0000000E+000  0.6668555E+000  0.8833198E-003  0.7406840E-003  0.7563540E-003  0.8001213E-003  0.7879955E-003  0.7972386E-003  0.8023107E-003  0.8671473E-003
010101998n2o_nh3  10.208    11011998       5 -0.6274388E-004 -0.1230368E-004  0.2743584E-007  0.0000000E+000  0.6681063E+000  0.8855236E-003  0.7403034E-003  0.7546988E-003  0.7972807E-003  0.7860763E-003  0.7956213E-003  0.8006551E-003  0.8650378E-003
010101998n2o_nh3  10.250    11011998       6 -0.6219978E-004 -0.1239805E-004  0.2136295E-007  0.0000000E+000  0.6693510E+000  0.8889383E-003  0.7399895E-003  0.7530386E-003  0.7944510E-003  0.7834455E-003  0.7937925E-003  0.7989095E-003  0.8629069E-003
010101998n2o_nh3  10.292    11011998       7 -0.6179083E-004 -0.1254408E-004  0.2121901E-007  0.0000000E+000  0.6705887E+000  0.8923899E-003  0.7398629E-003  0.7518372E-003  0.7920611E-003  0.7809051E-003  0.7918195E-003  0.7971041E-003  0.8607588E-003
010101998n2o_nh3  10.333    11011998       8 -0.6128434E-004 -0.1267593E-004  0.2588068E-007  0.0000000E+000  0.6718196E+000  0.8957820E-003  0.7400148E-003  0.7509588E-003  0.7902019E-003  0.7787693E-003  0.7898285E-003  0.7952832E-003  0.8586041E-003
010101998n2o_nh3  10.375    11011998       9 -0.6083622E-004 -0.1282329E-004  0.3449040E-007  0.0000000E+000  0.6730435E+000  0.8987489E-003  0.7402456E-003  0.7503923E-003  0.7888631E-003  0.7771042E-003  0.7879738E-003  0.7934985E-003  0.8564531E-003
010101998n2o_nh3  10.417    11011998      10 -0.6040495E-004 -0.1300862E-004  0.4958936E-007  0.0000000E+000  0.6742606E+000  0.9030796E-003  0.7407993E-003  0.7502713E-003  0.7881341E-003  0.7760084E-003  0.7863111E-003  0.7918016E-003  0.8543226E-003
010101998n2o_nh3  10.458    11011998      11 -0.5983290E-004 -0.1314830E-004  0.6575733E-007  0.0000000E+000  0.6754709E+000  0.9067549E-003  0.7419174E-003  0.7507004E-003  0.7880882E-003  0.7755623E-003  0.7849234E-003  0.7902598E-003  0.8522324E-003
010101998n2o_nh3  10.500    11011998      12 -0.5917232E-004 -0.1325318E-004  0.7642922E-007  0.0000000E+000  0.6766754E+000  0.9078588E-003  0.7431415E-003  0.7513919E-003  0.7883850E-003  0.7751777E-003  0.7838714E-003  0.7889218E-003  0.8502026E-003
010101998n2o_nh3  10.542    11011998      13 -0.5844526E-004 -0.1331764E-004  0.7840860E-007  0.0000000E+000  0.6778734E+000  0.9083934E-003  0.7441796E-003  0.7518769E-003  0.7885883E-003  0.7747516E-003  0.7830421E-003  0.7877685E-003  0.8482459E-003
010101998n2o_nh3  10.583    11011998      14 -0.5771327E-004 -0.1336734E-004  0.7469821E-007  0.0000000E+000  0.6790655E+000  0.9084431E-003  0.7447485E-003  0.7519118E-003  0.7883015E-003  0.7742947E-003  0.7823016E-003  0.7867230E-003  0.8463635E-003
010101998n2o_nh3  10.625    11011998      15 -0.5709300E-004 -0.1346609E-004  0.7437052E-007  0.0000000E+000  0.6802519E+000  0.9084458E-003  0.7451425E-003  0.7516855E-003  0.7876672E-003  0.7736932E-003  0.7815307E-003  0.7857333E-003  0.8445417E-003
010101998n2o_nh3  10.667    11011998      16 -0.5620362E-004 -0.1348427E-004  0.7148614E-007  0.0000000E+000  0.6814325E+000  0.9082481E-003  0.7456650E-003  0.7514682E-003  0.7869483E-003  0.7729984E-003  0.7807201E-003  0.7847700E-003  0.8427663E-003
010101998n2o_nh3  10.708    11011998      17 -0.5523108E-004 -0.1346618E-004  0.5843701E-007  0.0000000E+000  0.6826075E+000  0.9072982E-003  0.7460896E-003  0.7510156E-003  0.7858938E-003  0.7722814E-003  0.7798741E-003  0.7838071E-003  0.8410300E-003
010101998n2o_nh3  10.750    11011998      18 -0.5421572E-004 -0.1336850E-004  0.3171628E-007  0.0000000E+000  0.6837775E+000  0.9046929E-003  0.7457578E-003  0.7498352E-003  0.7839600E-003  0.7711127E-003  0.7789527E-003  0.7827964E-003  0.8393186E-003
010101998n2o_nh3  10.792    11011998      19 -0.5350464E-004 -0.1338427E-004  0.6020754E-008  0.0000000E+000  0.6849419E+000  0.9016785E-003  0.7447273E-003  0.7477925E-003  0.7810751E-003  0.7686584E-003  0.7777205E-003  0.7816346E-003  0.8376072E-003
010101998n2o_nh3  10.833    11011998      20 -0.5271099E-004 -0.1339698E-004 -0.1330257E-007  0.0000000E+000  0.6861012E+000  0.9006563E-003  0.7436479E-003  0.7455907E-003  0.7778038E-003  0.7655174E-003  0.7757071E-003  0.7802310E-003  0.8358649E-003
010101998n2o_nh3  10.875    11011998      21 -0.5191443E-004 -0.1339526E-004 -0.2966576E-007  0.0000000E+000  0.6872555E+000  0.8976430E-003  0.7425806E-003  0.7433738E-003  0.7745202E-003  0.7621386E-003  0.7727376E-003  0.7785540E-003  0.8340722E-003
010101998n2o_nh3  10.917    11011998      22 -0.5119466E-004 -0.1340958E-004 -0.4627074E-007  0.0000000E+000  0.6884047E+000  0.8937796E-003  0.7412448E-003  0.7410611E-003  0.7711501E-003  0.7586014E-003  0.7693569E-003  0.7766031E-003  0.8322184E-003
010101998n2o_nh3  10.958    11011998      23 -0.5036284E-004 -0.1341664E-004 -0.5630087E-007  0.0000000E+000  0.6895489E+000  0.8902906E-003  0.7400200E-003  0.7387815E-003  0.7678227E-003  0.7549911E-003  0.7657547E-003  0.7743935E-003  0.8302985E-003
010101998n2o_nh3  11.000    11011998      24 -0.4955208E-004 -0.1340792E-004 -0.7912034E-007  0.0000000E+000  0.6906884E+000  0.8865159E-003  0.7388982E-003  0.7366019E-003  0.7646102E-003  0.7514838E-003  0.7621748E-003  0.7716552E-003  0.8283115E-003
010101998n2o_nh3  11.042    12011998       1 -0.4862689E-004 -0.1334716E-004 -0.1078894E-006  0.0000000E+000  0.6918232E+000  0.8822978E-003  0.7372780E-003  0.7340176E-003  0.7610007E-003  0.7476594E-003  0.7583229E-003  0.7683323E-003  0.8262525E-003
010101998n2o_nh3  11.083    12011998       2 -0.4796100E-004 -0.1336022E-004 -0.1347229E-006  0.0000000E+000  0.6929535E+000  0.8778569E-003  0.7354821E-003  0.7311457E-003  0.7571028E-003  0.7434890E-003  0.7540836E-003  0.7644407E-003  0.8241031E-003
010101998n2o_nh3  11.125    12011998       3 -0.4716743E-004 -0.1335749E-004 -0.1512427E-006  0.0000000E+000  0.6940796E+000  0.8739412E-003  0.7337402E-003  0.7283813E-003  0.7532373E-003  0.7391968E-003  0.7496190E-003  0.7601199E-003  0.8218454E-003
010101998n2o_nh3  11.167    12011998       4 -0.4637023E-004 -0.1336357E-004 -0.1636590E-006  0.0000000E+000  0.6952013E+000  0.8699821E-003  0.7322843E-003  0.7259059E-003  0.7496992E-003  0.7351235E-003  0.7452571E-003  0.7556646E-003  0.8194754E-003
010101998n2o_nh3  11.208    12011998       5 -0.4553958E-004 -0.1334970E-004 -0.1771266E-006  0.0000000E+000  0.6963188E+000  0.8659190E-003  0.7309056E-003  0.7235248E-003  0.7463041E-003  0.7312332E-003  0.7410554E-003  0.7512377E-003  0.8170036E-003
010101998n2o_nh3  11.250    12011998       6 -0.4475169E-004 -0.1335605E-004 -0.1940435E-006  0.0000000E+000  0.6974322E+000  0.8615515E-003  0.7294166E-003  0.7210623E-003  0.7429217E-003  0.7273977E-003  0.7369291E-003  0.7468487E-003  0.8144437E-003
010101998n2o_nh3  11.292    12011998       7 -0.4392730E-004 -0.1332218E-004 -0.2099299E-006  0.0000000E+000  0.6985407E+000  0.8572045E-003  0.7278313E-003  0.7185542E-003  0.7394718E-003  0.7235155E-003  0.7327555E-003  0.7424348E-003  0.8118078E-003
010101998n2o_nh3  11.333    12011998       8 -0.4310928E-004 -0.1329997E-004 -0.2256324E-006  0.0000000E+000  0.6996450E+000  0.8526897E-003  0.7262642E-003  0.7160559E-003  0.7360851E-003  0.7196614E-003  0.7285966E-003  0.7380069E-003  0.8090933E-003
