    DOY     DATE    HOUR    N2O_FLUX        N2G_FLUX        NH3_FLUX        SURF_N_FLUX     SUBS_N_FLUX     N2O_1           N2O_2           N2O_3           N2O_4           N2O_5           N2O_6           N2O_7           N2O_8           
010101999n2o_nh3   0.042    01011999       1 -0.2756716E-004 -0.1390314E-004 -0.3049004E-005  0.0000000E+000  0.7213325E-003  0.2109707E+001  0.7051365E-001  0.8527666E-002  0.8229898E-002  0.7980699E-002  0.7736858E-002  0.7348259E-002  0.6316791E-002
010101999n2o_nh3   0.083    01011999       2 -0.2743884E-004 -0.1364664E-004 -0.3041580E-005  0.0000000E+000  0.1441681E-002  0.2096900E+001  0.7157630E-001  0.8538210E-002  0.8244486E-002  0.7997548E-002  0.7755477E-002  0.7369373E-002  0.6342223E-002
010101999n2o_nh3   0.125    01011999       3 -0.2729175E-004 -0.1342921E-004 -0.3037164E-005  0.0000000E+000  0.2153388E-002  0.2084654E+001  0.7264463E-001  0.8547592E-002  0.8258044E-002  0.8013463E-002  0.7773215E-002  0.7389716E-002  0.6367110E-002
010101999n2o_nh3   0.167    01011999       4 -0.2714625E-004 -0.1320822E-004 -0.3033453E-005  0.0000000E+000  0.2871778E-002  0.2072028E+001  0.7372202E-001  0.8555677E-002  0.8270499E-002  0.8028396E-002  0.7790063E-002  0.7409268E-002  0.6391448E-002
010101999n2o_nh3   0.208    01011999       5 -0.2701413E-004 -0.1302837E-004 -0.3036433E-005  0.0000000E+000  0.3581533E-002  0.2058134E+001  0.7481002E-001  0.8562341E-002  0.8281792E-002  0.8042300E-002  0.7805987E-002  0.7428021E-002  0.6415236E-002
010101999n2o_nh3   0.250    01011999       6 -0.2687992E-004 -0.1287117E-004 -0.3043998E-005  0.0000000E+000  0.4297978E-002  0.2043943E+001  0.7590832E-001  0.8567652E-002  0.8291909E-002  0.8055138E-002  0.7820942E-002  0.7445938E-002  0.6438468E-002
010101999n2o_nh3   0.292    01011999       7 -0.2674235E-004 -0.1274622E-004 -0.3053234E-005  0.0000000E+000  0.5013449E-002  0.2029734E+001  0.7703047E-001  0.8571274E-002  0.8300910E-002  0.8066938E-002  0.7834909E-002  0.7463003E-002  0.6461138E-002
010101999n2o_nh3   0.333    01011999       8 -0.2660374E-004 -0.1262111E-004 -0.3063017E-005  0.0000000E+000  0.5720294E-002  0.2015546E+001  0.7816235E-001  0.8574430E-002  0.8308858E-002  0.8077723E-002  0.7847931E-002  0.7479211E-002  0.6483234E-002
010101999n2o_nh3   0.375    01011999       9 -0.2646282E-004 -0.1244962E-004 -0.3072670E-005  0.0000000E+000  0.6433825E-002  0.2001441E+001  0.7929862E-001  0.8577042E-002  0.8315881E-002  0.8087544E-002  0.7860013E-002  0.7494568E-002  0.6504747E-002
010101999n2o_nh3   0.417    01011999      10 -0.2632000E-004 -0.1235570E-004 -0.3081917E-005  0.0000000E+000  0.7138736E-002  0.1987363E+001  0.8044196E-001  0.8578894E-002  0.8322040E-002  0.8096472E-002  0.7871212E-002  0.7509091E-002  0.6525668E-002
010101999n2o_nh3   0.458    01011999      11 -0.2618001E-004 -0.1226643E-004 -0.3092138E-005  0.0000000E+000  0.7850339E-002  0.1973082E+001  0.8159414E-001  0.8579788E-002  0.8327292E-002  0.8104539E-002  0.7881559E-002  0.7522811E-002  0.6545999E-002
010101999n2o_nh3   0.500    01011999      12 -0.2604300E-004 -0.1220045E-004 -0.3104375E-005  0.0000000E+000  0.8553322E-002  0.1958545E+001  0.8275596E-001  0.8579692E-002  0.8331655E-002  0.8111733E-002  0.7891064E-002  0.7535741E-002  0.6565734E-002
010101999n2o_nh3   0.542    01011999      13 -0.2590972E-004 -0.1218445E-004 -0.3119294E-005  0.0000000E+000  0.9263004E-002  0.1943728E+001  0.8392769E-001  0.8578614E-002  0.8335111E-002  0.8118052E-002  0.7899730E-002  0.7547880E-002  0.6584876E-002
010101999n2o_nh3   0.583    01011999      14 -0.2578102E-004 -0.1218860E-004 -0.3137388E-005  0.0000000E+000  0.9964078E-002  0.1928666E+001  0.8510943E-001  0.8576554E-002  0.8337636E-002  0.8123495E-002  0.7907556E-002  0.7559240E-002  0.6603424E-002
010101999n2o_nh3   0.625    01011999      15 -0.2565481E-004 -0.1219860E-004 -0.3158055E-005  0.0000000E+000  0.1067185E-001  0.1913547E+001  0.8630124E-001  0.8573513E-002  0.8339244E-002  0.8128066E-002  0.7914527E-002  0.7569825E-002  0.6621383E-002
010101999n2o_nh3   0.667    01011999      16 -0.2552824E-004 -0.1218189E-004 -0.3179499E-005  0.0000000E+000  0.1137102E-001  0.1898679E+001  0.8750448E-001  0.8569593E-002  0.8339963E-002  0.8131741E-002  0.7920670E-002  0.7579630E-002  0.6638745E-002
010101999n2o_nh3   0.708    01011999      17 -0.2539631E-004 -0.1211176E-004 -0.3198805E-005  0.0000000E+000  0.1207690E-001  0.1884431E+001  0.8872163E-001  0.8564945E-002  0.8339791E-002  0.8134555E-002  0.7925957E-002  0.7588639E-002  0.6655508E-002
010101999n2o_nh3   0.750    01011999      18 -0.2525464E-004 -0.1200445E-004 -0.3212502E-005  0.0000000E+000  0.1277417E-001  0.1871175E+001  0.8995675E-001  0.8559683E-002  0.8338804E-002  0.8136521E-002  0.7930405E-002  0.7596856E-002  0.6671662E-002
010101999n2o_nh3   0.792    01011999      19 -0.2510184E-004 -0.1187968E-004 -0.3218049E-005  0.0000000E+000  0.1347050E-001  0.1859017E+001  0.9121425E-001  0.8553933E-002  0.8337082E-002  0.8137702E-002  0.7934044E-002  0.7604283E-002  0.6687206E-002
010101999n2o_nh3   0.833    01011999      20 -0.2494009E-004 -0.1174515E-004 -0.3215127E-005  0.0000000E+000  0.1417355E-001  0.1847803E+001  0.9249812E-001  0.8547751E-002  0.8334697E-002  0.8138156E-002  0.7936936E-002  0.7610953E-002  0.6702129E-002
010101999n2o_nh3   0.875    01011999      21 -0.2477243E-004 -0.1158030E-004 -0.3204640E-005  0.0000000E+000  0.1486801E-001  0.1837310E+001  0.9381126E-001  0.8541147E-002  0.8331726E-002  0.8137949E-002  0.7939127E-002  0.7616895E-002  0.6716433E-002
010101999n2o_nh3   0.917    01011999      22 -0.2460004E-004 -0.1139206E-004 -0.3187863E-005  0.0000000E+000  0.1556919E-001  0.1827353E+001  0.9515544E-001  0.8534133E-002  0.8328199E-002  0.8137131E-002  0.7940649E-002  0.7622152E-002  0.6730128E-002
010101999n2o_nh3   0.958    01011999      23 -0.2442463E-004 -0.1119692E-004 -0.3166168E-005  0.0000000E+000  0.1626179E-001  0.1817753E+001  0.9653118E-001  0.8526715E-002  0.8324163E-002  0.8135729E-002  0.7941557E-002  0.7626753E-002  0.6743219E-002
010101999n2o_nh3   1.000    01011999      24 -0.2424795E-004 -0.1097212E-004 -0.3140959E-005  0.0000000E+000  0.1695347E-001  0.1808350E+001  0.9793904E-001  0.8518917E-002  0.8319604E-002  0.8133767E-002  0.7941878E-002  0.7630728E-002  0.6755713E-002
010101999n2o_nh3   1.042    02011999       1 -0.2407034E-004 -0.1071876E-004 -0.3113303E-005  0.0000000E+000  0.1764422E-001  0.1799043E+001  0.9937833E-001  0.8510727E-002  0.8314547E-002  0.8131266E-002  0.7941640E-002  0.7634101E-002  0.6767621E-002
010101999n2o_nh3   1.083    02011999       2 -0.2389178E-004 -0.1043452E-004 -0.3083831E-005  0.0000000E+000  0.1834170E-001  0.1789787E+001  0.1008488E+000  0.8502129E-002  0.8309014E-002  0.8128236E-002  0.7940853E-002  0.7636889E-002  0.6778955E-002
010101999n2o_nh3   1.125    02011999       3 -0.2371094E-004 -0.1014284E-004 -0.3052887E-005  0.0000000E+000  0.1903061E-001  0.1780560E+001  0.1023978E+000  0.8492552E-002  0.8303030E-002  0.8124699E-002  0.7939522E-002  0.7639106E-002  0.6789722E-002
010101999n2o_nh3   1.167    02011999       4 -0.2353009E-004 -0.9898123E-005 -0.3020902E-005  0.0000000E+000  0.1971860E-001  0.1771300E+001  0.1039599E+000  0.8484135E-002  0.8296841E-002  0.8120797E-002  0.7937724E-002  0.7640781E-002  0.6799936E-002
010101999n2o_nh3   1.208    02011999       5 -0.2335130E-004 -0.9598120E-005 -0.2988844E-005  0.0000000E+000  0.2041334E-001  0.1761864E+001  0.1055305E+000  0.8476034E-002  0.8290599E-002  0.8116713E-002  0.7935607E-002  0.7642012E-002  0.6809609E-002
010101999n2o_nh3   1.250    02011999       6 -0.2317222E-004 -0.9283010E-005 -0.2957107E-005  0.0000000E+000  0.2109951E-001  0.1752250E+001  0.1071100E+000  0.8467939E-002  0.8284269E-002  0.8112436E-002  0.7933207E-002  0.7642845E-002  0.6818762E-002
010101999n2o_nh3   1.292    02011999       7 -0.2299268E-004 -0.8971394E-005 -0.2925704E-005  0.0000000E+000  0.2178477E-001  0.1742467E+001  0.1086992E+000  0.8459663E-002  0.8277856E-002  0.8107934E-002  0.7930546E-002  0.7643307E-002  0.6827421E-002
010101999n2o_nh3   1.333    02011999       8 -0.2281239E-004 -0.8666198E-005 -0.2894822E-005  0.0000000E+000  0.2246912E-001  0.1732482E+001  0.1103110E+000  0.8450727E-002  0.8271258E-002  0.8103227E-002  0.7927619E-002  0.7643416E-002  0.6835596E-002
010101999n2o_nh3   1.375    02011999       9 -0.2263204E-004 -0.8399860E-005 -0.2864869E-005  0.0000000E+000  0.2315256E-001  0.1722247E+001  0.1119407E+000  0.8441780E-002  0.8264462E-002  0.8098297E-002  0.7924440E-002  0.7643197E-002  0.6843310E-002
010101999n2o_nh3   1.417    02011999      10 -0.2245630E-004 -0.8219950E-005 -0.2837750E-005  0.0000000E+000  0.2383509E-001  0.1711436E+001  0.1135699E+000  0.8432950E-002  0.8257487E-002  0.8093129E-002  0.7921001E-002  0.7642667E-002  0.6850579E-002
010101999n2o_nh3   1.458    02011999      11 -0.2229072E-004 -0.8116183E-005 -0.2817026E-005  0.0000000E+000  0.2451674E-001  0.1699645E+001  0.1151933E+000  0.8423792E-002  0.8250323E-002  0.8087772E-002  0.7917345E-002  0.7641863E-002  0.6857425E-002
010101999n2o_nh3   1.500    02011999      12 -0.2213794E-004 -0.8073426E-005 -0.2805699E-005  0.0000000E+000  0.2520514E-001  0.1686697E+001  0.1168047E+000  0.8414064E-002  0.8242868E-002  0.8082181E-002  0.7913457E-002  0.7640811E-002  0.6863872E-002
010101999n2o_nh3   1.542    02011999      13 -0.2199820E-004 -0.8095325E-005 -0.2805534E-005  0.0000000E+000  0.2588498E-001  0.1672610E+001  0.1183969E+000  0.8403610E-002  0.8235011E-002  0.8076271E-002  0.7909305E-002  0.7639497E-002  0.6869947E-002
010101999n2o_nh3   1.583    02011999      14 -0.2187066E-004 -0.8157005E-005 -0.2816960E-005  0.0000000E+000  0.2656393E-001  0.1657561E+001  0.1199649E+000  0.8392412E-002  0.8226682E-002  0.8069987E-002  0.7904817E-002  0.7637898E-002  0.6875669E-002
010101999n2o_nh3   1.625    02011999      15 -0.2175235E-004 -0.8246734E-005 -0.2838768E-005  0.0000000E+000  0.2724199E-001  0.1641894E+001  0.1215056E+000  0.8380479E-002  0.8217828E-002  0.8063242E-002  0.7899943E-002  0.7635973E-002  0.6881052E-002
010101999n2o_nh3   1.667    02011999      16 -0.2163964E-004 -0.8358146E-005 -0.2868416E-005  0.0000000E+000  0.2791916E-001  0.1626022E+001  0.1230199E+000  0.8367863E-002  0.8208403E-002  0.8056015E-002  0.7894640E-002  0.7633694E-002  0.6886095E-002
010101999n2o_nh3   1.708    02011999      17 -0.2152865E-004 -0.8455359E-005 -0.2902409E-005  0.0000000E+000  0.2859544E-001  0.1610370E+001  0.1245113E+000  0.8354675E-002  0.8198396E-002  0.8048273E-002  0.7888871E-002  0.7631007E-002  0.6890798E-002
010101999n2o_nh3   1.750    02011999      18 -0.2141378E-004 -0.8532992E-005 -0.2936415E-005  0.0000000E+000  0.2927083E-001  0.1595398E+001  0.1259869E+000  0.8341054E-002  0.8187863E-002  0.8040012E-002  0.7882603E-002  0.7627887E-002  0.6895158E-002
010101999n2o_nh3   1.792    02011999      19 -0.2129332E-004 -0.8644818E-005 -0.2966779E-005  0.0000000E+000  0.2994534E-001  0.1581297E+001  0.1274547E+000  0.8327146E-002  0.8176897E-002  0.8031260E-002  0.7875856E-002  0.7624310E-002  0.6899164E-002
010101999n2o_nh3   1.833    02011999      20 -0.2117007E-004 -0.8762538E-005 -0.2992493E-005  0.0000000E+000  0.3061132E-001  0.1567971E+001  0.1289200E+000  0.8312962E-002  0.8165505E-002  0.8022095E-002  0.7868670E-002  0.7620299E-002  0.6902803E-002
010101999n2o_nh3   1.875    02011999      21 -0.2104547E-004 -0.8884465E-005 -0.3013712E-005  0.0000000E+000  0.3128407E-001  0.1555306E+001  0.1303873E+000  0.8298530E-002  0.8153779E-002  0.8012529E-002  0.7861070E-002  0.7615864E-002  0.6906070E-002
010101999n2o_nh3   1.917    02011999      22 -0.2092105E-004 -0.9007469E-005 -0.3031053E-005  0.0000000E+000  0.3195594E-001  0.1543193E+001  0.1318591E+000  0.8283866E-002  0.8141728E-002  0.8002607E-002  0.7853099E-002  0.7611021E-002  0.6908967E-002
010101999n2o_nh3   1.958    02011999      23 -0.2079727E-004 -0.9127150E-005 -0.3045243E-005  0.0000000E+000  0.3262694E-001  0.1531561E+001  0.1333373E+000  0.8269015E-002  0.8129410E-002  0.7992348E-002  0.7844757E-002  0.7605796E-002  0.6911494E-002
010101999n2o_nh3   2.000    02011999      24 -0.2066967E-004 -0.9265635E-005 -0.3055583E-005  0.0000000E+000  0.3329707E-001  0.1520786E+001  0.1348264E+000  0.8254040E-002  0.8116811E-002  0.7981794E-002  0.7836089E-002  0.7600201E-002  0.6913654E-002
010101999n2o_nh3   2.042    03011999       1 -0.2052183E-004 -0.9314687E-005 -0.3052489E-005  0.0000000E+000  0.3396631E-001  0.1512036E+001  0.1363451E+000  0.8239183E-002  0.8104019E-002  0.7970965E-002  0.7827108E-002  0.7594264E-002  0.6915453E-002
010101999n2o_nh3   2.083    03011999       2 -0.2036280E-004 -0.9287149E-005 -0.3034045E-005  0.0000000E+000  0.3462703E-001  0.1504677E+001  0.1379022E+000  0.8224473E-002  0.8091096E-002  0.7959916E-002  0.7817843E-002  0.7588005E-002  0.6916901E-002
010101999n2o_nh3   2.125    03011999       3 -0.2020835E-004 -0.9273273E-005 -0.3008480E-005  0.0000000E+000  0.3529455E-001  0.1497458E+001  0.1394916E+000  0.8209774E-002  0.8078092E-002  0.7948703E-002  0.7808369E-002  0.7581451E-002  0.6917997E-002
010101999n2o_nh3   2.167    03011999       4 -0.2006179E-004 -0.9244880E-005 -0.2982303E-005  0.0000000E+000  0.3596120E-001  0.1490052E+001  0.1411070E+000  0.8195003E-002  0.8065019E-002  0.7937353E-002  0.7798700E-002  0.7574631E-002  0.6918759E-002
010101999n2o_nh3   2.208    03011999       5 -0.1992121E-004 -0.9170515E-005 -0.2956202E-005  0.0000000E+000  0.3661934E-001  0.1482491E+001  0.1427471E+000  0.8180178E-002  0.8051812E-002  0.7925851E-002  0.7788843E-002  0.7567582E-002  0.6919192E-002
010101999n2o_nh3   2.250    03011999       6 -0.1980387E-004 -0.9142760E-005 -0.2939256E-005  0.0000000E+000  0.3728428E-001  0.1473520E+001  0.1443910E+000  0.8165113E-002  0.8038481E-002  0.7914191E-002  0.7778805E-002  0.7560301E-002  0.6919306E-002
010101999n2o_nh3   2.292    03011999       7 -0.1970155E-004 -0.9219048E-005 -0.2936473E-005  0.0000000E+000  0.3794837E-001  0.1463311E+001  0.1460667E+000  0.8148873E-002  0.8025055E-002  0.7902400E-002  0.7768593E-002  0.7552781E-002  0.6919111E-002
010101999n2o_nh3   2.333    03011999       8 -0.1960501E-004 -0.9365421E-005 -0.2944195E-005  0.0000000E+000  0.3860394E-001  0.1452758E+001  0.1477217E+000  0.8133291E-002  0.8011401E-002  0.7890402E-002  0.7758187E-002  0.7545035E-002  0.6918614E-002
010101999n2o_nh3   2.375    03011999       9 -0.1951059E-004 -0.9526583E-005 -0.2957386E-005  0.0000000E+000  0.3926631E-001  0.1442323E+001  0.1493587E+000  0.8117910E-002  0.7997680E-002  0.7878265E-002  0.7747608E-002  0.7537082E-002  0.6917816E-002
010101999n2o_nh3   2.417    03011999      10 -0.1942203E-004 -0.9721879E-005 -0.2975017E-005  0.0000000E+000  0.3992018E-001  0.1431828E+001  0.1509770E+000  0.8102536E-002  0.7983913E-002  0.7866028E-002  0.7736882E-002  0.7528936E-002  0.6916735E-002
010101999n2o_nh3   2.458    03011999      11 -0.1934368E-004 -0.9994935E-005 -0.2999952E-005  0.0000000E+000  0.4058085E-001  0.1420926E+001  0.1525688E+000  0.8087060E-002  0.7970078E-002  0.7853697E-002  0.7726035E-002  0.7520609E-002  0.6915379E-002
010101999n2o_nh3   2.500    03011999      12 -0.1927346E-004 -0.1033093E-004 -0.3032701E-005  0.0000000E+000  0.4123304E-001  0.1409804E+001  0.1541313E+000  0.8071426E-002  0.7956169E-002  0.7841282E-002  0.7715056E-002  0.7512120E-002  0.6913762E-002
010101999n2o_nh3   2.542    03011999      13 -0.1921106E-004 -0.1075180E-004 -0.3073068E-005  0.0000000E+000  0.4189201E-001  0.1398547E+001  0.1556621E+000  0.8055652E-002  0.7942162E-002  0.7828753E-002  0.7703961E-002  0.7503474E-002  0.6911882E-002
010101999n2o_nh3   2.583    03011999      14 -0.1915651E-004 -0.1122916E-004 -0.3120284E-005  0.0000000E+000  0.4254249E-001  0.1387346E+001  0.1571610E+000  0.8039743E-002  0.7928039E-002  0.7816118E-002  0.7692748E-002  0.7494678E-002  0.6909758E-002
010101999n2o_nh3   2.625    03011999      15 -0.1910977E-004 -0.1174761E-004 -0.3173250E-005  0.0000000E+000  0.4319213E-001  0.1376327E+001  0.1586293E+000  0.8023713E-002  0.7913828E-002  0.7803374E-002  0.7681412E-002  0.7485732E-002  0.6907400E-002
010101999n2o_nh3   2.667    03011999      16 -0.1907234E-004 -0.1231051E-004 -0.3231878E-005  0.0000000E+000  0.4384856E-001  0.1365503E+001  0.1600664E+000  0.8007588E-002  0.7899507E-002  0.7790526E-002  0.7669945E-002  0.7476632E-002  0.6904813E-002
010101999n2o_nh3   2.708    03011999      17 -0.1911136E-004 -0.1292057E-004 -0.3295833E-005  0.0000000E+000  0.4449654E-001  0.1355022E+001  0.1614754E+000  0.7991412E-002  0.7885122E-002  0.7777561E-002  0.7658361E-002  0.7467377E-002  0.6902004E-002
010101999n2o_nh3   2.750    03011999      18 -0.1916393E-004 -0.1349496E-004 -0.3363686E-005  0.0000000E+000  0.4514367E-001  0.1344887E+001  0.1628627E+000  0.7975196E-002  0.7870644E-002  0.7764495E-002  0.7646659E-002  0.7457972E-002  0.6898977E-002
010101999n2o_nh3   2.792    03011999      19 -0.1914674E-004 -0.1411123E-004 -0.3433317E-005  0.0000000E+000  0.4579761E-001  0.1335347E+001  0.1642266E+000  0.7959072E-002  0.7856132E-002  0.7751336E-002  0.7634838E-002  0.7448423E-002  0.6895742E-002
010101999n2o_nh3   2.833    03011999      20 -0.1913611E-004 -0.1479292E-004 -0.3503991E-005  0.0000000E+000  0.4644308E-001  0.1326532E+001  0.1655720E+000  0.7943020E-002  0.7841600E-002  0.7738141E-002  0.7622939E-002  0.7438739E-002  0.6892297E-002
010101999n2o_nh3   2.875    03011999      21 -0.1913326E-004 -0.1547698E-004 -0.3574700E-005  0.0000000E+000  0.4708773E-001  0.1318482E+001  0.1669029E+000  0.7927095E-002  0.7827088E-002  0.7724924E-002  0.7610970E-002  0.7428935E-002  0.6888650E-002
010101999n2o_nh3   2.917    03011999      22 -0.1913983E-004 -0.1611149E-004 -0.3645054E-005  0.0000000E+000  0.4773152E-001  0.1311181E+001  0.1682229E+000  0.7911302E-002  0.7812627E-002  0.7711686E-002  0.7598935E-002  0.7419019E-002  0.6884798E-002
010101999n2o_nh3   2.958    03011999      23 -0.1915428E-004 -0.1667865E-004 -0.3714537E-005  0.0000000E+000  0.4838212E-001  0.1304635E+001  0.1695359E+000  0.7895670E-002  0.7798205E-002  0.7698426E-002  0.7586854E-002  0.7408994E-002  0.6880757E-002
010101999n2o_nh3   3.000    03011999      24 -0.1917483E-004 -0.1730661E-004 -0.3782591E-005  0.0000000E+000  0.4902425E-001  0.1298869E+001  0.1708453E+000  0.7880259E-002  0.7783855E-002  0.7685183E-002  0.7574724E-002  0.7398866E-002  0.6876519E-002
010101999n2o_nh3   3.042    04011999       1 -0.1920234E-004 -0.1797202E-004 -0.3848965E-005  0.0000000E+000  0.4966555E-001  0.1293877E+001  0.1721540E+000  0.7865090E-002  0.7769634E-002  0.7671985E-002  0.7562592E-002  0.7388661E-002  0.6872095E-002
010101999n2o_nh3   3.083    04011999       2 -0.1927080E-004 -0.1861952E-004 -0.3913847E-005  0.0000000E+000  0.5030601E-001  0.1289629E+001  0.1734643E+000  0.7850159E-002  0.7755556E-002  0.7658863E-002  0.7550480E-002  0.7378401E-002  0.6867487E-002
010101999n2o_nh3   3.125    04011999       3 -0.1942568E-004 -0.1917959E-004 -0.3977323E-005  0.0000000E+000  0.5094568E-001  0.1286014E+001  0.1747837E+000  0.7835426E-002  0.7741615E-002  0.7645821E-002  0.7538401E-002  0.7368095E-002  0.6862711E-002
010101999n2o_nh3   3.167    04011999       4 -0.1947262E-004 -0.1967222E-004 -0.4037724E-005  0.0000000E+000  0.5158455E-001  0.1283034E+001  0.1761093E+000  0.7820942E-002  0.7727800E-002  0.7632869E-002  0.7526358E-002  0.7357771E-002  0.6857772E-002
010101999n2o_nh3   3.208    04011999       5 -0.1952537E-004 -0.2020560E-004 -0.4096022E-005  0.0000000E+000  0.5222261E-001  0.1280734E+001  0.1774418E+000  0.7806730E-002  0.7714159E-002  0.7620019E-002  0.7514367E-002  0.7347421E-002  0.6852679E-002
010101999n2o_nh3   3.250    04011999       6 -0.1958369E-004 -0.2072566E-004 -0.4151904E-005  0.0000000E+000  0.5285984E-001  0.1279099E+001  0.1787840E+000  0.7792812E-002  0.7700693E-002  0.7607279E-002  0.7502453E-002  0.7337071E-002  0.6847444E-002
010101999n2o_nh3   3.292    04011999       7 -0.1964898E-004 -0.2120910E-004 -0.4205157E-005  0.0000000E+000  0.5349624E-001  0.1278100E+001  0.1801007E+000  0.7779887E-002  0.7687424E-002  0.7594679E-002  0.7490622E-002  0.7326723E-002  0.6842074E-002
010101999n2o_nh3   3.333    04011999       8 -0.1971781E-004 -0.2171343E-004 -0.4255679E-005  0.0000000E+000  0.5413183E-001  0.1277728E+001  0.1814204E+000  0.7766765E-002  0.7674451E-002  0.7582286E-002  0.7478910E-002  0.7316419E-002  0.6836576E-002
010101999n2o_nh3   3.375    04011999       9 -0.1979074E-004 -0.2223717E-004 -0.4303423E-005  0.0000000E+000  0.5476661E-001  0.1277969E+001  0.1827636E+000  0.7753533E-002  0.7661601E-002  0.7570019E-002  0.7467317E-002  0.7306162E-002  0.6830963E-002
010101999n2o_nh3   3.417    04011999      10 -0.1986854E-004 -0.2279918E-004 -0.4348518E-005  0.0000000E+000  0.5539295E-001  0.1278815E+001  0.1841318E+000  0.7740394E-002  0.7648856E-002  0.7557860E-002  0.7455814E-002  0.7295949E-002  0.6825247E-002
010101999n2o_nh3   3.458    04011999      11 -0.1994798E-004 -0.2337583E-004 -0.4391225E-005  0.0000000E+000  0.5602612E-001  0.1280241E+001  0.1857511E+000  0.7723136E-002  0.7635992E-002  0.7545695E-002  0.7444347E-002  0.7285767E-002  0.6819436E-002
010101999n2o_nh3   3.500    04011999      12 -0.2004004E-004 -0.2393204E-004 -0.4431668E-005  0.0000000E+000  0.5665848E-001  0.1282234E+001  0.1874147E+000  0.7708856E-002  0.7622827E-002  0.7533330E-002  0.7432773E-002  0.7275546E-002  0.6813530E-002
010101999n2o_nh3   3.542    04011999      13 -0.2013982E-004 -0.2442779E-004 -0.4470269E-005  0.0000000E+000  0.5729000E-001  0.1284727E+001  0.1890638E+000  0.7696526E-002  0.7610109E-002  0.7521157E-002  0.7421271E-002  0.7265327E-002  0.6807535E-002
010101999n2o_nh3   3.583    04011999      14 -0.2024583E-004 -0.2485219E-004 -0.4507665E-005  0.0000000E+000  0.5792072E-001  0.1287638E+001  0.1906988E+000  0.7685190E-002  0.7597997E-002  0.7509394E-002  0.7410018E-002  0.7255204E-002  0.6801472E-002
010101999n2o_nh3   3.625    04011999      15 -0.2035779E-004 -0.2524862E-004 -0.4544359E-005  0.0000000E+000  0.5854300E-001  0.1290926E+001  0.1923209E+000  0.7674519E-002  0.7586480E-002  0.7498067E-002  0.7399086E-002  0.7245235E-002  0.6795358E-002
010101999n2o_nh3   3.667    04011999      16 -0.2050211E-004 -0.2553110E-004 -0.4580852E-005  0.0000000E+000  0.5917211E-001  0.1294524E+001  0.1939325E+000  0.7664365E-002  0.7575471E-002  0.7487165E-002  0.7388485E-002  0.7235469E-002  0.6789214E-002
010101999n2o_nh3   3.708    04011999      17 -0.2075589E-004 -0.2573943E-004 -0.4617592E-005  0.0000000E+000  0.5980046E-001  0.1298331E+001  0.1955355E+000  0.7654759E-002  0.7564914E-002  0.7476658E-002  0.7378217E-002  0.7225919E-002  0.6783058E-002
010101999n2o_nh3   3.750    04011999      18 -0.2088023E-004 -0.2583616E-004 -0.4652343E-005  0.0000000E+000  0.6042037E-001  0.1302350E+001  0.1971292E+000  0.7645533E-002  0.7554779E-002  0.7466523E-002  0.7368269E-002  0.7216595E-002  0.6776909E-002
010101999n2o_nh3   3.792    04011999      19 -0.2100550E-004 -0.2596723E-004 -0.4685774E-005  0.0000000E+000  0.6104713E-001  0.1306663E+001  0.1987199E+000  0.7636659E-002  0.7545025E-002  0.7456729E-002  0.7358629E-002  0.7207503E-002  0.6770779E-002
010101999n2o_nh3   3.833    04011999      20 -0.2113159E-004 -0.2607865E-004 -0.4716986E-005  0.0000000E+000  0.6167308E-001  0.1311290E+001  0.2003115E+000  0.7628149E-002  0.7535629E-002  0.7447273E-002  0.7349283E-002  0.7198641E-002  0.6764672E-002
010101999n2o_nh3   3.875    04011999      21 -0.2125673E-004 -0.2622731E-004 -0.4745119E-005  0.0000000E+000  0.6229062E-001  0.1316273E+001  0.2019079E+000  0.7620034E-002  0.7526590E-002  0.7438140E-002  0.7340223E-002  0.7189997E-002  0.6758601E-002
010101999n2o_nh3   3.917    04011999      22 -0.2138147E-004 -0.2636827E-004 -0.4769459E-005  0.0000000E+000  0.6291498E-001  0.1321633E+001  0.2035128E+000  0.7612287E-002  0.7517904E-002  0.7429322E-002  0.7331464E-002  0.7181582E-002  0.6752575E-002
010101999n2o_nh3   3.958    04011999      23 -0.2150553E-004 -0.2644657E-004 -0.4789578E-005  0.0000000E+000  0.6353096E-001  0.1327351E+001  0.2051288E+000  0.7604865E-002  0.7509543E-002  0.7420823E-002  0.7322981E-002  0.7173392E-002  0.6746608E-002
010101999n2o_nh3   4.000    04011999      24 -0.2162766E-004 -0.2649698E-004 -0.4805146E-005  0.0000000E+000  0.6415374E-001  0.1333418E+001  0.2067587E+000  0.7597788E-002  0.7501494E-002  0.7412613E-002  0.7314775E-002  0.7165435E-002  0.6740703E-002
010101999n2o_nh3   4.042    05011999       1 -0.2174732E-004 -0.2653862E-004 -0.4815884E-005  0.0000000E+000  0.6476814E-001  0.1339836E+001  0.2084055E+000  0.7591065E-002  0.7493766E-002  0.7404696E-002  0.7306836E-002  0.7157697E-002  0.6734869E-002
010101999n2o_nh3   4.083    05011999       2 -0.2186405E-004 -0.2657022E-004 -0.4821602E-005  0.0000000E+000  0.6538936E-001  0.1346605E+001  0.2100713E+000  0.7584678E-002  0.7486364E-002  0.7397071E-002  0.7299155E-002  0.7150185E-002  0.6729113E-002
010101999n2o_nh3   4.125    05011999       3 -0.2197811E-004 -0.2655017E-004 -0.4822211E-005  0.0000000E+000  0.6600220E-001  0.1353694E+001  0.2117585E+000  0.7578644E-002  0.7479255E-002  0.7389735E-002  0.7291748E-002  0.7142896E-002  0.6723448E-002
010101999n2o_nh3   4.167    05011999       4 -0.2208886E-004 -0.2649222E-004 -0.4817739E-005  0.0000000E+000  0.6661422E-001  0.1361078E+001  0.2134683E+000  0.7572934E-002  0.7472450E-002  0.7382674E-002  0.7284599E-002  0.7135828E-002  0.6717868E-002
010101999n2o_nh3   4.208    05011999       5 -0.2219530E-004 -0.2644022E-004 -0.4808249E-005  0.0000000E+000  0.6723312E-001  0.1368748E+001  0.2152029E+000  0.7567570E-002  0.7465949E-002  0.7375897E-002  0.7277714E-002  0.7128978E-002  0.6712384E-002
010101999n2o_nh3   4.250    05011999       6 -0.2229866E-004 -0.2636717E-004 -0.4793874E-005  0.0000000E+000  0.6784356E-001  0.1376678E+001  0.2169627E+000  0.7562768E-002  0.7459662E-002  0.7369358E-002  0.7271067E-002  0.7122345E-002  0.6706998E-002
010101999n2o_nh3   4.292    05011999       7 -0.2239778E-004 -0.2625801E-004 -0.4774862E-005  0.0000000E+000  0.6845328E-001  0.1384824E+001  0.2187483E+000  0.7558199E-002  0.7453728E-002  0.7363113E-002  0.7264674E-002  0.7115932E-002  0.6701718E-002
010101999n2o_nh3   4.333    05011999       8 -0.2249228E-004 -0.2615928E-004 -0.4751550E-005  0.0000000E+000  0.6906220E-001  0.1393165E+001  0.2205596E+000  0.7553927E-002  0.7448128E-002  0.7357165E-002  0.7258549E-002  0.7109739E-002  0.6696546E-002
010101999n2o_nh3   4.375    05011999       9 -0.2258246E-004 -0.2606334E-004 -0.4724312E-005  0.0000000E+000  0.6967800E-001  0.1401666E+001  0.2223974E+000  0.7549981E-002  0.7442821E-002  0.7351509E-002  0.7252696E-002  0.7103778E-002  0.6691488E-002
010101999n2o_nh3   4.417    05011999      10 -0.2266837E-004 -0.2600798E-004 -0.4693649E-005  0.0000000E+000  0.7028535E-001  0.1410304E+001  0.2242618E+000  0.7546365E-002  0.7437835E-002  0.7346144E-002  0.7247117E-002  0.7098049E-002  0.6686548E-002
010101999n2o_nh3   4.458    05011999      11 -0.2275076E-004 -0.2599078E-004 -0.4660328E-005  0.0000000E+000  0.7089195E-001  0.1419027E+001  0.2261505E+000  0.7543090E-002  0.7433163E-002  0.7341073E-002  0.7241814E-002  0.7092562E-002  0.6681736E-002
010101999n2o_nh3   4.500    05011999      12 -0.2278400E-004 -0.2605761E-004 -0.4625027E-005  0.0000000E+000  0.7149778E-001  0.1427791E+001  0.2280622E+000  0.7540147E-002  0.7428797E-002  0.7336312E-002  0.7236792E-002  0.7087322E-002  0.6677061E-002
010101999n2o_nh3   4.542    05011999      13 -0.2271521E-004 -0.2618657E-004 -0.4588660E-005  0.0000000E+000  0.7210283E-001  0.1436632E+001  0.2299938E+000  0.7537404E-002  0.7424755E-002  0.7331852E-002  0.7232067E-002  0.7082338E-002  0.6672518E-002
010101999n2o_nh3   4.583    05011999      14 -0.2279126E-004 -0.2626840E-004 -0.4554269E-005  0.0000000E+000  0.7271476E-001  0.1445380E+001  0.2319448E+000  0.7534938E-002  0.7420972E-002  0.7327682E-002  0.7227628E-002  0.7077618E-002  0.6668132E-002
010101999n2o_nh3   4.625    05011999      15 -0.2286966E-004 -0.2631261E-004 -0.4521673E-005  0.0000000E+000  0.7331829E-001  0.1453906E+001  0.2339074E+000  0.7532784E-002  0.7417456E-002  0.7323778E-002  0.7223461E-002  0.7073160E-002  0.6663898E-002
010101999n2o_nh3   4.667    05011999      16 -0.2295069E-004 -0.2633025E-004 -0.4491891E-005  0.0000000E+000  0.7392108E-001  0.1462143E+001  0.2358768E+000  0.7530883E-002  0.7414198E-002  0.7320134E-002  0.7219561E-002  0.7068955E-002  0.6659828E-002
010101999n2o_nh3   4.708    05011999      17 -0.2303491E-004 -0.2627429E-004 -0.4465636E-005  0.0000000E+000  0.7452308E-001  0.1470031E+001  0.2378487E+000  0.7529183E-002  0.7411169E-002  0.7316742E-002  0.7215912E-002  0.7064990E-002  0.6655925E-002
010101999n2o_nh3   4.750    05011999      18 -0.2312060E-004 -0.2614739E-004 -0.4443152E-005  0.0000000E+000  0.7512434E-001  0.1477527E+001  0.2398207E+000  0.7527657E-002  0.7408356E-002  0.7313571E-002  0.7212486E-002  0.7061249E-002  0.6652184E-002
010101999n2o_nh3   4.792    05011999      19 -0.2320650E-004 -0.2602549E-004 -0.4424183E-005  0.0000000E+000  0.7572485E-001  0.1484667E+001  0.2417910E+000  0.7526317E-002  0.7405729E-002  0.7310599E-002  0.7209266E-002  0.7057721E-002  0.6648609E-002
010101999n2o_nh3   4.833    05011999      20 -0.2329148E-004 -0.2593105E-004 -0.4408312E-005  0.0000000E+000  0.7632456E-001  0.1491494E+001  0.2437587E+000  0.7525156E-002  0.7403289E-002  0.7307831E-002  0.7206236E-002  0.7054390E-002  0.6645191E-002
010101999n2o_nh3   4.875    05011999      21 -0.2337597E-004 -0.2586632E-004 -0.4395022E-005  0.0000000E+000  0.7692355E-001  0.1498051E+001  0.2457226E+000  0.7524183E-002  0.7401055E-002  0.7305251E-002  0.7203393E-002  0.7051242E-002  0.6641932E-002
010101999n2o_nh3   4.917    05011999      22 -0.2346006E-004 -0.2581022E-004 -0.4383832E-005  0.0000000E+000  0.7752174E-001  0.1504377E+001  0.2476837E+000  0.7523368E-002  0.7399016E-002  0.7302865E-002  0.7200753E-002  0.7048279E-002  0.6638822E-002
010101999n2o_nh3   4.958    05011999      23 -0.2354496E-004 -0.2560633E-004 -0.4374388E-005  0.0000000E+000  0.7811923E-001  0.1510426E+001  0.2496412E+000  0.7522665E-002  0.7397118E-002  0.7300659E-002  0.7198291E-002  0.7045503E-002  0.6635858E-002
