    DOY     DATE    RESIDUE_C       HUMUS_C         AMENDED_C       LITTER_C        CO2_FLUX        O2_FLUX         AUTO_RESP       MICRO_C         SURF_RES        CH4_FLUX        SUR_DOC+SED_FLX SUB_DOC_FLX     SUB_DIC_FLX     ATM_CO2         NBP             FIRE_CO2_EMIT   SOC_1           SOC_2           SOC_3           SOC_4           SOC_5           SOC_6           SOC_7           SOC_8           SOC_9           SOC_10          
010101998flux_so   1.000    01011998  0.5206405E+003  0.5829505E+004  0.0000000E+000  0.0000000E+000 -0.3678961E+000  0.7701424E+001  0.0000000E+000  0.1735639E+003  0.2992622E+003 -0.4496172E-001  0.0000000E+000  0.2358290E+000  0.1031063E+000  0.3600000E+003 -0.7517931E+000  0.0000000E+000  0.2083618E+003  0.3213799E+003  0.9783813E+003  0.9788501E+003  0.9598787E+003  0.9600932E+003  0.3476804E+003  0.4647213E+003  0.3949324E+003  0.3299658E+003
010101998flux_so   2.000    02011998  0.5202320E+003  0.5827954E+004  0.0000000E+000  0.0000000E+000 -0.1328098E+001  0.1784102E+002  0.0000000E+000  0.1746475E+003  0.2989546E+003 -0.5765503E-001  0.0000000E+000  0.2784261E+000  0.2709258E+000  0.3600000E+003 -0.1935105E+001  0.0000000E+000  0.2083714E+003  0.3212599E+003  0.9779362E+003  0.9784696E+003  0.9595889E+003  0.9598549E+003  0.3476099E+003  0.4646540E+003  0.3948999E+003  0.3299523E+003
010101998flux_so   3.000    03011998  0.5194646E+003  0.5826513E+004  0.0000000E+000  0.0000000E+000 -0.3758192E+001  0.2928497E+002  0.0000000E+000  0.1758753E+003  0.2982934E+003 -0.6057394E-001  0.0000000E+000  0.3025607E+000  0.4054247E+000  0.3600000E+003 -0.4526751E+001  0.0000000E+000  0.2084163E+003  0.3210844E+003  0.9775228E+003  0.9781258E+003  0.9593244E+003  0.9596411E+003  0.3475475E+003  0.4645858E+003  0.3948688E+003  0.3299361E+003
010101998flux_so   4.000    04011998  0.5187480E+003  0.5825145E+004  0.0000000E+000  0.0000000E+000 -0.6237405E+001  0.4025735E+002  0.0000000E+000  0.1769622E+003  0.2976817E+003 -0.6047583E-001  0.0000000E+000  0.3200068E+000  0.4859798E+000  0.3600000E+003 -0.7103868E+001  0.0000000E+000  0.2084473E+003  0.3209326E+003  0.9771295E+003  0.9777891E+003  0.9590762E+003  0.9594440E+003  0.3474888E+003  0.4645228E+003  0.3948343E+003  0.3299193E+003
010101998flux_so   5.000    05011998  0.5181079E+003  0.5823846E+004  0.0000000E+000  0.0000000E+000 -0.8273413E+001  0.4882040E+002  0.0000000E+000  0.1778982E+003  0.2971454E+003 -0.6030041E-001  0.0000000E+000  0.3332893E+000  0.5341895E+000  0.3600000E+003 -0.9201192E+001  0.0000000E+000  0.2084753E+003  0.3207908E+003  0.9767532E+003  0.9774691E+003  0.9588376E+003  0.9592609E+003  0.3474342E+003  0.4644627E+003  0.3947981E+003  0.3299024E+003
010101998flux_so   6.000    06011998  0.5173312E+003  0.5822616E+004  0.0000000E+000  0.0000000E+000 -0.1025328E+002  0.5860947E+002  0.0000000E+000  0.1789016E+003  0.2964724E+003 -0.6009515E-001  0.0000000E+000  0.3430005E+000  0.5683879E+000  0.3600000E+003 -0.1122476E+002  0.0000000E+000  0.2085069E+003  0.3206546E+003  0.9763912E+003  0.9771682E+003  0.9586102E+003  0.9590847E+003  0.3473832E+003  0.4644054E+003  0.3947617E+003  0.3298882E+003
010101998flux_so   7.000    07011998  0.5164559E+003  0.5821441E+004  0.0000000E+000  0.0000000E+000 -0.1227199E+002  0.6808826E+002  0.0000000E+000  0.1799400E+003  0.2957010E+003 -0.5984625E-001  0.0000000E+000  0.3498915E+000  0.5942918E+000  0.3600000E+003 -0.1327602E+002  0.0000000E+000  0.2085403E+003  0.3205266E+003  0.9760450E+003  0.9768789E+003  0.9583901E+003  0.9589139E+003  0.3473335E+003  0.4643501E+003  0.3947268E+003  0.3298737E+003
010101998flux_so   8.000    08011998  0.5154966E+003  0.5820307E+004  0.0000000E+000  0.0000000E+000 -0.1427819E+002  0.7688736E+002  0.0000000E+000  0.1809964E+003  0.2948464E+003 -0.5954809E-001  0.0000000E+000  0.3555371E+000  0.6148161E+000  0.3600000E+003 -0.1530809E+002  0.0000000E+000  0.2085767E+003  0.3204050E+003  0.9757143E+003  0.9765997E+003  0.9581678E+003  0.9587500E+003  0.3472839E+003  0.4642964E+003  0.3946920E+003  0.3298580E+003
010101998flux_so   9.000    09011998  0.5144222E+003  0.5819198E+004  0.0000000E+000  0.0000000E+000 -0.1631436E+002  0.8508179E+002  0.0000000E+000  0.1820906E+003  0.2938820E+003 -0.5923570E-001  0.0000000E+000  0.3600252E+000  0.6315065E+000  0.3600000E+003 -0.1736513E+002  0.0000000E+000  0.2086168E+003  0.3202850E+003  0.9753906E+003  0.9763252E+003  0.9579460E+003  0.9585876E+003  0.3472346E+003  0.4642436E+003  0.3946591E+003  0.3298416E+003
010101998flux_so  10.000    10011998  0.5132646E+003  0.5818118E+004  0.0000000E+000  0.0000000E+000 -0.1841749E+002  0.9277624E+002  0.0000000E+000  0.1832252E+003  0.2928362E+003 -0.5893608E-001  0.0000000E+000  0.3635591E+000  0.6451752E+000  0.3600000E+003 -0.1948516E+002  0.0000000E+000  0.2086593E+003  0.3201642E+003  0.9750737E+003  0.9760564E+003  0.9577285E+003  0.9584299E+003  0.3471861E+003  0.4641914E+003  0.3946272E+003  0.3298252E+003
