    DOY     DATE    RADN            TMAX_AIR        TMIN_AIR        HMAX_AIR        HMIN_AIR        WIND            PRECN           TMAX_SOIL_1     TMIN_SOIL_1     TMAX_SOIL_2     TMIN_SOIL_2     TMAX_SOIL_3     TMIN_SOIL_3     TMAX_SOIL_4     TMIN_SOIL_4     TMAX_SOIL_5     TMIN_SOIL_5     TMAX_SOIL_6     TMIN_SOIL_6     
010101998temp_ou   1.000    01011998  0.3405348E+001 -0.1280000E+002 -0.2770000E+002  0.2229360E+000  0.5742478E-001  0.2449440E+003  0.6600000E+001  0.3839600E+001 -0.8203979E+001  0.8183624E+001 -0.1248718E+001  0.8322327E+001  0.4837036E-001  0.8342316E+001  0.1293213E+001  0.8277252E+001  0.2195251E+001  0.8275299E+001  0.3002838E+001
010101998temp_ou   2.000    02011998  0.2202264E+001  0.4400000E+001 -0.1220000E+002  0.6995859E+000  0.2352047E+000  0.2764440E+003  0.0000000E+000 -0.1810608E+000 -0.2542542E+001  0.1966858E+000 -0.2853394E+000  0.6410828E+000  0.3711243E+000  0.1316681E+001  0.1219421E+001  0.2186340E+001  0.1787842E+001  0.2987305E+001  0.2335175E+001
010101998temp_ou   3.000    03011998  0.1594008E+001  0.6100000E+001  0.4100000E+001  0.9045212E+000  0.7118323E+000  0.4312440E+003  0.0000000E+000  0.1211548E-001 -0.1775208E+000  0.2176208E+000  0.1970520E+000  0.6382141E+000  0.5919800E+000  0.1217773E+001  0.1065887E+001  0.1784790E+001  0.1530884E+001  0.2330902E+001  0.1981995E+001
010101998temp_ou   4.000    04011998  0.3393072E+001  0.4500000E+001 -0.9100000E+001  0.8048987E+000  0.2150028E+000  0.4914720E+003  0.0000000E+000 -0.2014160E-002 -0.1380005E+000  0.5399170E+000  0.1751099E+000  0.8295593E+000  0.5640869E+000  0.1188080E+001  0.1024872E+001  0.1545563E+001  0.1467255E+001  0.1979034E+001  0.1885071E+001
010101998temp_ou   5.000    05011998  0.1006416E+001 -0.1400000E+001 -0.9600000E+001  0.5444396E+000  0.2703395E+000  0.2232000E+003  0.2060000E+002 -0.2441406E-003 -0.2171631E+000  0.5443726E+000  0.4426880E+000  0.8129272E+000  0.7569885E+000  0.1176788E+001  0.1122803E+001  0.1537201E+001  0.1460297E+001  0.1889648E+001  0.1780701E+001
010101998temp_ou   6.000    06011998  0.1307052E+001  0.0000000E+000 -0.3700000E+001  0.6023561E+000  0.4600766E+000  0.1856520E+003  0.1720000E+002  0.1157837E+000 -0.1205444E-001  0.6120605E+000  0.5438538E+000  0.8589783E+000  0.8135986E+000  0.1149445E+001  0.1137085E+001  0.1460114E+001  0.1439240E+001  0.1780060E+001  0.1726654E+001
010101998temp_ou   7.000    07011998  0.1703772E+001 -0.1300000E+001 -0.5600000E+001  0.5484042E+000  0.3994656E+000  0.3313800E+003  0.5399999E+001  0.1517029E+000  0.1164246E+000  0.6321716E+000  0.6126709E+000  0.8713684E+000  0.8593750E+000  0.1150940E+001  0.1142944E+001  0.1439026E+001  0.1412201E+001  0.1726196E+001  0.1677887E+001
010101998temp_ou   8.000    08011998  0.1282572E+001  0.2000000E+000 -0.2100000E+001  0.6110671E+000  0.5174005E+000  0.1444680E+003  0.1810000E+002  0.7652283E+000  0.1446838E+000  0.1047424E+001  0.6271667E+000  0.1191376E+001  0.8659363E+000  0.1365265E+001  0.1132507E+001  0.1550964E+001  0.1394806E+001  0.1747620E+001  0.1652008E+001
010101998temp_ou   9.000    09011998  0.7415639E+000  0.1100000E+001 -0.4000000E+001  0.6516815E+000  0.4499882E+000  0.8640000E+002  0.2350000E+002  0.8562012E+000  0.7673645E+000  0.1161743E+001  0.1049805E+001  0.1318390E+001  0.1194061E+001  0.1496124E+001  0.1367859E+001  0.1675201E+001  0.1553345E+001  0.1856018E+001  0.1749542E+001
010101998temp_ou  10.000    10011998  0.1737648E+001  0.1500000E+001 -0.6200000E+001  0.6657481E+000  0.3206068E+000  0.4392360E+003  0.0000000E+000  0.8736572E+000  0.8567200E+000  0.1180847E+001  0.1162384E+001  0.1340057E+001  0.1318939E+001  0.1521759E+001  0.1496735E+001  0.1702026E+001  0.1675812E+001  0.1881348E+001  0.1856598E+001
010101998temp_ou  11.000    11011998  0.3087540E+001 -0.5900000E+001 -0.1490000E+002  0.3196090E+000  0.1926997E+000  0.4136040E+003  0.0000000E+000  0.8887024E+000  0.8738098E+000  0.1183838E+001  0.1179443E+001  0.1340057E+001  0.1336517E+001  0.1521912E+001  0.1517426E+001  0.1702301E+001  0.1696350E+001  0.1881561E+001  0.1874146E+001
010101998temp_ou  12.000    12011998  0.2703276E+001 -0.7300000E+001 -0.1860000E+002  0.3134516E+000  0.1356801E+000  0.2463120E+003  0.0000000E+000  0.1200775E+001  0.8891296E+000  0.1352600E+001  0.1184021E+001  0.1438965E+001  0.1337830E+001  0.1567291E+001  0.1517456E+001  0.1715057E+001  0.1694305E+001  0.1875061E+001  0.1867279E+001
010101998temp_ou  13.000    13011998  0.7118280E+000 -0.6000000E+000 -0.1260000E+002  0.5768893E+000  0.1829502E+000  0.5708160E+003  0.3800000E+001  0.1444580E+001  0.1206665E+001  0.1602112E+001  0.1358185E+001  0.1686096E+001  0.1444153E+001  0.1793060E+001  0.1571136E+001  0.1907654E+001  0.1717590E+001  0.2029358E+001  0.1876343E+001
010101998temp_ou  14.000    14011998  0.3820212E+001 -0.1320000E+002 -0.1950000E+002  0.1878474E+000  0.9253646E-001  0.3381480E+003  0.0000000E+000  0.1546722E+001  0.1446320E+001  0.1712097E+001  0.1603699E+001  0.1798798E+001  0.1687683E+001  0.1904694E+001  0.1794647E+001  0.2014099E+001  0.1909027E+001  0.2127289E+001  0.2030609E+001
010101998temp_ou  15.000    15011998  0.1811340E+001 -0.1100000E+002 -0.1760000E+002  0.2447371E+000  0.1308282E+000  0.4975200E+003  0.3000000E+000  0.1550110E+001  0.1522003E+001  0.1724976E+001  0.1712646E+001  0.1819641E+001  0.1799500E+001  0.1934814E+001  0.1905396E+001  0.2051971E+001  0.2014862E+001  0.2169495E+001  0.2128052E+001
010101998temp_ou  16.000    16011998  0.2286396E+001 -0.6500000E+001 -0.1090000E+002  0.3441136E+000  0.2493512E+000  0.3197520E+003  0.6700000E+001  0.1521027E+001  0.1413879E+001  0.1715942E+001  0.1635132E+001  0.1816711E+001  0.1750031E+001  0.1934570E+001  0.1883820E+001  0.2052307E+001  0.2015686E+001  0.2170959E+001  0.2145569E+001
010101998temp_ou  17.000    17011998  0.2969208E+001 -0.6800000E+001 -0.1080000E+002  0.3040144E+000  0.2270960E+000  0.3997800E+003  0.0000000E+000  0.1424072E+001  0.1411987E+001  0.1634888E+001  0.1628876E+001  0.1749725E+001  0.1739929E+001  0.1883484E+001  0.1869690E+001  0.2015350E+001  0.1998199E+001  0.2145264E+001  0.2126282E+001
010101998temp_ou  18.000    18011998  0.1792332E+001 -0.5500000E+001 -0.9400000E+001  0.4024669E+000  0.2870590E+000  0.2478240E+003  0.1200000E+001  0.1452515E+001  0.1424377E+001  0.1650543E+001  0.1632446E+001  0.1753876E+001  0.1740997E+001  0.1876862E+001  0.1869720E+001  0.2000122E+001  0.1997528E+001  0.2126221E+001  0.2123352E+001
010101998temp_ou  19.000    19011998  0.5830560E+000 -0.3300000E+001 -0.6600000E+001  0.4738455E+000  0.3705426E+000  0.1124640E+003  0.2700000E+001  0.1492310E+001  0.1452850E+001  0.1677979E+001  0.1650757E+001  0.1775024E+001  0.1754059E+001  0.1891632E+001  0.1876923E+001  0.2009491E+001  0.2000183E+001  0.2128143E+001  0.2123627E+001
010101998temp_ou  20.000    20011998  0.7680610E+000 -0.2900000E+001 -0.4900000E+001  0.4543606E+000  0.3932844E+000  0.3226680E+003  0.0000000E+000  0.1560516E+001  0.1492981E+001  0.1729095E+001  0.1678345E+001  0.1817719E+001  0.1775391E+001  0.1925018E+001  0.1891876E+001  0.2034546E+001  0.2009674E+001  0.2145691E+001  0.2128235E+001
010101998temp_ou  21.000    21011998  0.1126116E+001 -0.5000000E+001 -0.1220000E+002  0.3947513E+000  0.1981569E+000  0.3763440E+003  0.0000000E+000  0.1622559E+001  0.1561279E+001  0.1782227E+001  0.1729706E+001  0.1865784E+001  0.1818268E+001  0.1966644E+001  0.1925507E+001  0.2069183E+001  0.2034912E+001  0.2173492E+001  0.2145905E+001
010101998temp_ou  22.000    22011998  0.1758996E+001 -0.1320000E+002 -0.1840000E+002  0.1885071E+000  0.9973530E-001  0.3164760E+003  0.0000000E+000  0.1630737E+001  0.1606018E+001  0.1793488E+001  0.1782166E+001  0.1879211E+001  0.1866180E+001  0.1981873E+001  0.1966980E+001  0.2085205E+001  0.2069489E+001  0.2189178E+001  0.2173767E+001
010101998temp_ou  23.000    23011998  0.1068084E+001 -0.7100000E+001 -0.1800000E+002  0.3568007E+000  0.1002405E+000  0.6074641E+003  0.6100000E+001  0.1605194E+001  0.1474182E+001  0.1781799E+001  0.1693512E+001  0.1872925E+001  0.1805023E+001  0.1979187E+001  0.1929413E+001  0.2084473E+001  0.2048096E+001  0.2188995E+001  0.2162781E+001
010101998temp_ou  24.000    24011998  0.1691640E+001 -0.4200000E+001 -0.7100000E+001  0.4433726E+000  0.3568007E+000  0.1891440E+003  0.1330000E+002  0.1471222E+001  0.1333008E+001  0.1691467E+001  0.1561432E+001  0.1803589E+001  0.1679840E+001  0.1928314E+001  0.1816467E+001  0.2047302E+001  0.1949615E+001  0.2162201E+001  0.2079041E+001
010101998temp_ou  25.000    25011998  0.4183092E+001 -0.4800000E+001 -0.1290000E+002  0.4240507E+000  0.1575240E+000  0.4443480E+003  0.0000000E+000  0.1341431E+001  0.1330231E+001  0.1561005E+001  0.1546753E+001  0.1679199E+001  0.1655182E+001  0.1815857E+001  0.1782013E+001  0.1948914E+001  0.1908112E+001  0.2078308E+001  0.2032959E+001
010101998temp_ou  26.000    26011998  0.6069671E+001 -0.1440000E+002 -0.2350000E+002  0.1492110E+000  0.8734345E-001  0.2187720E+003  0.0000000E+000  0.1349243E+001  0.1338837E+001  0.1550201E+001  0.1541901E+001  0.1655182E+001  0.1647156E+001  0.1781830E+001  0.1770294E+001  0.1907928E+001  0.1892059E+001  0.2032684E+001  0.2012726E+001
