    DOY     DATE    HOUR    PSI_CAN         TURG_CAN        STOM_RSC        BLYR_RSC        TRANSPN         
010111998surf_wa   0.042    01011998       1 -0.1000000E-002  0.1250000E+001  0.0000000E+000  0.0000000E+000  0.0000000E+000
010111998surf_wa   0.083    01011998       2 -0.1000000E-002  0.1250000E+001  0.0000000E+000  0.0000000E+000  0.0000000E+000
010111998surf_wa   0.125    01011998       3 -0.1000000E-002  0.1250000E+001  0.0000000E+000  0.0000000E+000  0.0000000E+000
010111998surf_wa   0.167    01011998       4 -0.1000000E-002  0.1250000E+001  0.0000000E+000  0.0000000E+000  0.0000000E+000
010111998surf_wa   0.208    01011998       5 -0.1000000E-002  0.1250000E+001  0.0000000E+000  0.0000000E+000  0.0000000E+000
010111998surf_wa   0.250    01011998       6 -0.1000000E-002  0.1250000E+001  0.0000000E+000  0.0000000E+000  0.0000000E+000
010111998surf_wa   0.292    01011998       7 -0.1000000E-002  0.1250000E+001  0.0000000E+000  0.0000000E+000  0.0000000E+000
010111998surf_wa   0.333    01011998       8 -0.1000000E-002  0.1250000E+001  0.0000000E+000  0.0000000E+000  0.0000000E+000
010111998surf_wa   0.375    01011998       9 -0.1000000E-002  0.1250000E+001  0.0000000E+000  0.0000000E+000  0.0000000E+000
010111998surf_wa   0.417    01011998      10 -0.1000000E-002  0.1250000E+001  0.0000000E+000  0.0000000E+000  0.0000000E+000
010111998surf_wa   0.458    01011998      11 -0.1000000E-002  0.1250000E+001  0.0000000E+000  0.0000000E+000  0.0000000E+000
010111998surf_wa   0.500    01011998      12 -0.1000000E-002  0.1250000E+001  0.0000000E+000  0.0000000E+000  0.0000000E+000
010111998surf_wa   0.542    01011998      13 -0.1000000E-002  0.1250000E+001  0.0000000E+000  0.0000000E+000  0.0000000E+000
010111998surf_wa   0.583    01011998      14 -0.1000000E-002  0.1250000E+001  0.0000000E+000  0.0000000E+000  0.0000000E+000
010111998surf_wa   0.625    01011998      15 -0.1000000E-002  0.1250000E+001  0.0000000E+000  0.0000000E+000  0.0000000E+000
010111998surf_wa   0.667    01011998      16 -0.1000000E-002  0.1250000E+001  0.0000000E+000  0.0000000E+000  0.0000000E+000
010111998surf_wa   0.708    01011998      17 -0.1000000E-002  0.1250000E+001  0.0000000E+000  0.0000000E+000  0.0000000E+000
010111998surf_wa   0.750    01011998      18 -0.1000000E-002  0.1250000E+001  0.0000000E+000  0.0000000E+000  0.0000000E+000
010111998surf_wa   0.792    01011998      19 -0.1000000E-002  0.1250000E+001  0.0000000E+000  0.0000000E+000  0.0000000E+000
010111998surf_wa   0.833    01011998      20 -0.1000000E-002  0.1250000E+001  0.0000000E+000  0.0000000E+000  0.0000000E+000
010111998surf_wa   0.875    01011998      21 -0.1000000E-002  0.1250000E+001  0.0000000E+000  0.0000000E+000  0.0000000E+000
010111998surf_wa   0.917    01011998      22 -0.1000000E-002  0.1250000E+001  0.0000000E+000  0.0000000E+000  0.0000000E+000
010111998surf_wa   0.958    01011998      23 -0.1000000E-002  0.1250000E+001  0.0000000E+000  0.0000000E+000  0.0000000E+000
010111998surf_wa   1.000    01011998      24 -0.1000000E-002  0.1250000E+001  0.0000000E+000  0.0000000E+000  0.0000000E+000
010111998surf_wa   1.042    02011998       1 -0.1000000E-002  0.1250000E+001  0.0000000E+000  0.0000000E+000  0.0000000E+000
010111998surf_wa   1.083    02011998       2 -0.1000000E-002  0.1250000E+001  0.0000000E+000  0.0000000E+000  0.0000000E+000
010111998surf_wa   1.125    02011998       3 -0.1000000E-002  0.1250000E+001  0.0000000E+000  0.0000000E+000  0.0000000E+000
010111998surf_wa   1.167    02011998       4 -0.1000000E-002  0.1250000E+001  0.0000000E+000  0.0000000E+000  0.0000000E+000
010111998surf_wa   1.208    02011998       5 -0.1000000E-002  0.1250000E+001  0.0000000E+000  0.0000000E+000  0.0000000E+000
010111998surf_wa   1.250    02011998       6 -0.1000000E-002  0.1250000E+001  0.0000000E+000  0.0000000E+000  0.0000000E+000
010111998surf_wa   1.292    02011998       7 -0.1000000E-002  0.1250000E+001  0.0000000E+000  0.0000000E+000  0.0000000E+000
010111998surf_wa   1.333    02011998       8 -0.1000000E-002  0.1250000E+001  0.0000000E+000  0.0000000E+000  0.0000000E+000
010111998surf_wa   1.375    02011998       9 -0.1000000E-002  0.1250000E+001  0.0000000E+000  0.0000000E+000  0.0000000E+000
010111998surf_wa   1.417    02011998      10 -0.1000000E-002  0.1250000E+001  0.0000000E+000  0.0000000E+000  0.0000000E+000
010111998surf_wa   1.458    02011998      11 -0.1000000E-002  0.1250000E+001  0.0000000E+000  0.0000000E+000  0.0000000E+000
010111998surf_wa   1.500    02011998      12 -0.1000000E-002  0.1250000E+001  0.0000000E+000  0.0000000E+000  0.0000000E+000
010111998surf_wa   1.542    02011998      13 -0.1000000E-002  0.1250000E+001  0.0000000E+000  0.0000000E+000  0.0000000E+000
010111998surf_wa   1.583    02011998      14 -0.1000000E-002  0.1250000E+001  0.0000000E+000  0.0000000E+000  0.0000000E+000
010111998surf_wa   1.625    02011998      15 -0.1000000E-002  0.1250000E+001  0.0000000E+000  0.0000000E+000  0.0000000E+000
010111998surf_wa   1.667    02011998      16 -0.1000000E-002  0.1250000E+001  0.0000000E+000  0.0000000E+000  0.0000000E+000
010111998surf_wa   1.708    02011998      17 -0.1000000E-002  0.1250000E+001  0.0000000E+000  0.0000000E+000  0.0000000E+000
010111998surf_wa   1.750    02011998      18 -0.1000000E-002  0.1250000E+001  0.0000000E+000  0.0000000E+000  0.0000000E+000
010111998surf_wa   1.792    02011998      19 -0.1000000E-002  0.1250000E+001  0.0000000E+000  0.0000000E+000  0.0000000E+000
010111998surf_wa   1.833    02011998      20 -0.1000000E-002  0.1250000E+001  0.0000000E+000  0.0000000E+000  0.0000000E+000
010111998surf_wa   1.875    02011998      21 -0.1000000E-002  0.1250000E+001  0.0000000E+000  0.0000000E+000  0.0000000E+000
010111998surf_wa   1.917    02011998      22 -0.1000000E-002  0.1250000E+001  0.0000000E+000  0.0000000E+000  0.0000000E+000
010111998surf_wa   1.958    02011998      23 -0.1000000E-002  0.1250000E+001  0.0000000E+000  0.0000000E+000  0.0000000E+000
010111998surf_wa   2.000    02011998      24 -0.1000000E-002  0.1250000E+001  0.0000000E+000  0.0000000E+000  0.0000000E+000
010111998surf_wa   2.042    03011998       1 -0.1000000E-002  0.1250000E+001  0.0000000E+000  0.0000000E+000  0.0000000E+000
010111998surf_wa   2.083    03011998       2 -0.1000000E-002  0.1250000E+001  0.0000000E+000  0.0000000E+000  0.0000000E+000
010111998surf_wa   2.125    03011998       3 -0.1000000E-002  0.1250000E+001  0.0000000E+000  0.0000000E+000  0.0000000E+000
010111998surf_wa   2.167    03011998       4 -0.1000000E-002  0.1250000E+001  0.0000000E+000  0.0000000E+000  0.0000000E+000
010111998surf_wa   2.208    03011998       5 -0.1000000E-002  0.1250000E+001  0.0000000E+000  0.0000000E+000  0.0000000E+000
010111998surf_wa   2.250    03011998       6 -0.1000000E-002  0.1250000E+001  0.0000000E+000  0.0000000E+000  0.0000000E+000
010111998surf_wa   2.292    03011998       7 -0.1000000E-002  0.1250000E+001  0.0000000E+000  0.0000000E+000  0.0000000E+000
010111998surf_wa   2.333    03011998       8 -0.1000000E-002  0.1250000E+001  0.0000000E+000  0.0000000E+000  0.0000000E+000
010111998surf_wa   2.375    03011998       9 -0.1000000E-002  0.1250000E+001  0.0000000E+000  0.0000000E+000  0.0000000E+000
010111998surf_wa   2.417    03011998      10 -0.1000000E-002  0.1250000E+001  0.0000000E+000  0.0000000E+000  0.0000000E+000
010111998surf_wa   2.458    03011998      11 -0.1000000E-002  0.1250000E+001  0.0000000E+000  0.0000000E+000  0.0000000E+000
010111998surf_wa   2.500    03011998      12 -0.1000000E-002  0.1250000E+001  0.0000000E+000  0.0000000E+000  0.0000000E+000
010111998surf_wa   2.542    03011998      13 -0.1000000E-002  0.1250000E+001  0.0000000E+000  0.0000000E+000  0.0000000E+000
010111998surf_wa   2.583    03011998      14 -0.1000000E-002  0.1250000E+001  0.0000000E+000  0.0000000E+000  0.0000000E+000
010111998surf_wa   2.625    03011998      15 -0.1000000E-002  0.1250000E+001  0.0000000E+000  0.0000000E+000  0.0000000E+000
010111998surf_wa   2.667    03011998      16 -0.1000000E-002  0.1250000E+001  0.0000000E+000  0.0000000E+000  0.0000000E+000
010111998surf_wa   2.708    03011998      17 -0.1000000E-002  0.1250000E+001  0.0000000E+000  0.0000000E+000  0.0000000E+000
010111998surf_wa   2.750    03011998      18 -0.1000000E-002  0.1250000E+001  0.0000000E+000  0.0000000E+000  0.0000000E+000
010111998surf_wa   2.792    03011998      19 -0.1000000E-002  0.1250000E+001  0.0000000E+000  0.0000000E+000  0.0000000E+000
010111998surf_wa   2.833    03011998      20 -0.1000000E-002  0.1250000E+001  0.0000000E+000  0.0000000E+000  0.0000000E+000
010111998surf_wa   2.875    03011998      21 -0.1000000E-002  0.1250000E+001  0.0000000E+000  0.0000000E+000  0.0000000E+000
010111998surf_wa   2.917    03011998      22 -0.1000000E-002  0.1250000E+001  0.0000000E+000  0.0000000E+000  0.0000000E+000
010111998surf_wa   2.958    03011998      23 -0.1000000E-002  0.1250000E+001  0.0000000E+000  0.0000000E+000  0.0000000E+000
010111998surf_wa   3.000    03011998      24 -0.1000000E-002  0.1250000E+001  0.0000000E+000  0.0000000E+000  0.0000000E+000
010111998surf_wa   3.042    04011998       1 -0.1000000E-002  0.1250000E+001  0.0000000E+000  0.0000000E+000  0.0000000E+000
010111998surf_wa   3.083    04011998       2 -0.1000000E-002  0.1250000E+001  0.0000000E+000  0.0000000E+000  0.0000000E+000
010111998surf_wa   3.125    04011998       3 -0.1000000E-002  0.1250000E+001  0.0000000E+000  0.0000000E+000  0.0000000E+000
010111998surf_wa   3.167    04011998       4 -0.1000000E-002  0.1250000E+001  0.0000000E+000  0.0000000E+000  0.0000000E+000
010111998surf_wa   3.208    04011998       5 -0.1000000E-002  0.1250000E+001  0.0000000E+000  0.0000000E+000  0.0000000E+000
010111998surf_wa   3.250    04011998       6 -0.1000000E-002  0.1250000E+001  0.0000000E+000  0.0000000E+000  0.0000000E+000
010111998surf_wa   3.292    04011998       7 -0.1000000E-002  0.1250000E+001  0.0000000E+000  0.0000000E+000  0.0000000E+000
010111998surf_wa   3.333    04011998       8 -0.1000000E-002  0.1250000E+001  0.0000000E+000  0.0000000E+000  0.0000000E+000
010111998surf_wa   3.375    04011998       9 -0.1000000E-002  0.1250000E+001  0.0000000E+000  0.0000000E+000  0.0000000E+000
010111998surf_wa   3.417    04011998      10 -0.1000000E-002  0.1250000E+001  0.0000000E+000  0.0000000E+000  0.0000000E+000
010111998surf_wa   3.458    04011998      11 -0.1000000E-002  0.1250000E+001  0.0000000E+000  0.0000000E+000  0.0000000E+000
010111998surf_wa   3.500    04011998      12 -0.1000000E-002  0.1250000E+001  0.0000000E+000  0.0000000E+000  0.0000000E+000
010111998surf_wa   3.542    04011998      13 -0.1000000E-002  0.1250000E+001  0.0000000E+000  0.0000000E+000  0.0000000E+000
010111998surf_wa   3.583    04011998      14 -0.1000000E-002  0.1250000E+001  0.0000000E+000  0.0000000E+000  0.0000000E+000
010111998surf_wa   3.625    04011998      15 -0.1000000E-002  0.1250000E+001  0.0000000E+000  0.0000000E+000  0.0000000E+000
010111998surf_wa   3.667    04011998      16 -0.1000000E-002  0.1250000E+001  0.0000000E+000  0.0000000E+000  0.0000000E+000
010111998surf_wa   3.708    04011998      17 -0.1000000E-002  0.1250000E+001  0.0000000E+000  0.0000000E+000  0.0000000E+000
010111998surf_wa   3.750    04011998      18 -0.1000000E-002  0.1250000E+001  0.0000000E+000  0.0000000E+000  0.0000000E+000
010111998surf_wa   3.792    04011998      19 -0.1000000E-002  0.1250000E+001  0.0000000E+000  0.0000000E+000  0.0000000E+000
010111998surf_wa   3.833    04011998      20 -0.1000000E-002  0.1250000E+001  0.0000000E+000  0.0000000E+000  0.0000000E+000
010111998surf_wa   3.875    04011998      21 -0.1000000E-002  0.1250000E+001  0.0000000E+000  0.0000000E+000  0.0000000E+000
010111998surf_wa   3.917    04011998      22 -0.1000000E-002  0.1250000E+001  0.0000000E+000  0.0000000E+000  0.0000000E+000
010111998surf_wa   3.958    04011998      23 -0.1000000E-002  0.1250000E+001  0.0000000E+000  0.0000000E+000  0.0000000E+000
010111998surf_wa   4.000    04011998      24 -0.1000000E-002  0.1250000E+001  0.0000000E+000  0.0000000E+000  0.0000000E+000
010111998surf_wa   4.042    05011998       1 -0.1000000E-002  0.1250000E+001  0.0000000E+000  0.0000000E+000  0.0000000E+000
010111998surf_wa   4.083    05011998       2 -0.1000000E-002  0.1250000E+001  0.0000000E+000  0.0000000E+000  0.0000000E+000
010111998surf_wa   4.125    05011998       3 -0.1000000E-002  0.1250000E+001  0.0000000E+000  0.0000000E+000  0.0000000E+000
010111998surf_wa   4.167    05011998       4 -0.1000000E-002  0.1250000E+001  0.0000000E+000  0.0000000E+000  0.0000000E+000
010111998surf_wa   4.208    05011998       5 -0.1000000E-002  0.1250000E+001  0.0000000E+000  0.0000000E+000  0.0000000E+000
010111998surf_wa   4.250    05011998       6 -0.1000000E-002  0.1250000E+001  0.0000000E+000  0.0000000E+000  0.0000000E+000
010111998surf_wa   4.292    05011998       7 -0.1000000E-002  0.1250000E+001  0.0000000E+000  0.0000000E+000  0.0000000E+000
010111998surf_wa   4.333    05011998       8 -0.1000000E-002  0.1250000E+001  0.0000000E+000  0.0000000E+000  0.0000000E+000
010111998surf_wa   4.375    05011998       9 -0.1000000E-002  0.1250000E+001  0.0000000E+000  0.0000000E+000  0.0000000E+000
010111998surf_wa   4.417    05011998      10 -0.1000000E-002  0.1250000E+001  0.0000000E+000  0.0000000E+000  0.0000000E+000
010111998surf_wa   4.458    05011998      11 -0.1000000E-002  0.1250000E+001  0.0000000E+000  0.0000000E+000  0.0000000E+000
010111998surf_wa   4.500    05011998      12 -0.1000000E-002  0.1250000E+001  0.0000000E+000  0.0000000E+000  0.0000000E+000
010111998surf_wa   4.542    05011998      13 -0.1000000E-002  0.1250000E+001  0.0000000E+000  0.0000000E+000  0.0000000E+000
010111998surf_wa   4.583    05011998      14 -0.1000000E-002  0.1250000E+001  0.0000000E+000  0.0000000E+000  0.0000000E+000
010111998surf_wa   4.625    05011998      15 -0.1000000E-002  0.1250000E+001  0.0000000E+000  0.0000000E+000  0.0000000E+000
010111998surf_wa   4.667    05011998      16 -0.1000000E-002  0.1250000E+001  0.0000000E+000  0.0000000E+000  0.0000000E+000
010111998surf_wa   4.708    05011998      17 -0.1000000E-002  0.1250000E+001  0.0000000E+000  0.0000000E+000  0.0000000E+000
010111998surf_wa   4.750    05011998      18 -0.1000000E-002  0.1250000E+001  0.0000000E+000  0.0000000E+000  0.0000000E+000
010111998surf_wa   4.792    05011998      19 -0.1000000E-002  0.1250000E+001  0.0000000E+000  0.0000000E+000  0.0000000E+000
010111998surf_wa   4.833    05011998      20 -0.1000000E-002  0.1250000E+001  0.0000000E+000  0.0000000E+000  0.0000000E+000
010111998surf_wa   4.875    05011998      21 -0.1000000E-002  0.1250000E+001  0.0000000E+000  0.0000000E+000  0.0000000E+000
010111998surf_wa   4.917    05011998      22 -0.1000000E-002  0.1250000E+001  0.0000000E+000  0.0000000E+000  0.0000000E+000
010111998surf_wa   4.958    05011998      23 -0.1000000E-002  0.1250000E+001  0.0000000E+000  0.0000000E+000  0.0000000E+000
010111998surf_wa   5.000    05011998      24 -0.1000000E-002  0.1250000E+001  0.0000000E+000  0.0000000E+000  0.0000000E+000
010111998surf_wa   5.042    06011998       1 -0.1000000E-002  0.1250000E+001  0.0000000E+000  0.0000000E+000  0.0000000E+000
010111998surf_wa   5.083    06011998       2 -0.1000000E-002  0.1250000E+001  0.0000000E+000  0.0000000E+000  0.0000000E+000
010111998surf_wa   5.125    06011998       3 -0.1000000E-002  0.1250000E+001  0.0000000E+000  0.0000000E+000  0.0000000E+000
010111998surf_wa   5.167    06011998       4 -0.1000000E-002  0.1250000E+001  0.0000000E+000  0.0000000E+000  0.0000000E+000
010111998surf_wa   5.208    06011998       5 -0.1000000E-002  0.1250000E+001  0.0000000E+000  0.0000000E+000  0.0000000E+000
010111998surf_wa   5.250    06011998       6 -0.1000000E-002  0.1250000E+001  0.0000000E+000  0.0000000E+000  0.0000000E+000
010111998surf_wa   5.292    06011998       7 -0.1000000E-002  0.1250000E+001  0.0000000E+000  0.0000000E+000  0.0000000E+000
010111998surf_wa   5.333    06011998       8 -0.1000000E-002  0.1250000E+001  0.0000000E+000  0.0000000E+000  0.0000000E+000
010111998surf_wa   5.375    06011998       9 -0.1000000E-002  0.1250000E+001  0.0000000E+000  0.0000000E+000  0.0000000E+000
010111998surf_wa   5.417    06011998      10 -0.1000000E-002  0.1250000E+001  0.0000000E+000  0.0000000E+000  0.0000000E+000
010111998surf_wa   5.458    06011998      11 -0.1000000E-002  0.1250000E+001  0.0000000E+000  0.0000000E+000  0.0000000E+000
010111998surf_wa   5.500    06011998      12 -0.1000000E-002  0.1250000E+001  0.0000000E+000  0.0000000E+000  0.0000000E+000
010111998surf_wa   5.542    06011998      13 -0.1000000E-002  0.1250000E+001  0.0000000E+000  0.0000000E+000  0.0000000E+000
010111998surf_wa   5.583    06011998      14 -0.1000000E-002  0.1250000E+001  0.0000000E+000  0.0000000E+000  0.0000000E+000
010111998surf_wa   5.625    06011998      15 -0.1000000E-002  0.1250000E+001  0.0000000E+000  0.0000000E+000  0.0000000E+000
010111998surf_wa   5.667    06011998      16 -0.1000000E-002  0.1250000E+001  0.0000000E+000  0.0000000E+000  0.0000000E+000
010111998surf_wa   5.708    06011998      17 -0.1000000E-002  0.1250000E+001  0.0000000E+000  0.0000000E+000  0.0000000E+000
010111998surf_wa   5.750    06011998      18 -0.1000000E-002  0.1250000E+001  0.0000000E+000  0.0000000E+000  0.0000000E+000
010111998surf_wa   5.792    06011998      19 -0.1000000E-002  0.1250000E+001  0.0000000E+000  0.0000000E+000  0.0000000E+000
010111998surf_wa   5.833    06011998      20 -0.1000000E-002  0.1250000E+001  0.0000000E+000  0.0000000E+000  0.0000000E+000
010111998surf_wa   5.875    06011998      21 -0.1000000E-002  0.1250000E+001  0.0000000E+000  0.0000000E+000  0.0000000E+000
010111998surf_wa   5.917    06011998      22 -0.1000000E-002  0.1250000E+001  0.0000000E+000  0.0000000E+000  0.0000000E+000
010111998surf_wa   5.958    06011998      23 -0.1000000E-002  0.1250000E+001  0.0000000E+000  0.0000000E+000  0.0000000E+000
010111998surf_wa   6.000    06011998      24 -0.1000000E-002  0.1250000E+001  0.0000000E+000  0.0000000E+000  0.0000000E+000
010111998surf_wa   6.042    07011998       1 -0.1000000E-002  0.1250000E+001  0.0000000E+000  0.0000000E+000  0.0000000E+000
010111998surf_wa   6.083    07011998       2 -0.1000000E-002  0.1250000E+001  0.0000000E+000  0.0000000E+000  0.0000000E+000
010111998surf_wa   6.125    07011998       3 -0.1000000E-002  0.1250000E+001  0.0000000E+000  0.0000000E+000  0.0000000E+000
010111998surf_wa   6.167    07011998       4 -0.1000000E-002  0.1250000E+001  0.0000000E+000  0.0000000E+000  0.0000000E+000
010111998surf_wa   6.208    07011998       5 -0.1000000E-002  0.1250000E+001  0.0000000E+000  0.0000000E+000  0.0000000E+000
010111998surf_wa   6.250    07011998       6 -0.1000000E-002  0.1250000E+001  0.0000000E+000  0.0000000E+000  0.0000000E+000
010111998surf_wa   6.292    07011998       7 -0.1000000E-002  0.1250000E+001  0.0000000E+000  0.0000000E+000  0.0000000E+000
010111998surf_wa   6.333    07011998       8 -0.1000000E-002  0.1250000E+001  0.0000000E+000  0.0000000E+000  0.0000000E+000
010111998surf_wa   6.375    07011998       9 -0.1000000E-002  0.1250000E+001  0.0000000E+000  0.0000000E+000  0.0000000E+000
010111998surf_wa   6.417    07011998      10 -0.1000000E-002  0.1250000E+001  0.0000000E+000  0.0000000E+000  0.0000000E+000
010111998surf_wa   6.458    07011998      11 -0.1000000E-002  0.1250000E+001  0.0000000E+000  0.0000000E+000  0.0000000E+000
010111998surf_wa   6.500    07011998      12 -0.1000000E-002  0.1250000E+001  0.0000000E+000  0.0000000E+000  0.0000000E+000
010111998surf_wa   6.542    07011998      13 -0.1000000E-002  0.1250000E+001  0.0000000E+000  0.0000000E+000  0.0000000E+000
010111998surf_wa   6.583    07011998      14 -0.1000000E-002  0.1250000E+001  0.0000000E+000  0.0000000E+000  0.0000000E+000
010111998surf_wa   6.625    07011998      15 -0.1000000E-002  0.1250000E+001  0.0000000E+000  0.0000000E+000  0.0000000E+000
010111998surf_wa   6.667    07011998      16 -0.1000000E-002  0.1250000E+001  0.0000000E+000  0.0000000E+000  0.0000000E+000
010111998surf_wa   6.708    07011998      17 -0.1000000E-002  0.1250000E+001  0.0000000E+000  0.0000000E+000  0.0000000E+000
010111998surf_wa   6.750    07011998      18 -0.1000000E-002  0.1250000E+001  0.0000000E+000  0.0000000E+000  0.0000000E+000
010111998surf_wa   6.792    07011998      19 -0.1000000E-002  0.1250000E+001  0.0000000E+000  0.0000000E+000  0.0000000E+000
010111998surf_wa   6.833    07011998      20 -0.1000000E-002  0.1250000E+001  0.0000000E+000  0.0000000E+000  0.0000000E+000
010111998surf_wa   6.875    07011998      21 -0.1000000E-002  0.1250000E+001  0.0000000E+000  0.0000000E+000  0.0000000E+000
010111998surf_wa   6.917    07011998      22 -0.1000000E-002  0.1250000E+001  0.0000000E+000  0.0000000E+000  0.0000000E+000
010111998surf_wa   6.958    07011998      23 -0.1000000E-002  0.1250000E+001  0.0000000E+000  0.0000000E+000  0.0000000E+000
010111998surf_wa   7.000    07011998      24 -0.1000000E-002  0.1250000E+001  0.0000000E+000  0.0000000E+000  0.0000000E+000
010111998surf_wa   7.042    08011998       1 -0.1000000E-002  0.1250000E+001  0.0000000E+000  0.0000000E+000  0.0000000E+000
010111998surf_wa   7.083    08011998       2 -0.1000000E-002  0.1250000E+001  0.0000000E+000  0.0000000E+000  0.0000000E+000
010111998surf_wa   7.125    08011998       3 -0.1000000E-002  0.1250000E+001  0.0000000E+000  0.0000000E+000  0.0000000E+000
010111998surf_wa   7.167    08011998       4 -0.1000000E-002  0.1250000E+001  0.0000000E+000  0.0000000E+000  0.0000000E+000
010111998surf_wa   7.208    08011998       5 -0.1000000E-002  0.1250000E+001  0.0000000E+000  0.0000000E+000  0.0000000E+000
010111998surf_wa   7.250    08011998       6 -0.1000000E-002  0.1250000E+001  0.0000000E+000  0.0000000E+000  0.0000000E+000
010111998surf_wa   7.292    08011998       7 -0.1000000E-002  0.1250000E+001  0.0000000E+000  0.0000000E+000  0.0000000E+000
010111998surf_wa   7.333    08011998       8 -0.1000000E-002  0.1250000E+001  0.0000000E+000  0.0000000E+000  0.0000000E+000
010111998surf_wa   7.375    08011998       9 -0.1000000E-002  0.1250000E+001  0.0000000E+000  0.0000000E+000  0.0000000E+000
010111998surf_wa   7.417    08011998      10 -0.1000000E-002  0.1250000E+001  0.0000000E+000  0.0000000E+000  0.0000000E+000
010111998surf_wa   7.458    08011998      11 -0.1000000E-002  0.1250000E+001  0.0000000E+000  0.0000000E+000  0.0000000E+000
010111998surf_wa   7.500    08011998      12 -0.1000000E-002  0.1250000E+001  0.0000000E+000  0.0000000E+000  0.0000000E+000
010111998surf_wa   7.542    08011998      13 -0.1000000E-002  0.1250000E+001  0.0000000E+000  0.0000000E+000  0.0000000E+000
010111998surf_wa   7.583    08011998      14 -0.1000000E-002  0.1250000E+001  0.0000000E+000  0.0000000E+000  0.0000000E+000
010111998surf_wa   7.625    08011998      15 -0.1000000E-002  0.1250000E+001  0.0000000E+000  0.0000000E+000  0.0000000E+000
010111998surf_wa   7.667    08011998      16 -0.1000000E-002  0.1250000E+001  0.0000000E+000  0.0000000E+000  0.0000000E+000
010111998surf_wa   7.708    08011998      17 -0.1000000E-002  0.1250000E+001  0.0000000E+000  0.0000000E+000  0.0000000E+000
010111998surf_wa   7.750    08011998      18 -0.1000000E-002  0.1250000E+001  0.0000000E+000  0.0000000E+000  0.0000000E+000
010111998surf_wa   7.792    08011998      19 -0.1000000E-002  0.1250000E+001  0.0000000E+000  0.0000000E+000  0.0000000E+000
010111998surf_wa   7.833    08011998      20 -0.1000000E-002  0.1250000E+001  0.0000000E+000  0.0000000E+000  0.0000000E+000
010111998surf_wa   7.875    08011998      21 -0.1000000E-002  0.1250000E+001  0.0000000E+000  0.0000000E+000  0.0000000E+000
010111998surf_wa   7.917    08011998      22 -0.1000000E-002  0.1250000E+001  0.0000000E+000  0.0000000E+000  0.0000000E+000
010111998surf_wa   7.958    08011998      23 -0.1000000E-002  0.1250000E+001  0.0000000E+000  0.0000000E+000  0.0000000E+000
010111998surf_wa   8.000    08011998      24 -0.1000000E-002  0.1250000E+001  0.0000000E+000  0.0000000E+000  0.0000000E+000
010111998surf_wa   8.042    09011998       1 -0.1000000E-002  0.1250000E+001  0.0000000E+000  0.0000000E+000  0.0000000E+000
010111998surf_wa   8.083    09011998       2 -0.1000000E-002  0.1250000E+001  0.0000000E+000  0.0000000E+000  0.0000000E+000
010111998surf_wa   8.125    09011998       3 -0.1000000E-002  0.1250000E+001  0.0000000E+000  0.0000000E+000  0.0000000E+000
010111998surf_wa   8.167    09011998       4 -0.1000000E-002  0.1250000E+001  0.0000000E+000  0.0000000E+000  0.0000000E+000
010111998surf_wa   8.208    09011998       5 -0.1000000E-002  0.1250000E+001  0.0000000E+000  0.0000000E+000  0.0000000E+000
010111998surf_wa   8.250    09011998       6 -0.1000000E-002  0.1250000E+001  0.0000000E+000  0.0000000E+000  0.0000000E+000
010111998surf_wa   8.292    09011998       7 -0.1000000E-002  0.1250000E+001  0.0000000E+000  0.0000000E+000  0.0000000E+000
010111998surf_wa   8.333    09011998       8 -0.1000000E-002  0.1250000E+001  0.0000000E+000  0.0000000E+000  0.0000000E+000
010111998surf_wa   8.375    09011998       9 -0.1000000E-002  0.1250000E+001  0.0000000E+000  0.0000000E+000  0.0000000E+000
010111998surf_wa   8.417    09011998      10 -0.1000000E-002  0.1250000E+001  0.0000000E+000  0.0000000E+000  0.0000000E+000
010111998surf_wa   8.458    09011998      11 -0.1000000E-002  0.1250000E+001  0.0000000E+000  0.0000000E+000  0.0000000E+000
010111998surf_wa   8.500    09011998      12 -0.1000000E-002  0.1250000E+001  0.0000000E+000  0.0000000E+000  0.0000000E+000
010111998surf_wa   8.542    09011998      13 -0.1000000E-002  0.1250000E+001  0.0000000E+000  0.0000000E+000  0.0000000E+000
010111998surf_wa   8.583    09011998      14 -0.1000000E-002  0.1250000E+001  0.0000000E+000  0.0000000E+000  0.0000000E+000
010111998surf_wa   8.625    09011998      15 -0.1000000E-002  0.1250000E+001  0.0000000E+000  0.0000000E+000  0.0000000E+000
010111998surf_wa   8.667    09011998      16 -0.1000000E-002  0.1250000E+001  0.0000000E+000  0.0000000E+000  0.0000000E+000
010111998surf_wa   8.708    09011998      17 -0.1000000E-002  0.1250000E+001  0.0000000E+000  0.0000000E+000  0.0000000E+000
010111998surf_wa   8.750    09011998      18 -0.1000000E-002  0.1250000E+001  0.0000000E+000  0.0000000E+000  0.0000000E+000
010111998surf_wa   8.792    09011998      19 -0.1000000E-002  0.1250000E+001  0.0000000E+000  0.0000000E+000  0.0000000E+000
010111998surf_wa   8.833    09011998      20 -0.1000000E-002  0.1250000E+001  0.0000000E+000  0.0000000E+000  0.0000000E+000
010111998surf_wa   8.875    09011998      21 -0.1000000E-002  0.1250000E+001  0.0000000E+000  0.0000000E+000  0.0000000E+000
010111998surf_wa   8.917    09011998      22 -0.1000000E-002  0.1250000E+001  0.0000000E+000  0.0000000E+000  0.0000000E+000
010111998surf_wa   8.958    09011998      23 -0.1000000E-002  0.1250000E+001  0.0000000E+000  0.0000000E+000  0.0000000E+000
010111998surf_wa   9.000    09011998      24 -0.1000000E-002  0.1250000E+001  0.0000000E+000  0.0000000E+000  0.0000000E+000
010111998surf_wa   9.042    10011998       1 -0.1000000E-002  0.1250000E+001  0.0000000E+000  0.0000000E+000  0.0000000E+000
010111998surf_wa   9.083    10011998       2 -0.1000000E-002  0.1250000E+001  0.0000000E+000  0.0000000E+000  0.0000000E+000
010111998surf_wa   9.125    10011998       3 -0.1000000E-002  0.1250000E+001  0.0000000E+000  0.0000000E+000  0.0000000E+000
010111998surf_wa   9.167    10011998       4 -0.1000000E-002  0.1250000E+001  0.0000000E+000  0.0000000E+000  0.0000000E+000
010111998surf_wa   9.208    10011998       5 -0.1000000E-002  0.1250000E+001  0.0000000E+000  0.0000000E+000  0.0000000E+000
010111998surf_wa   9.250    10011998       6 -0.1000000E-002  0.1250000E+001  0.0000000E+000  0.0000000E+000  0.0000000E+000
010111998surf_wa   9.292    10011998       7 -0.1000000E-002  0.1250000E+001  0.0000000E+000  0.0000000E+000  0.0000000E+000
010111998surf_wa   9.333    10011998       8 -0.1000000E-002  0.1250000E+001  0.0000000E+000  0.0000000E+000  0.0000000E+000
010111998surf_wa   9.375    10011998       9 -0.1000000E-002  0.1250000E+001  0.0000000E+000  0.0000000E+000  0.0000000E+000
010111998surf_wa   9.417    10011998      10 -0.1000000E-002  0.1250000E+001  0.0000000E+000  0.0000000E+000  0.0000000E+000
010111998surf_wa   9.458    10011998      11 -0.1000000E-002  0.1250000E+001  0.0000000E+000  0.0000000E+000  0.0000000E+000
010111998surf_wa   9.500    10011998      12 -0.1000000E-002  0.1250000E+001  0.0000000E+000  0.0000000E+000  0.0000000E+000
010111998surf_wa   9.542    10011998      13 -0.1000000E-002  0.1250000E+001  0.0000000E+000  0.0000000E+000  0.0000000E+000
010111998surf_wa   9.583    10011998      14 -0.1000000E-002  0.1250000E+001  0.0000000E+000  0.0000000E+000  0.0000000E+000
010111998surf_wa   9.625    10011998      15 -0.1000000E-002  0.1250000E+001  0.0000000E+000  0.0000000E+000  0.0000000E+000
010111998surf_wa   9.667    10011998      16 -0.1000000E-002  0.1250000E+001  0.0000000E+000  0.0000000E+000  0.0000000E+000
010111998surf_wa   9.708    10011998      17 -0.1000000E-002  0.1250000E+001  0.0000000E+000  0.0000000E+000  0.0000000E+000
010111998surf_wa   9.750    10011998      18 -0.1000000E-002  0.1250000E+001  0.0000000E+000  0.0000000E+000  0.0000000E+000
010111998surf_wa   9.792    10011998      19 -0.1000000E-002  0.1250000E+001  0.0000000E+000  0.0000000E+000  0.0000000E+000
010111998surf_wa   9.833    10011998      20 -0.1000000E-002  0.1250000E+001  0.0000000E+000  0.0000000E+000  0.0000000E+000
010111998surf_wa   9.875    10011998      21 -0.1000000E-002  0.1250000E+001  0.0000000E+000  0.0000000E+000  0.0000000E+000
010111998surf_wa   9.917    10011998      22 -0.1000000E-002  0.1250000E+001  0.0000000E+000  0.0000000E+000  0.0000000E+000
010111998surf_wa   9.958    10011998      23 -0.1000000E-002  0.1250000E+001  0.0000000E+000  0.0000000E+000  0.0000000E+000
010111998surf_wa  10.000    10011998      24 -0.1000000E-002  0.1250000E+001  0.0000000E+000  0.0000000E+000  0.0000000E+000
010111998surf_wa  10.042    11011998       1 -0.1000000E-002  0.1250000E+001  0.0000000E+000  0.0000000E+000  0.0000000E+000
010111998surf_wa  10.083    11011998       2 -0.1000000E-002  0.1250000E+001  0.0000000E+000  0.0000000E+000  0.0000000E+000
010111998surf_wa  10.125    11011998       3 -0.1000000E-002  0.1250000E+001  0.0000000E+000  0.0000000E+000  0.0000000E+000
010111998surf_wa  10.167    11011998       4 -0.1000000E-002  0.1250000E+001  0.0000000E+000  0.0000000E+000  0.0000000E+000
010111998surf_wa  10.208    11011998       5 -0.1000000E-002  0.1250000E+001  0.0000000E+000  0.0000000E+000  0.0000000E+000
010111998surf_wa  10.250    11011998       6 -0.1000000E-002  0.1250000E+001  0.0000000E+000  0.0000000E+000  0.0000000E+000
010111998surf_wa  10.292    11011998       7 -0.1000000E-002  0.1250000E+001  0.0000000E+000  0.0000000E+000  0.0000000E+000
010111998surf_wa  10.333    11011998       8 -0.1000000E-002  0.1250000E+001  0.0000000E+000  0.0000000E+000  0.0000000E+000
010111998surf_wa  10.375    11011998       9 -0.1000000E-002  0.1250000E+001  0.0000000E+000  0.0000000E+000  0.0000000E+000
010111998surf_wa  10.417    11011998      10 -0.1000000E-002  0.1250000E+001  0.0000000E+000  0.0000000E+000  0.0000000E+000
010111998surf_wa  10.458    11011998      11 -0.1000000E-002  0.1250000E+001  0.0000000E+000  0.0000000E+000  0.0000000E+000
010111998surf_wa  10.500    11011998      12 -0.1000000E-002  0.1250000E+001  0.0000000E+000  0.0000000E+000  0.0000000E+000
010111998surf_wa  10.542    11011998      13 -0.1000000E-002  0.1250000E+001  0.0000000E+000  0.0000000E+000  0.0000000E+000
010111998surf_wa  10.583    11011998      14 -0.1000000E-002  0.1250000E+001  0.0000000E+000  0.0000000E+000  0.0000000E+000
010111998surf_wa  10.625    11011998      15 -0.1000000E-002  0.1250000E+001  0.0000000E+000  0.0000000E+000  0.0000000E+000
010111998surf_wa  10.667    11011998      16 -0.1000000E-002  0.1250000E+001  0.0000000E+000  0.0000000E+000  0.0000000E+000
010111998surf_wa  10.708    11011998      17 -0.1000000E-002  0.1250000E+001  0.0000000E+000  0.0000000E+000  0.0000000E+000
010111998surf_wa  10.750    11011998      18 -0.1000000E-002  0.1250000E+001  0.0000000E+000  0.0000000E+000  0.0000000E+000
010111998surf_wa  10.792    11011998      19 -0.1000000E-002  0.1250000E+001  0.0000000E+000  0.0000000E+000  0.0000000E+000
010111998surf_wa  10.833    11011998      20 -0.1000000E-002  0.1250000E+001  0.0000000E+000  0.0000000E+000  0.0000000E+000
010111998surf_wa  10.875    11011998      21 -0.1000000E-002  0.1250000E+001  0.0000000E+000  0.0000000E+000  0.0000000E+000
010111998surf_wa  10.917    11011998      22 -0.1000000E-002  0.1250000E+001  0.0000000E+000  0.0000000E+000  0.0000000E+000
010111998surf_wa  10.958    11011998      23 -0.1000000E-002  0.1250000E+001  0.0000000E+000  0.0000000E+000  0.0000000E+000
010111998surf_wa  11.000    11011998      24 -0.1000000E-002  0.1250000E+001  0.0000000E+000  0.0000000E+000  0.0000000E+000
