    DOY     DATE    SHOOT_N         LEAF_N          SHTH_N          STALK_N         RESERVE_N       GRAIN_N         ROOT_N          NDL_N           STORED_N        UPTK_N          LITTER_N        TL_N_FIXED      [SOL_N]         N_STRESS        [SOL_P]         P_STRESS        NH3_FLUX        HVST_N          N_BALANCE       
010111998n_outs    1.000    01011998  0.0000000E+000  0.0000000E+000  0.0000000E+000  0.0000000E+000  0.0000000E+000  0.0000000E+000  0.0000000E+000  0.0000000E+000  0.0000000E+000  0.0000000E+000  0.0000000E+000  0.0000000E+000  0.1000000E+001  0.0000000E+000  0.1000000E+001  0.0000000E+000  0.0000000E+000  0.0000000E+000  0.0000000E+000
010111998n_outs    2.000    02011998  0.0000000E+000  0.0000000E+000  0.0000000E+000  0.0000000E+000  0.0000000E+000  0.0000000E+000  0.0000000E+000  0.0000000E+000  0.0000000E+000  0.0000000E+000  0.0000000E+000  0.0000000E+000  0.1000000E+001  0.0000000E+000  0.1000000E+001  0.0000000E+000  0.0000000E+000  0.0000000E+000  0.0000000E+000
010111998n_outs    3.000    03011998  0.0000000E+000  0.0000000E+000  0.0000000E+000  0.0000000E+000  0.0000000E+000  0.0000000E+000  0.0000000E+000  0.0000000E+000  0.0000000E+000  0.0000000E+000  0.0000000E+000  0.0000000E+000  0.1000000E+001  0.0000000E+000  0.1000000E+001  0.0000000E+000  0.0000000E+000  0.0000000E+000  0.0000000E+000
010111998n_outs    4.000    04011998  0.0000000E+000  0.0000000E+000  0.0000000E+000  0.0000000E+000  0.0000000E+000  0.0000000E+000  0.0000000E+000  0.0000000E+000  0.0000000E+000  0.0000000E+000  0.0000000E+000  0.0000000E+000  0.1000000E+001  0.0000000E+000  0.1000000E+001  0.0000000E+000  0.0000000E+000  0.0000000E+000  0.0000000E+000
010111998n_outs    5.000    05011998  0.0000000E+000  0.0000000E+000  0.0000000E+000  0.0000000E+000  0.0000000E+000  0.0000000E+000  0.0000000E+000  0.0000000E+000  0.0000000E+000  0.0000000E+000  0.0000000E+000  0.0000000E+000  0.1000000E+001  0.0000000E+000  0.1000000E+001  0.0000000E+000  0.0000000E+000  0.0000000E+000  0.0000000E+000
010111998n_outs    6.000    06011998  0.0000000E+000  0.0000000E+000  0.0000000E+000  0.0000000E+000  0.0000000E+000  0.0000000E+000  0.0000000E+000  0.0000000E+000  0.0000000E+000  0.0000000E+000  0.0000000E+000  0.0000000E+000  0.1000000E+001  0.0000000E+000  0.1000000E+001  0.0000000E+000  0.0000000E+000  0.0000000E+000  0.0000000E+000
010111998n_outs    7.000    07011998  0.0000000E+000  0.0000000E+000  0.0000000E+000  0.0000000E+000  0.0000000E+000  0.0000000E+000  0.0000000E+000  0.0000000E+000  0.0000000E+000  0.0000000E+000  0.0000000E+000  0.0000000E+000  0.1000000E+001  0.0000000E+000  0.1000000E+001  0.0000000E+000  0.0000000E+000  0.0000000E+000  0.0000000E+000
010111998n_outs    8.000    08011998  0.0000000E+000  0.0000000E+000  0.0000000E+000  0.0000000E+000  0.0000000E+000  0.0000000E+000  0.0000000E+000  0.0000000E+000  0.0000000E+000  0.0000000E+000  0.0000000E+000  0.0000000E+000  0.1000000E+001  0.0000000E+000  0.1000000E+001  0.0000000E+000  0.0000000E+000  0.0000000E+000  0.0000000E+000
010111998n_outs    9.000    09011998  0.0000000E+000  0.0000000E+000  0.0000000E+000  0.0000000E+000  0.0000000E+000  0.0000000E+000  0.0000000E+000  0.0000000E+000  0.0000000E+000  0.0000000E+000  0.0000000E+000  0.0000000E+000  0.1000000E+001  0.0000000E+000  0.1000000E+001  0.0000000E+000  0.0000000E+000  0.0000000E+000  0.0000000E+000
010111998n_outs   10.000    10011998  0.0000000E+000  0.0000000E+000  0.0000000E+000  0.0000000E+000  0.0000000E+000  0.0000000E+000  0.0000000E+000  0.0000000E+000  0.0000000E+000  0.0000000E+000  0.0000000E+000  0.0000000E+000  0.1000000E+001  0.0000000E+000  0.1000000E+001  0.0000000E+000  0.0000000E+000  0.0000000E+000  0.0000000E+000
010111998n_outs   11.000    11011998  0.0000000E+000  0.0000000E+000  0.0000000E+000  0.0000000E+000  0.0000000E+000  0.0000000E+000  0.0000000E+000  0.0000000E+000  0.0000000E+000  0.0000000E+000  0.0000000E+000  0.0000000E+000  0.1000000E+001  0.0000000E+000  0.1000000E+001  0.0000000E+000  0.0000000E+000  0.0000000E+000  0.0000000E+000
010111998n_outs   12.000    12011998  0.0000000E+000  0.0000000E+000  0.0000000E+000  0.0000000E+000  0.0000000E+000  0.0000000E+000  0.0000000E+000  0.0000000E+000  0.0000000E+000  0.0000000E+000  0.0000000E+000  0.0000000E+000  0.1000000E+001  0.0000000E+000  0.1000000E+001  0.0000000E+000  0.0000000E+000  0.0000000E+000  0.0000000E+000
010111998n_outs   13.000    13011998  0.0000000E+000  0.0000000E+000  0.0000000E+000  0.0000000E+000  0.0000000E+000  0.0000000E+000  0.0000000E+000  0.0000000E+000  0.0000000E+000  0.0000000E+000  0.0000000E+000  0.0000000E+000  0.1000000E+001  0.0000000E+000  0.1000000E+001  0.0000000E+000  0.0000000E+000  0.0000000E+000  0.0000000E+000
010111998n_outs   14.000    14011998  0.0000000E+000  0.0000000E+000  0.0000000E+000  0.0000000E+000  0.0000000E+000  0.0000000E+000  0.0000000E+000  0.0000000E+000  0.0000000E+000  0.0000000E+000  0.0000000E+000  0.0000000E+000  0.1000000E+001  0.0000000E+000  0.1000000E+001  0.0000000E+000  0.0000000E+000  0.0000000E+000  0.0000000E+000
010111998n_outs   15.000    15011998  0.0000000E+000  0.0000000E+000  0.0000000E+000  0.0000000E+000  0.0000000E+000  0.0000000E+000  0.0000000E+000  0.0000000E+000  0.0000000E+000  0.0000000E+000  0.0000000E+000  0.0000000E+000  0.1000000E+001  0.0000000E+000  0.1000000E+001  0.0000000E+000  0.0000000E+000  0.0000000E+000  0.0000000E+000
010111998n_outs   16.000    16011998  0.0000000E+000  0.0000000E+000  0.0000000E+000  0.0000000E+000  0.0000000E+000  0.0000000E+000  0.0000000E+000  0.0000000E+000  0.0000000E+000  0.0000000E+000  0.0000000E+000  0.0000000E+000  0.1000000E+001  0.0000000E+000  0.1000000E+001  0.0000000E+000  0.0000000E+000  0.0000000E+000  0.0000000E+000
010111998n_outs   17.000    17011998  0.0000000E+000  0.0000000E+000  0.0000000E+000  0.0000000E+000  0.0000000E+000  0.0000000E+000  0.0000000E+000  0.0000000E+000  0.0000000E+000  0.0000000E+000  0.0000000E+000  0.0000000E+000  0.1000000E+001  0.0000000E+000  0.1000000E+001  0.0000000E+000  0.0000000E+000  0.0000000E+000  0.0000000E+000
010111998n_outs   18.000    18011998  0.0000000E+000  0.0000000E+000  0.0000000E+000  0.0000000E+000  0.0000000E+000  0.0000000E+000  0.0000000E+000  0.0000000E+000  0.0000000E+000  0.0000000E+000  0.0000000E+000  0.0000000E+000  0.1000000E+001  0.0000000E+000  0.1000000E+001  0.0000000E+000  0.0000000E+000  0.0000000E+000  0.0000000E+000
010111998n_outs   19.000    19011998  0.0000000E+000  0.0000000E+000  0.0000000E+000  0.0000000E+000  0.0000000E+000  0.0000000E+000  0.0000000E+000  0.0000000E+000  0.0000000E+000  0.0000000E+000  0.0000000E+000  0.0000000E+000  0.1000000E+001  0.0000000E+000  0.1000000E+001  0.0000000E+000  0.0000000E+000  0.0000000E+000  0.0000000E+000
010111998n_outs   20.000    20011998  0.0000000E+000  0.0000000E+000  0.0000000E+000  0.0000000E+000  0.0000000E+000  0.0000000E+000  0.0000000E+000  0.0000000E+000  0.0000000E+000  0.0000000E+000  0.0000000E+000  0.0000000E+000  0.1000000E+001  0.0000000E+000  0.1000000E+001  0.0000000E+000  0.0000000E+000  0.0000000E+000  0.0000000E+000
010111998n_outs   21.000    21011998  0.0000000E+000  0.0000000E+000  0.0000000E+000  0.0000000E+000  0.0000000E+000  0.0000000E+000  0.0000000E+000  0.0000000E+000  0.0000000E+000  0.0000000E+000  0.0000000E+000  0.0000000E+000  0.1000000E+001  0.0000000E+000  0.1000000E+001  0.0000000E+000  0.0000000E+000  0.0000000E+000  0.0000000E+000
010111998n_outs   22.000    22011998  0.0000000E+000  0.0000000E+000  0.0000000E+000  0.0000000E+000  0.0000000E+000  0.0000000E+000  0.0000000E+000  0.0000000E+000  0.0000000E+000  0.0000000E+000  0.0000000E+000  0.0000000E+000  0.1000000E+001  0.0000000E+000  0.1000000E+001  0.0000000E+000  0.0000000E+000  0.0000000E+000  0.0000000E+000
010111998n_outs   23.000    23011998  0.0000000E+000  0.0000000E+000  0.0000000E+000  0.0000000E+000  0.0000000E+000  0.0000000E+000  0.0000000E+000  0.0000000E+000  0.0000000E+000  0.0000000E+000  0.0000000E+000  0.0000000E+000  0.1000000E+001  0.0000000E+000  0.1000000E+001  0.0000000E+000  0.0000000E+000  0.0000000E+000  0.0000000E+000
010111998n_outs   24.000    24011998  0.0000000E+000  0.0000000E+000  0.0000000E+000  0.0000000E+000  0.0000000E+000  0.0000000E+000  0.0000000E+000  0.0000000E+000  0.0000000E+000  0.0000000E+000  0.0000000E+000  0.0000000E+000  0.1000000E+001  0.0000000E+000  0.1000000E+001  0.0000000E+000  0.0000000E+000  0.0000000E+000  0.0000000E+000
010111998n_outs   25.000    25011998  0.0000000E+000  0.0000000E+000  0.0000000E+000  0.0000000E+000  0.0000000E+000  0.0000000E+000  0.0000000E+000  0.0000000E+000  0.0000000E+000  0.0000000E+000  0.0000000E+000  0.0000000E+000  0.1000000E+001  0.0000000E+000  0.1000000E+001  0.0000000E+000  0.0000000E+000  0.0000000E+000  0.0000000E+000
010111998n_outs   26.000    26011998  0.0000000E+000  0.0000000E+000  0.0000000E+000  0.0000000E+000  0.0000000E+000  0.0000000E+000  0.0000000E+000  0.0000000E+000  0.0000000E+000  0.0000000E+000  0.0000000E+000  0.0000000E+000  0.1000000E+001  0.0000000E+000  0.1000000E+001  0.0000000E+000  0.0000000E+000  0.0000000E+000  0.0000000E+000
