    DOY     DATE    HOUR    CAN_RN          CAN_LE          CAN_H           CAN_G           CAN_TEMP        TEMP_FN         
010111998atmosph   0.042    01011998       1  0.0000000E+000  0.0000000E+000  0.0000000E+000  0.0000000E+000 -0.1641882E+002  0.1000000E+001
010111998atmosph   0.083    01011998       2  0.0000000E+000  0.0000000E+000  0.0000000E+000  0.0000000E+000 -0.1795486E+002  0.1000000E+001
010111998atmosph   0.125    01011998       3  0.0000000E+000  0.0000000E+000  0.0000000E+000  0.0000000E+000 -0.1928755E+002  0.1000000E+001
010111998atmosph   0.167    01011998       4  0.0000000E+000  0.0000000E+000  0.0000000E+000  0.0000000E+000 -0.1797821E+002  0.1000000E+001
010111998atmosph   0.208    01011998       5  0.0000000E+000  0.0000000E+000  0.0000000E+000  0.0000000E+000 -0.1809021E+002  0.1000000E+001
010111998atmosph   0.250    01011998       6  0.0000000E+000  0.0000000E+000  0.0000000E+000  0.0000000E+000 -0.2000766E+002  0.1000000E+001
010111998atmosph   0.292    01011998       7  0.0000000E+000  0.0000000E+000  0.0000000E+000  0.0000000E+000 -0.2098912E+002  0.1000000E+001
010111998atmosph   0.333    01011998       8  0.0000000E+000  0.0000000E+000  0.0000000E+000  0.0000000E+000 -0.2095334E+002  0.1000000E+001
010111998atmosph   0.375    01011998       9  0.0000000E+000  0.0000000E+000  0.0000000E+000  0.0000000E+000 -0.2189671E+002  0.1000000E+001
010111998atmosph   0.417    01011998      10  0.0000000E+000  0.0000000E+000  0.0000000E+000  0.0000000E+000 -0.1992979E+002  0.1000000E+001
010111998atmosph   0.458    01011998      11  0.0000000E+000  0.0000000E+000  0.0000000E+000  0.0000000E+000 -0.1825981E+002  0.1000000E+001
010111998atmosph   0.500    01011998      12  0.0000000E+000  0.0000000E+000  0.0000000E+000  0.0000000E+000 -0.1797243E+002  0.1000000E+001
010111998atmosph   0.542    01011998      13  0.0000000E+000  0.0000000E+000  0.0000000E+000  0.0000000E+000 -0.1757587E+002  0.1000000E+001
010111998atmosph   0.583    01011998      14  0.0000000E+000  0.0000000E+000  0.0000000E+000  0.0000000E+000 -0.1653738E+002  0.1000000E+001
010111998atmosph   0.625    01011998      15  0.0000000E+000  0.0000000E+000  0.0000000E+000  0.0000000E+000 -0.1705115E+002  0.1000000E+001
010111998atmosph   0.667    01011998      16  0.0000000E+000  0.0000000E+000  0.0000000E+000  0.0000000E+000 -0.1833600E+002  0.1000000E+001
010111998atmosph   0.708    01011998      17  0.0000000E+000  0.0000000E+000  0.0000000E+000  0.0000000E+000 -0.1975995E+002  0.1000000E+001
010111998atmosph   0.750    01011998      18  0.0000000E+000  0.0000000E+000  0.0000000E+000  0.0000000E+000 -0.2045261E+002  0.1000000E+001
010111998atmosph   0.792    01011998      19  0.0000000E+000  0.0000000E+000  0.0000000E+000  0.0000000E+000 -0.2097621E+002  0.1000000E+001
010111998atmosph   0.833    01011998      20  0.0000000E+000  0.0000000E+000  0.0000000E+000  0.0000000E+000 -0.2174466E+002  0.1000000E+001
010111998atmosph   0.875    01011998      21  0.0000000E+000  0.0000000E+000  0.0000000E+000  0.0000000E+000 -0.2153133E+002  0.1000000E+001
010111998atmosph   0.917    01011998      22  0.0000000E+000  0.0000000E+000  0.0000000E+000  0.0000000E+000 -0.2132037E+002  0.1000000E+001
010111998atmosph   0.958    01011998      23  0.0000000E+000  0.0000000E+000  0.0000000E+000  0.0000000E+000 -0.2107216E+002  0.1000000E+001
010111998atmosph   1.000    01011998      24  0.0000000E+000  0.0000000E+000  0.0000000E+000  0.0000000E+000 -0.2044751E+002  0.1000000E+001
010111998atmosph   1.042    02011998       1  0.0000000E+000  0.0000000E+000  0.0000000E+000  0.0000000E+000 -0.1979526E+002  0.1000000E+001
010111998atmosph   1.083    02011998       2  0.0000000E+000  0.0000000E+000  0.0000000E+000  0.0000000E+000 -0.1893806E+002  0.1000000E+001
010111998atmosph   1.125    02011998       3  0.0000000E+000  0.0000000E+000  0.0000000E+000  0.0000000E+000 -0.1747620E+002  0.1000000E+001
010111998atmosph   1.167    02011998       4  0.0000000E+000  0.0000000E+000  0.0000000E+000  0.0000000E+000 -0.1561606E+002  0.1000000E+001
010111998atmosph   1.208    02011998       5  0.0000000E+000  0.0000000E+000  0.0000000E+000  0.0000000E+000 -0.1407932E+002  0.1000000E+001
010111998atmosph   1.250    02011998       6  0.0000000E+000  0.0000000E+000  0.0000000E+000  0.0000000E+000 -0.1103735E+002  0.1000000E+001
010111998atmosph   1.292    02011998       7  0.0000000E+000  0.0000000E+000  0.0000000E+000  0.0000000E+000 -0.9518097E+001  0.1000000E+001
010111998atmosph   1.333    02011998       8  0.0000000E+000  0.0000000E+000  0.0000000E+000  0.0000000E+000 -0.1082156E+002  0.1000000E+001
010111998atmosph   1.375    02011998       9  0.0000000E+000  0.0000000E+000  0.0000000E+000  0.0000000E+000 -0.8042450E+001  0.1000000E+001
010111998atmosph   1.417    02011998      10  0.0000000E+000  0.0000000E+000  0.0000000E+000  0.0000000E+000 -0.6260010E+001  0.1000000E+001
010111998atmosph   1.458    02011998      11  0.0000000E+000  0.0000000E+000  0.0000000E+000  0.0000000E+000 -0.4330078E+001  0.1000000E+001
010111998atmosph   1.500    02011998      12  0.0000000E+000  0.0000000E+000  0.0000000E+000  0.0000000E+000  0.1051941E+000  0.1000000E+001
010111998atmosph   1.542    02011998      13  0.0000000E+000  0.0000000E+000  0.0000000E+000  0.0000000E+000  0.2964783E+000  0.1000000E+001
010111998atmosph   1.583    02011998      14  0.0000000E+000  0.0000000E+000  0.0000000E+000  0.0000000E+000  0.2913818E+000  0.1000000E+001
010111998atmosph   1.625    02011998      15  0.0000000E+000  0.0000000E+000  0.0000000E+000  0.0000000E+000  0.1223145E+000  0.1000000E+001
010111998atmosph   1.667    02011998      16  0.0000000E+000  0.0000000E+000  0.0000000E+000  0.0000000E+000  0.1032715E+000  0.1000000E+001
010111998atmosph   1.708    02011998      17  0.0000000E+000  0.0000000E+000  0.0000000E+000  0.0000000E+000 -0.3589172E+000  0.1000000E+001
010111998atmosph   1.750    02011998      18  0.0000000E+000  0.0000000E+000  0.0000000E+000  0.0000000E+000 -0.1607666E+001  0.1000000E+001
010111998atmosph   1.792    02011998      19  0.0000000E+000  0.0000000E+000  0.0000000E+000  0.0000000E+000 -0.1835114E+001  0.1000000E+001
010111998atmosph   1.833    02011998      20  0.0000000E+000  0.0000000E+000  0.0000000E+000  0.0000000E+000 -0.1856140E+001  0.1000000E+001
010111998atmosph   1.875    02011998      21  0.0000000E+000  0.0000000E+000  0.0000000E+000  0.0000000E+000 -0.1096893E+001  0.1000000E+001
010111998atmosph   1.917    02011998      22  0.0000000E+000  0.0000000E+000  0.0000000E+000  0.0000000E+000 -0.6153259E+000  0.1000000E+001
010111998atmosph   1.958    02011998      23  0.0000000E+000  0.0000000E+000  0.0000000E+000  0.0000000E+000 -0.5342102E+000  0.1000000E+001
010111998atmosph   2.000    02011998      24  0.0000000E+000  0.0000000E+000  0.0000000E+000  0.0000000E+000 -0.3509521E+000  0.1000000E+001
010111998atmosph   2.042    03011998       1  0.0000000E+000  0.0000000E+000  0.0000000E+000  0.0000000E+000 -0.3494263E-001  0.1000000E+001
010111998atmosph   2.083    03011998       2  0.0000000E+000  0.0000000E+000  0.0000000E+000  0.0000000E+000  0.4248047E-001  0.1000000E+001
010111998atmosph   2.125    03011998       3  0.0000000E+000  0.0000000E+000  0.0000000E+000  0.0000000E+000 -0.2639771E-001  0.1000000E+001
010111998atmosph   2.167    03011998       4  0.0000000E+000  0.0000000E+000  0.0000000E+000  0.0000000E+000  0.3753662E-001  0.1000000E+001
010111998atmosph   2.208    03011998       5  0.0000000E+000  0.0000000E+000  0.0000000E+000  0.0000000E+000  0.1119080E+000  0.1000000E+001
010111998atmosph   2.250    03011998       6  0.0000000E+000  0.0000000E+000  0.0000000E+000  0.0000000E+000  0.1107788E+000  0.1000000E+001
010111998atmosph   2.292    03011998       7  0.0000000E+000  0.0000000E+000  0.0000000E+000  0.0000000E+000  0.1158752E+000  0.1000000E+001
010111998atmosph   2.333    03011998       8  0.0000000E+000  0.0000000E+000  0.0000000E+000  0.0000000E+000 -0.3952026E-001  0.1000000E+001
010111998atmosph   2.375    03011998       9  0.0000000E+000  0.0000000E+000  0.0000000E+000  0.0000000E+000  0.5285339E+000  0.1000000E+001
010111998atmosph   2.417    03011998      10  0.0000000E+000  0.0000000E+000  0.0000000E+000  0.0000000E+000  0.6477356E+000  0.1000000E+001
010111998atmosph   2.458    03011998      11  0.0000000E+000  0.0000000E+000  0.0000000E+000  0.0000000E+000  0.7978210E+000  0.1000000E+001
010111998atmosph   2.500    03011998      12  0.0000000E+000  0.0000000E+000  0.0000000E+000  0.0000000E+000  0.7595215E+000  0.1000000E+001
010111998atmosph   2.542    03011998      13  0.0000000E+000  0.0000000E+000  0.0000000E+000  0.0000000E+000  0.6811829E+000  0.1000000E+001
010111998atmosph   2.583    03011998      14  0.0000000E+000  0.0000000E+000  0.0000000E+000  0.0000000E+000  0.5832520E+000  0.1000000E+001
010111998atmosph   2.625    03011998      15  0.0000000E+000  0.0000000E+000  0.0000000E+000  0.0000000E+000  0.5514832E+000  0.1000000E+001
010111998atmosph   2.667    03011998      16  0.0000000E+000  0.0000000E+000  0.0000000E+000  0.0000000E+000  0.5161438E+000  0.1000000E+001
010111998atmosph   2.708    03011998      17  0.0000000E+000  0.0000000E+000  0.0000000E+000  0.0000000E+000  0.1183472E+000  0.1000000E+001
010111998atmosph   2.750    03011998      18  0.0000000E+000  0.0000000E+000  0.0000000E+000  0.0000000E+000  0.1074829E+000  0.1000000E+001
010111998atmosph   2.792    03011998      19  0.0000000E+000  0.0000000E+000  0.0000000E+000  0.0000000E+000  0.1426697E+000  0.1000000E+001
010111998atmosph   2.833    03011998      20  0.0000000E+000  0.0000000E+000  0.0000000E+000  0.0000000E+000  0.2099609E+000  0.1000000E+001
010111998atmosph   2.875    03011998      21  0.0000000E+000  0.0000000E+000  0.0000000E+000  0.0000000E+000  0.2546997E+000  0.1000000E+001
010111998atmosph   2.917    03011998      22  0.0000000E+000  0.0000000E+000  0.0000000E+000  0.0000000E+000  0.2869263E+000  0.1000000E+001
010111998atmosph   2.958    03011998      23  0.0000000E+000  0.0000000E+000  0.0000000E+000  0.0000000E+000  0.2166443E+000  0.1000000E+001
010111998atmosph   3.000    03011998      24  0.0000000E+000  0.0000000E+000  0.0000000E+000  0.0000000E+000  0.1627197E+000  0.1000000E+001
010111998atmosph   3.042    04011998       1  0.0000000E+000  0.0000000E+000  0.0000000E+000  0.0000000E+000  0.1307983E+000  0.1000000E+001
010111998atmosph   3.083    04011998       2  0.0000000E+000  0.0000000E+000  0.0000000E+000  0.0000000E+000 -0.3887024E+000  0.1000000E+001
010111998atmosph   3.125    04011998       3  0.0000000E+000  0.0000000E+000  0.0000000E+000  0.0000000E+000 -0.5096802E+001  0.1000000E+001
010111998atmosph   3.167    04011998       4  0.0000000E+000  0.0000000E+000  0.0000000E+000  0.0000000E+000 -0.8796906E+001  0.1000000E+001
010111998atmosph   3.208    04011998       5  0.0000000E+000  0.0000000E+000  0.0000000E+000  0.0000000E+000 -0.1162952E+002  0.1000000E+001
010111998atmosph   3.250    04011998       6  0.0000000E+000  0.0000000E+000  0.0000000E+000  0.0000000E+000 -0.1340170E+002  0.1000000E+001
010111998atmosph   3.292    04011998       7  0.0000000E+000  0.0000000E+000  0.0000000E+000  0.0000000E+000 -0.1412308E+002  0.1000000E+001
010111998atmosph   3.333    04011998       8  0.0000000E+000  0.0000000E+000  0.0000000E+000  0.0000000E+000 -0.1455188E+002  0.1000000E+001
010111998atmosph   3.375    04011998       9  0.0000000E+000  0.0000000E+000  0.0000000E+000  0.0000000E+000 -0.1251920E+002  0.1000000E+001
010111998atmosph   3.417    04011998      10  0.0000000E+000  0.0000000E+000  0.0000000E+000  0.0000000E+000 -0.1072928E+002  0.1000000E+001
010111998atmosph   3.458    04011998      11  0.0000000E+000  0.0000000E+000  0.0000000E+000  0.0000000E+000 -0.9651154E+001  0.1000000E+001
010111998atmosph   3.500    04011998      12  0.0000000E+000  0.0000000E+000  0.0000000E+000  0.0000000E+000 -0.1006906E+002  0.1000000E+001
010111998atmosph   3.542    04011998      13  0.0000000E+000  0.0000000E+000  0.0000000E+000  0.0000000E+000 -0.9948944E+001  0.1000000E+001
010111998atmosph   3.583    04011998      14  0.0000000E+000  0.0000000E+000  0.0000000E+000  0.0000000E+000 -0.1051117E+002  0.1000000E+001
010111998atmosph   3.625    04011998      15  0.0000000E+000  0.0000000E+000  0.0000000E+000  0.0000000E+000 -0.1108133E+002  0.1000000E+001
010111998atmosph   3.667    04011998      16  0.0000000E+000  0.0000000E+000  0.0000000E+000  0.0000000E+000 -0.1141727E+002  0.1000000E+001
010111998atmosph   3.708    04011998      17  0.0000000E+000  0.0000000E+000  0.0000000E+000  0.0000000E+000 -0.1319284E+002  0.1000000E+001
010111998atmosph   3.750    04011998      18  0.0000000E+000  0.0000000E+000  0.0000000E+000  0.0000000E+000 -0.1321179E+002  0.1000000E+001
010111998atmosph   3.792    04011998      19  0.0000000E+000  0.0000000E+000  0.0000000E+000  0.0000000E+000 -0.1375647E+002  0.1000000E+001
010111998atmosph   3.833    04011998      20  0.0000000E+000  0.0000000E+000  0.0000000E+000  0.0000000E+000 -0.1422171E+002  0.1000000E+001
010111998atmosph   3.875    04011998      21  0.0000000E+000  0.0000000E+000  0.0000000E+000  0.0000000E+000 -0.1453064E+002  0.1000000E+001
010111998atmosph   3.917    04011998      22  0.0000000E+000  0.0000000E+000  0.0000000E+000  0.0000000E+000 -0.1490546E+002  0.1000000E+001
010111998atmosph   3.958    04011998      23  0.0000000E+000  0.0000000E+000  0.0000000E+000  0.0000000E+000 -0.1511337E+002  0.1000000E+001
010111998atmosph   4.000    04011998      24  0.0000000E+000  0.0000000E+000  0.0000000E+000  0.0000000E+000 -0.1513074E+002  0.1000000E+001
010111998atmosph   4.042    05011998       1  0.0000000E+000  0.0000000E+000  0.0000000E+000  0.0000000E+000 -0.1508359E+002  0.1000000E+001
010111998atmosph   4.083    05011998       2  0.0000000E+000  0.0000000E+000  0.0000000E+000  0.0000000E+000 -0.1550116E+002  0.1000000E+001
010111998atmosph   4.125    05011998       3  0.0000000E+000  0.0000000E+000  0.0000000E+000  0.0000000E+000 -0.1600748E+002  0.1000000E+001
010111998atmosph   4.167    05011998       4  0.0000000E+000  0.0000000E+000  0.0000000E+000  0.0000000E+000 -0.1572537E+002  0.1000000E+001
010111998atmosph   4.208    05011998       5  0.0000000E+000  0.0000000E+000  0.0000000E+000  0.0000000E+000 -0.1507156E+002  0.1000000E+001
010111998atmosph   4.250    05011998       6  0.0000000E+000  0.0000000E+000  0.0000000E+000  0.0000000E+000 -0.1323856E+002  0.1000000E+001
010111998atmosph   4.292    05011998       7  0.0000000E+000  0.0000000E+000  0.0000000E+000  0.0000000E+000 -0.1196667E+002  0.1000000E+001
010111998atmosph   4.333    05011998       8  0.0000000E+000  0.0000000E+000  0.0000000E+000  0.0000000E+000 -0.1102304E+002  0.1000000E+001
010111998atmosph   4.375    05011998       9  0.0000000E+000  0.0000000E+000  0.0000000E+000  0.0000000E+000 -0.7569275E+001  0.1000000E+001
010111998atmosph   4.417    05011998      10  0.0000000E+000  0.0000000E+000  0.0000000E+000  0.0000000E+000 -0.6246033E+001  0.1000000E+001
010111998atmosph   4.458    05011998      11  0.0000000E+000  0.0000000E+000  0.0000000E+000  0.0000000E+000 -0.5560883E+001  0.1000000E+001
010111998atmosph   4.500    05011998      12  0.0000000E+000  0.0000000E+000  0.0000000E+000  0.0000000E+000 -0.5163086E+001  0.1000000E+001
010111998atmosph   4.542    05011998      13  0.0000000E+000  0.0000000E+000  0.0000000E+000  0.0000000E+000 -0.4908936E+001  0.1000000E+001
010111998atmosph   4.583    05011998      14  0.0000000E+000  0.0000000E+000  0.0000000E+000  0.0000000E+000 -0.4891937E+001  0.1000000E+001
010111998atmosph   4.625    05011998      15  0.0000000E+000  0.0000000E+000  0.0000000E+000  0.0000000E+000 -0.4917267E+001  0.1000000E+001
010111998atmosph   4.667    05011998      16  0.0000000E+000  0.0000000E+000  0.0000000E+000  0.0000000E+000 -0.4968842E+001  0.1000000E+001
010111998atmosph   4.708    05011998      17  0.0000000E+000  0.0000000E+000  0.0000000E+000  0.0000000E+000 -0.7217743E+001  0.1000000E+001
010111998atmosph   4.750    05011998      18  0.0000000E+000  0.0000000E+000  0.0000000E+000  0.0000000E+000 -0.7561401E+001  0.1000000E+001
010111998atmosph   4.792    05011998      19  0.0000000E+000  0.0000000E+000  0.0000000E+000  0.0000000E+000 -0.7356720E+001  0.1000000E+001
010111998atmosph   4.833    05011998      20  0.0000000E+000  0.0000000E+000  0.0000000E+000  0.0000000E+000 -0.7163055E+001  0.1000000E+001
010111998atmosph   4.875    05011998      21  0.0000000E+000  0.0000000E+000  0.0000000E+000  0.0000000E+000 -0.7328461E+001  0.1000000E+001
010111998atmosph   4.917    05011998      22  0.0000000E+000  0.0000000E+000  0.0000000E+000  0.0000000E+000 -0.7385040E+001  0.1000000E+001
010111998atmosph   4.958    05011998      23  0.0000000E+000  0.0000000E+000  0.0000000E+000  0.0000000E+000 -0.7390594E+001  0.1000000E+001
010111998atmosph   5.000    05011998      24  0.0000000E+000  0.0000000E+000  0.0000000E+000  0.0000000E+000 -0.7534546E+001  0.1000000E+001
010111998atmosph   5.042    06011998       1  0.0000000E+000  0.0000000E+000  0.0000000E+000  0.0000000E+000 -0.7273163E+001  0.1000000E+001
010111998atmosph   5.083    06011998       2  0.0000000E+000  0.0000000E+000  0.0000000E+000  0.0000000E+000 -0.6955353E+001  0.1000000E+001
010111998atmosph   5.125    06011998       3  0.0000000E+000  0.0000000E+000  0.0000000E+000  0.0000000E+000 -0.6702759E+001  0.1000000E+001
010111998atmosph   5.167    06011998       4  0.0000000E+000  0.0000000E+000  0.0000000E+000  0.0000000E+000 -0.6476013E+001  0.1000000E+001
010111998atmosph   5.208    06011998       5  0.0000000E+000  0.0000000E+000  0.0000000E+000  0.0000000E+000 -0.6367493E+001  0.1000000E+001
010111998atmosph   5.250    06011998       6  0.0000000E+000  0.0000000E+000  0.0000000E+000  0.0000000E+000 -0.6106842E+001  0.1000000E+001
010111998atmosph   5.292    06011998       7  0.0000000E+000  0.0000000E+000  0.0000000E+000  0.0000000E+000 -0.5982117E+001  0.1000000E+001
010111998atmosph   5.333    06011998       8  0.0000000E+000  0.0000000E+000  0.0000000E+000  0.0000000E+000 -0.5968109E+001  0.1000000E+001
010111998atmosph   5.375    06011998       9  0.0000000E+000  0.0000000E+000  0.0000000E+000  0.0000000E+000 -0.3440979E+001  0.1000000E+001
010111998atmosph   5.417    06011998      10  0.0000000E+000  0.0000000E+000  0.0000000E+000  0.0000000E+000 -0.1558533E+000  0.1000000E+001
010111998atmosph   5.458    06011998      11  0.0000000E+000  0.0000000E+000  0.0000000E+000  0.0000000E+000 -0.1080627E+000  0.1000000E+001
010111998atmosph   5.500    06011998      12  0.0000000E+000  0.0000000E+000  0.0000000E+000  0.0000000E+000 -0.1162109E+000  0.1000000E+001
010111998atmosph   5.542    06011998      13  0.0000000E+000  0.0000000E+000  0.0000000E+000  0.0000000E+000 -0.1407166E+000  0.1000000E+001
010111998atmosph   5.583    06011998      14  0.0000000E+000  0.0000000E+000  0.0000000E+000  0.0000000E+000 -0.1060791E+000  0.1000000E+001
010111998atmosph   5.625    06011998      15  0.0000000E+000  0.0000000E+000  0.0000000E+000  0.0000000E+000 -0.1598206E+000  0.1000000E+001
010111998atmosph   5.667    06011998      16  0.0000000E+000  0.0000000E+000  0.0000000E+000  0.0000000E+000 -0.1668976E+001  0.1000000E+001
010111998atmosph   5.708    06011998      17  0.0000000E+000  0.0000000E+000  0.0000000E+000  0.0000000E+000 -0.5191833E+001  0.1000000E+001
010111998atmosph   5.750    06011998      18  0.0000000E+000  0.0000000E+000  0.0000000E+000  0.0000000E+000 -0.5939728E+001  0.1000000E+001
010111998atmosph   5.792    06011998      19  0.0000000E+000  0.0000000E+000  0.0000000E+000  0.0000000E+000 -0.6813721E+001  0.1000000E+001
010111998atmosph   5.833    06011998      20  0.0000000E+000  0.0000000E+000  0.0000000E+000  0.0000000E+000 -0.7340729E+001  0.1000000E+001
010111998atmosph   5.875    06011998      21  0.0000000E+000  0.0000000E+000  0.0000000E+000  0.0000000E+000 -0.7550659E+001  0.1000000E+001
010111998atmosph   5.917    06011998      22  0.0000000E+000  0.0000000E+000  0.0000000E+000  0.0000000E+000 -0.8331757E+001  0.1000000E+001
010111998atmosph   5.958    06011998      23  0.0000000E+000  0.0000000E+000  0.0000000E+000  0.0000000E+000 -0.8855713E+001  0.1000000E+001
010111998atmosph   6.000    06011998      24  0.0000000E+000  0.0000000E+000  0.0000000E+000  0.0000000E+000 -0.9167328E+001  0.1000000E+001
010111998atmosph   6.042    07011998       1  0.0000000E+000  0.0000000E+000  0.0000000E+000  0.0000000E+000 -0.9492584E+001  0.1000000E+001
010111998atmosph   6.083    07011998       2  0.0000000E+000  0.0000000E+000  0.0000000E+000  0.0000000E+000 -0.1003418E+002  0.1000000E+001
010111998atmosph   6.125    07011998       3  0.0000000E+000  0.0000000E+000  0.0000000E+000  0.0000000E+000 -0.1054977E+002  0.1000000E+001
010111998atmosph   6.167    07011998       4  0.0000000E+000  0.0000000E+000  0.0000000E+000  0.0000000E+000 -0.1091235E+002  0.1000000E+001
010111998atmosph   6.208    07011998       5  0.0000000E+000  0.0000000E+000  0.0000000E+000  0.0000000E+000 -0.1114789E+002  0.1000000E+001
010111998atmosph   6.250    07011998       6  0.0000000E+000  0.0000000E+000  0.0000000E+000  0.0000000E+000 -0.1136099E+002  0.1000000E+001
010111998atmosph   6.292    07011998       7  0.0000000E+000  0.0000000E+000  0.0000000E+000  0.0000000E+000 -0.1154242E+002  0.1000000E+001
010111998atmosph   6.333    07011998       8  0.0000000E+000  0.0000000E+000  0.0000000E+000  0.0000000E+000 -0.1165356E+002  0.1000000E+001
010111998atmosph   6.375    07011998       9  0.0000000E+000  0.0000000E+000  0.0000000E+000  0.0000000E+000 -0.9046906E+001  0.1000000E+001
010111998atmosph   6.417    07011998      10  0.0000000E+000  0.0000000E+000  0.0000000E+000  0.0000000E+000 -0.8151520E+001  0.1000000E+001
010111998atmosph   6.458    07011998      11  0.0000000E+000  0.0000000E+000  0.0000000E+000  0.0000000E+000 -0.7320435E+001  0.1000000E+001
010111998atmosph   6.500    07011998      12  0.0000000E+000  0.0000000E+000  0.0000000E+000  0.0000000E+000 -0.6688995E+001  0.1000000E+001
010111998atmosph   6.542    07011998      13  0.0000000E+000  0.0000000E+000  0.0000000E+000  0.0000000E+000 -0.6090729E+001  0.1000000E+001
010111998atmosph   6.583    07011998      14  0.0000000E+000  0.0000000E+000  0.0000000E+000  0.0000000E+000 -0.5926056E+001  0.1000000E+001
010111998atmosph   6.625    07011998      15  0.0000000E+000  0.0000000E+000  0.0000000E+000  0.0000000E+000 -0.6313080E+001  0.1000000E+001
010111998atmosph   6.667    07011998      16  0.0000000E+000  0.0000000E+000  0.0000000E+000  0.0000000E+000 -0.6378815E+001  0.1000000E+001
010111998atmosph   6.708    07011998      17  0.0000000E+000  0.0000000E+000  0.0000000E+000  0.0000000E+000 -0.8764191E+001  0.1000000E+001
010111998atmosph   6.750    07011998      18  0.0000000E+000  0.0000000E+000  0.0000000E+000  0.0000000E+000 -0.8993103E+001  0.1000000E+001
010111998atmosph   6.792    07011998      19  0.0000000E+000  0.0000000E+000  0.0000000E+000  0.0000000E+000 -0.8757874E+001  0.1000000E+001
010111998atmosph   6.833    07011998      20  0.0000000E+000  0.0000000E+000  0.0000000E+000  0.0000000E+000 -0.8539001E+001  0.1000000E+001
010111998atmosph   6.875    07011998      21  0.0000000E+000  0.0000000E+000  0.0000000E+000  0.0000000E+000 -0.8409180E+001  0.1000000E+001
010111998atmosph   6.917    07011998      22  0.0000000E+000  0.0000000E+000  0.0000000E+000  0.0000000E+000 -0.8217010E+001  0.1000000E+001
010111998atmosph   6.958    07011998      23  0.0000000E+000  0.0000000E+000  0.0000000E+000  0.0000000E+000 -0.7862610E+001  0.1000000E+001
010111998atmosph   7.000    07011998      24  0.0000000E+000  0.0000000E+000  0.0000000E+000  0.0000000E+000 -0.7194122E+001  0.1000000E+001
010111998atmosph   7.042    08011998       1  0.0000000E+000  0.0000000E+000  0.0000000E+000  0.0000000E+000 -0.6673126E+001  0.1000000E+001
010111998atmosph   7.083    08011998       2  0.0000000E+000  0.0000000E+000  0.0000000E+000  0.0000000E+000 -0.6129364E+001  0.1000000E+001
010111998atmosph   7.125    08011998       3  0.0000000E+000  0.0000000E+000  0.0000000E+000  0.0000000E+000 -0.5105286E+000  0.1000000E+001
010111998atmosph   7.167    08011998       4  0.0000000E+000  0.0000000E+000  0.0000000E+000  0.0000000E+000 -0.4528503E+001  0.1000000E+001
010111998atmosph   7.208    08011998       5  0.0000000E+000  0.0000000E+000  0.0000000E+000  0.0000000E+000 -0.5299255E+001  0.1000000E+001
010111998atmosph   7.250    08011998       6  0.0000000E+000  0.0000000E+000  0.0000000E+000  0.0000000E+000 -0.5342316E+001  0.1000000E+001
010111998atmosph   7.292    08011998       7  0.0000000E+000  0.0000000E+000  0.0000000E+000  0.0000000E+000 -0.5403473E+001  0.1000000E+001
010111998atmosph   7.333    08011998       8  0.0000000E+000  0.0000000E+000  0.0000000E+000  0.0000000E+000 -0.5483734E+001  0.1000000E+001
010111998atmosph   7.375    08011998       9  0.0000000E+000  0.0000000E+000  0.0000000E+000  0.0000000E+000 -0.3417419E+001  0.1000000E+001
010111998atmosph   7.417    08011998      10  0.0000000E+000  0.0000000E+000  0.0000000E+000  0.0000000E+000 -0.3132172E+001  0.1000000E+001
010111998atmosph   7.458    08011998      11  0.0000000E+000  0.0000000E+000  0.0000000E+000  0.0000000E+000 -0.2940857E+001  0.1000000E+001
010111998atmosph   7.500    08011998      12  0.0000000E+000  0.0000000E+000  0.0000000E+000  0.0000000E+000 -0.2842865E+001  0.1000000E+001
010111998atmosph   7.542    08011998      13  0.0000000E+000  0.0000000E+000  0.0000000E+000  0.0000000E+000 -0.2854309E+001  0.1000000E+001
010111998atmosph   7.583    08011998      14  0.0000000E+000  0.0000000E+000  0.0000000E+000  0.0000000E+000 -0.3167908E+001  0.1000000E+001
010111998atmosph   7.625    08011998      15  0.0000000E+000  0.0000000E+000  0.0000000E+000  0.0000000E+000 -0.3695099E+001  0.1000000E+001
010111998atmosph   7.667    08011998      16  0.0000000E+000  0.0000000E+000  0.0000000E+000  0.0000000E+000 -0.4173737E+001  0.1000000E+001
010111998atmosph   7.708    08011998      17  0.0000000E+000  0.0000000E+000  0.0000000E+000  0.0000000E+000 -0.6431061E+001  0.1000000E+001
010111998atmosph   7.750    08011998      18  0.0000000E+000  0.0000000E+000  0.0000000E+000  0.0000000E+000 -0.6926758E+001  0.1000000E+001
010111998atmosph   7.792    08011998      19  0.0000000E+000  0.0000000E+000  0.0000000E+000  0.0000000E+000 -0.6890045E+001  0.1000000E+001
010111998atmosph   7.833    08011998      20  0.0000000E+000  0.0000000E+000  0.0000000E+000  0.0000000E+000 -0.6901428E+001  0.1000000E+001
010111998atmosph   7.875    08011998      21  0.0000000E+000  0.0000000E+000  0.0000000E+000  0.0000000E+000 -0.7339569E+001  0.1000000E+001
010111998atmosph   7.917    08011998      22  0.0000000E+000  0.0000000E+000  0.0000000E+000  0.0000000E+000 -0.7356537E+001  0.1000000E+001
010111998atmosph   7.958    08011998      23  0.0000000E+000  0.0000000E+000  0.0000000E+000  0.0000000E+000 -0.7499664E+001  0.1000000E+001
010111998atmosph   8.000    08011998      24  0.0000000E+000  0.0000000E+000  0.0000000E+000  0.0000000E+000 -0.7523010E+001  0.1000000E+001
010111998atmosph   8.042    09011998       1  0.0000000E+000  0.0000000E+000  0.0000000E+000  0.0000000E+000 -0.7838898E+001  0.1000000E+001
010111998atmosph   8.083    09011998       2  0.0000000E+000  0.0000000E+000  0.0000000E+000  0.0000000E+000 -0.7780884E+001  0.1000000E+001
010111998atmosph   8.125    09011998       3  0.0000000E+000  0.0000000E+000  0.0000000E+000  0.0000000E+000 -0.7819733E+001  0.1000000E+001
010111998atmosph   8.167    09011998       4  0.0000000E+000  0.0000000E+000  0.0000000E+000  0.0000000E+000 -0.7932556E+001  0.1000000E+001
010111998atmosph   8.208    09011998       5  0.0000000E+000  0.0000000E+000  0.0000000E+000  0.0000000E+000 -0.8384644E+001  0.1000000E+001
010111998atmosph   8.250    09011998       6  0.0000000E+000  0.0000000E+000  0.0000000E+000  0.0000000E+000 -0.9012573E+001  0.1000000E+001
010111998atmosph   8.292    09011998       7  0.0000000E+000  0.0000000E+000  0.0000000E+000  0.0000000E+000 -0.9591919E+001  0.1000000E+001
010111998atmosph   8.333    09011998       8  0.0000000E+000  0.0000000E+000  0.0000000E+000  0.0000000E+000 -0.9849152E+001  0.1000000E+001
010111998atmosph   8.375    09011998       9  0.0000000E+000  0.0000000E+000  0.0000000E+000  0.0000000E+000 -0.7695129E+001  0.1000000E+001
010111998atmosph   8.417    09011998      10  0.0000000E+000  0.0000000E+000  0.0000000E+000  0.0000000E+000 -0.7147125E+001  0.1000000E+001
010111998atmosph   8.458    09011998      11  0.0000000E+000  0.0000000E+000  0.0000000E+000  0.0000000E+000 -0.5943420E+001  0.1000000E+001
010111998atmosph   8.500    09011998      12  0.0000000E+000  0.0000000E+000  0.0000000E+000  0.0000000E+000 -0.5007324E+001  0.1000000E+001
010111998atmosph   8.542    09011998      13  0.0000000E+000  0.0000000E+000  0.0000000E+000  0.0000000E+000 -0.4916626E+001  0.1000000E+001
010111998atmosph   8.583    09011998      14  0.0000000E+000  0.0000000E+000  0.0000000E+000  0.0000000E+000 -0.4566101E+001  0.1000000E+001
010111998atmosph   8.625    09011998      15  0.0000000E+000  0.0000000E+000  0.0000000E+000  0.0000000E+000 -0.4391327E+001  0.1000000E+001
010111998atmosph   8.667    09011998      16  0.0000000E+000  0.0000000E+000  0.0000000E+000  0.0000000E+000 -0.4467834E+001  0.1000000E+001
010111998atmosph   8.708    09011998      17  0.0000000E+000  0.0000000E+000  0.0000000E+000  0.0000000E+000 -0.6548950E+001  0.1000000E+001
010111998atmosph   8.750    09011998      18  0.0000000E+000  0.0000000E+000  0.0000000E+000  0.0000000E+000 -0.7888947E+001  0.1000000E+001
010111998atmosph   8.792    09011998      19  0.0000000E+000  0.0000000E+000  0.0000000E+000  0.0000000E+000 -0.8184631E+001  0.1000000E+001
010111998atmosph   8.833    09011998      20  0.0000000E+000  0.0000000E+000  0.0000000E+000  0.0000000E+000 -0.8132996E+001  0.1000000E+001
010111998atmosph   8.875    09011998      21  0.0000000E+000  0.0000000E+000  0.0000000E+000  0.0000000E+000 -0.7885559E+001  0.1000000E+001
010111998atmosph   8.917    09011998      22  0.0000000E+000  0.0000000E+000  0.0000000E+000  0.0000000E+000 -0.7485382E+001  0.1000000E+001
010111998atmosph   8.958    09011998      23  0.0000000E+000  0.0000000E+000  0.0000000E+000  0.0000000E+000 -0.6317261E+001  0.1000000E+001
010111998atmosph   9.000    09011998      24  0.0000000E+000  0.0000000E+000  0.0000000E+000  0.0000000E+000 -0.4954468E+001  0.1000000E+001
010111998atmosph   9.042    10011998       1  0.0000000E+000  0.0000000E+000  0.0000000E+000  0.0000000E+000 -0.4318787E+001  0.1000000E+001
010111998atmosph   9.083    10011998       2  0.0000000E+000  0.0000000E+000  0.0000000E+000  0.0000000E+000 -0.4115295E+001  0.1000000E+001
010111998atmosph   9.125    10011998       3  0.0000000E+000  0.0000000E+000  0.0000000E+000  0.0000000E+000 -0.4055267E+001  0.1000000E+001
010111998atmosph   9.167    10011998       4  0.0000000E+000  0.0000000E+000  0.0000000E+000  0.0000000E+000 -0.3973480E+001  0.1000000E+001
010111998atmosph   9.208    10011998       5  0.0000000E+000  0.0000000E+000  0.0000000E+000  0.0000000E+000 -0.3255798E+001  0.1000000E+001
010111998atmosph   9.250    10011998       6  0.0000000E+000  0.0000000E+000  0.0000000E+000  0.0000000E+000 -0.4213287E+001  0.1000000E+001
010111998atmosph   9.292    10011998       7  0.0000000E+000  0.0000000E+000  0.0000000E+000  0.0000000E+000 -0.4406372E+001  0.1000000E+001
010111998atmosph   9.333    10011998       8  0.0000000E+000  0.0000000E+000  0.0000000E+000  0.0000000E+000 -0.5091461E+001  0.1000000E+001
010111998atmosph   9.375    10011998       9  0.0000000E+000  0.0000000E+000  0.0000000E+000  0.0000000E+000 -0.2101746E+001  0.1000000E+001
010111998atmosph   9.417    10011998      10  0.0000000E+000  0.0000000E+000  0.0000000E+000  0.0000000E+000 -0.1520264E+001  0.1000000E+001
010111998atmosph   9.458    10011998      11  0.0000000E+000  0.0000000E+000  0.0000000E+000  0.0000000E+000 -0.1151520E+001  0.1000000E+001
010111998atmosph   9.500    10011998      12  0.0000000E+000  0.0000000E+000  0.0000000E+000  0.0000000E+000 -0.7381592E+000  0.1000000E+001
010111998atmosph   9.542    10011998      13  0.0000000E+000  0.0000000E+000  0.0000000E+000  0.0000000E+000  0.4028320E-002  0.1000000E+001
010111998atmosph   9.583    10011998      14  0.0000000E+000  0.0000000E+000  0.0000000E+000  0.0000000E+000  0.5828857E-002  0.1000000E+001
010111998atmosph   9.625    10011998      15  0.0000000E+000  0.0000000E+000  0.0000000E+000  0.0000000E+000 -0.2566528E-001  0.1000000E+001
010111998atmosph   9.667    10011998      16  0.0000000E+000  0.0000000E+000  0.0000000E+000  0.0000000E+000 -0.9749146E+000  0.1000000E+001
010111998atmosph   9.708    10011998      17  0.0000000E+000  0.0000000E+000  0.0000000E+000  0.0000000E+000 -0.3236481E+001  0.1000000E+001
010111998atmosph   9.750    10011998      18  0.0000000E+000  0.0000000E+000  0.0000000E+000  0.0000000E+000 -0.3644073E+001  0.1000000E+001
010111998atmosph   9.792    10011998      19  0.0000000E+000  0.0000000E+000  0.0000000E+000  0.0000000E+000 -0.4018250E+001  0.1000000E+001
010111998atmosph   9.833    10011998      20  0.0000000E+000  0.0000000E+000  0.0000000E+000  0.0000000E+000 -0.5493408E+001  0.1000000E+001
010111998atmosph   9.875    10011998      21  0.0000000E+000  0.0000000E+000  0.0000000E+000  0.0000000E+000 -0.7566376E+001  0.1000000E+001
010111998atmosph   9.917    10011998      22  0.0000000E+000  0.0000000E+000  0.0000000E+000  0.0000000E+000 -0.9250488E+001  0.1000000E+001
010111998atmosph   9.958    10011998      23  0.0000000E+000  0.0000000E+000  0.0000000E+000  0.0000000E+000 -0.1072607E+002  0.1000000E+001
010111998atmosph  10.000    10011998      24  0.0000000E+000  0.0000000E+000  0.0000000E+000  0.0000000E+000 -0.1173889E+002  0.1000000E+001
010111998atmosph  10.042    11011998       1  0.0000000E+000  0.0000000E+000  0.0000000E+000  0.0000000E+000 -0.1252106E+002  0.1000000E+001
010111998atmosph  10.083    11011998       2  0.0000000E+000  0.0000000E+000  0.0000000E+000  0.0000000E+000 -0.1310373E+002  0.1000000E+001
010111998atmosph  10.125    11011998       3  0.0000000E+000  0.0000000E+000  0.0000000E+000  0.0000000E+000 -0.1370108E+002  0.1000000E+001
010111998atmosph  10.167    11011998       4  0.0000000E+000  0.0000000E+000  0.0000000E+000  0.0000000E+000 -0.1512531E+002  0.1000000E+001
010111998atmosph  10.208    11011998       5  0.0000000E+000  0.0000000E+000  0.0000000E+000  0.0000000E+000 -0.1499557E+002  0.1000000E+001
010111998atmosph  10.250    11011998       6  0.0000000E+000  0.0000000E+000  0.0000000E+000  0.0000000E+000 -0.1481772E+002  0.1000000E+001
010111998atmosph  10.292    11011998       7  0.0000000E+000  0.0000000E+000  0.0000000E+000  0.0000000E+000 -0.1433917E+002  0.1000000E+001
010111998atmosph  10.333    11011998       8  0.0000000E+000  0.0000000E+000  0.0000000E+000  0.0000000E+000 -0.1379285E+002  0.1000000E+001
010111998atmosph  10.375    11011998       9  0.0000000E+000  0.0000000E+000  0.0000000E+000  0.0000000E+000 -0.1103952E+002  0.1000000E+001
010111998atmosph  10.417    11011998      10  0.0000000E+000  0.0000000E+000  0.0000000E+000  0.0000000E+000 -0.9478699E+001  0.1000000E+001
010111998atmosph  10.458    11011998      11  0.0000000E+000  0.0000000E+000  0.0000000E+000  0.0000000E+000 -0.8847229E+001  0.1000000E+001
010111998atmosph  10.500    11011998      12  0.0000000E+000  0.0000000E+000  0.0000000E+000  0.0000000E+000 -0.8817444E+001  0.1000000E+001
010111998atmosph  10.542    11011998      13  0.0000000E+000  0.0000000E+000  0.0000000E+000  0.0000000E+000 -0.9144135E+001  0.1000000E+001
010111998atmosph  10.583    11011998      14  0.0000000E+000  0.0000000E+000  0.0000000E+000  0.0000000E+000 -0.9231140E+001  0.1000000E+001
010111998atmosph  10.625    11011998      15  0.0000000E+000  0.0000000E+000  0.0000000E+000  0.0000000E+000 -0.9718201E+001  0.1000000E+001
010111998atmosph  10.667    11011998      16  0.0000000E+000  0.0000000E+000  0.0000000E+000  0.0000000E+000 -0.1125436E+002  0.1000000E+001
010111998atmosph  10.708    11011998      17  0.0000000E+000  0.0000000E+000  0.0000000E+000  0.0000000E+000 -0.1521826E+002  0.1000000E+001
010111998atmosph  10.750    11011998      18  0.0000000E+000  0.0000000E+000  0.0000000E+000  0.0000000E+000 -0.1675974E+002  0.1000000E+001
010111998atmosph  10.792    11011998      19  0.0000000E+000  0.0000000E+000  0.0000000E+000  0.0000000E+000 -0.1750317E+002  0.1000000E+001
010111998atmosph  10.833    11011998      20  0.0000000E+000  0.0000000E+000  0.0000000E+000  0.0000000E+000 -0.1805399E+002  0.1000000E+001
010111998atmosph  10.875    11011998      21  0.0000000E+000  0.0000000E+000  0.0000000E+000  0.0000000E+000 -0.1886752E+002  0.1000000E+001
010111998atmosph  10.917    11011998      22  0.0000000E+000  0.0000000E+000  0.0000000E+000  0.0000000E+000 -0.1900565E+002  0.1000000E+001
010111998atmosph  10.958    11011998      23  0.0000000E+000  0.0000000E+000  0.0000000E+000  0.0000000E+000 -0.1993004E+002  0.1000000E+001
010111998atmosph  11.000    11011998      24  0.0000000E+000  0.0000000E+000  0.0000000E+000  0.0000000E+000 -0.2124435E+002  0.1000000E+001
010111998atmosph  11.042    12011998       1  0.0000000E+000  0.0000000E+000  0.0000000E+000  0.0000000E+000 -0.2221944E+002  0.1000000E+001
010111998atmosph  11.083    12011998       2  0.0000000E+000  0.0000000E+000  0.0000000E+000  0.0000000E+000 -0.2240225E+002  0.1000000E+001
010111998atmosph  11.125    12011998       3  0.0000000E+000  0.0000000E+000  0.0000000E+000  0.0000000E+000 -0.2255276E+002  0.1000000E+001
010111998atmosph  11.167    12011998       4  0.0000000E+000  0.0000000E+000  0.0000000E+000  0.0000000E+000 -0.2300882E+002  0.1000000E+001
010111998atmosph  11.208    12011998       5  0.0000000E+000  0.0000000E+000  0.0000000E+000  0.0000000E+000 -0.2375351E+002  0.1000000E+001
010111998atmosph  11.250    12011998       6  0.0000000E+000  0.0000000E+000  0.0000000E+000  0.0000000E+000 -0.2430299E+002  0.1000000E+001
