    DOY     DATE    SHOOT_P         LEAF_P          SHTH_P          STALK_P         RESERVE_P       HUSK_P          GRAIN_P         ROOT_P          NDL_P           STORED_P        UPTK_P          LITTER_P        [SOL_P]         P_STRESS        SF_LIT_P        P_STRESS        
010111998p_outs    1.000    01011998  0.0000000E+000  0.0000000E+000  0.0000000E+000  0.0000000E+000  0.0000000E+000  0.0000000E+000  0.0000000E+000  0.0000000E+000  0.0000000E+000  0.0000000E+000  0.0000000E+000  0.0000000E+000  0.1000000E+001  0.0000000E+000  0.0000000E+000  0.0000000E+000
010111998p_outs    2.000    02011998  0.0000000E+000  0.0000000E+000  0.0000000E+000  0.0000000E+000  0.0000000E+000  0.0000000E+000  0.0000000E+000  0.0000000E+000  0.0000000E+000  0.0000000E+000  0.0000000E+000  0.0000000E+000  0.1000000E+001  0.0000000E+000  0.0000000E+000  0.0000000E+000
010111998p_outs    3.000    03011998  0.0000000E+000  0.0000000E+000  0.0000000E+000  0.0000000E+000  0.0000000E+000  0.0000000E+000  0.0000000E+000  0.0000000E+000  0.0000000E+000  0.0000000E+000  0.0000000E+000  0.0000000E+000  0.1000000E+001  0.0000000E+000  0.0000000E+000  0.0000000E+000
010111998p_outs    4.000    04011998  0.0000000E+000  0.0000000E+000  0.0000000E+000  0.0000000E+000  0.0000000E+000  0.0000000E+000  0.0000000E+000  0.0000000E+000  0.0000000E+000  0.0000000E+000  0.0000000E+000  0.0000000E+000  0.1000000E+001  0.0000000E+000  0.0000000E+000  0.0000000E+000
010111998p_outs    5.000    05011998  0.0000000E+000  0.0000000E+000  0.0000000E+000  0.0000000E+000  0.0000000E+000  0.0000000E+000  0.0000000E+000  0.0000000E+000  0.0000000E+000  0.0000000E+000  0.0000000E+000  0.0000000E+000  0.1000000E+001  0.0000000E+000  0.0000000E+000  0.0000000E+000
010111998p_outs    6.000    06011998  0.0000000E+000  0.0000000E+000  0.0000000E+000  0.0000000E+000  0.0000000E+000  0.0000000E+000  0.0000000E+000  0.0000000E+000  0.0000000E+000  0.0000000E+000  0.0000000E+000  0.0000000E+000  0.1000000E+001  0.0000000E+000  0.0000000E+000  0.0000000E+000
010111998p_outs    7.000    07011998  0.0000000E+000  0.0000000E+000  0.0000000E+000  0.0000000E+000  0.0000000E+000  0.0000000E+000  0.0000000E+000  0.0000000E+000  0.0000000E+000  0.0000000E+000  0.0000000E+000  0.0000000E+000  0.1000000E+001  0.0000000E+000  0.0000000E+000  0.0000000E+000
010111998p_outs    8.000    08011998  0.0000000E+000  0.0000000E+000  0.0000000E+000  0.0000000E+000  0.0000000E+000  0.0000000E+000  0.0000000E+000  0.0000000E+000  0.0000000E+000  0.0000000E+000  0.0000000E+000  0.0000000E+000  0.1000000E+001  0.0000000E+000  0.0000000E+000  0.0000000E+000
010111998p_outs    9.000    09011998  0.0000000E+000  0.0000000E+000  0.0000000E+000  0.0000000E+000  0.0000000E+000  0.0000000E+000  0.0000000E+000  0.0000000E+000  0.0000000E+000  0.0000000E+000  0.0000000E+000  0.0000000E+000  0.1000000E+001  0.0000000E+000  0.0000000E+000  0.0000000E+000
010111998p_outs   10.000    10011998  0.0000000E+000  0.0000000E+000  0.0000000E+000  0.0000000E+000  0.0000000E+000  0.0000000E+000  0.0000000E+000  0.0000000E+000  0.0000000E+000  0.0000000E+000  0.0000000E+000  0.0000000E+000  0.1000000E+001  0.0000000E+000  0.0000000E+000  0.0000000E+000
010111998p_outs   11.000    11011998  0.0000000E+000  0.0000000E+000  0.0000000E+000  0.0000000E+000  0.0000000E+000  0.0000000E+000  0.0000000E+000  0.0000000E+000  0.0000000E+000  0.0000000E+000  0.0000000E+000  0.0000000E+000  0.1000000E+001  0.0000000E+000  0.0000000E+000  0.0000000E+000
010111998p_outs   12.000    12011998  0.0000000E+000  0.0000000E+000  0.0000000E+000  0.0000000E+000  0.0000000E+000  0.0000000E+000  0.0000000E+000  0.0000000E+000  0.0000000E+000  0.0000000E+000  0.0000000E+000  0.0000000E+000  0.1000000E+001  0.0000000E+000  0.0000000E+000  0.0000000E+000
010111998p_outs   13.000    13011998  0.0000000E+000  0.0000000E+000  0.0000000E+000  0.0000000E+000  0.0000000E+000  0.0000000E+000  0.0000000E+000  0.0000000E+000  0.0000000E+000  0.0000000E+000  0.0000000E+000  0.0000000E+000  0.1000000E+001  0.0000000E+000  0.0000000E+000  0.0000000E+000
010111998p_outs   14.000    14011998  0.0000000E+000  0.0000000E+000  0.0000000E+000  0.0000000E+000  0.0000000E+000  0.0000000E+000  0.0000000E+000  0.0000000E+000  0.0000000E+000  0.0000000E+000  0.0000000E+000  0.0000000E+000  0.1000000E+001  0.0000000E+000  0.0000000E+000  0.0000000E+000
010111998p_outs   15.000    15011998  0.0000000E+000  0.0000000E+000  0.0000000E+000  0.0000000E+000  0.0000000E+000  0.0000000E+000  0.0000000E+000  0.0000000E+000  0.0000000E+000  0.0000000E+000  0.0000000E+000  0.0000000E+000  0.1000000E+001  0.0000000E+000  0.0000000E+000  0.0000000E+000
010111998p_outs   16.000    16011998  0.0000000E+000  0.0000000E+000  0.0000000E+000  0.0000000E+000  0.0000000E+000  0.0000000E+000  0.0000000E+000  0.0000000E+000  0.0000000E+000  0.0000000E+000  0.0000000E+000  0.0000000E+000  0.1000000E+001  0.0000000E+000  0.0000000E+000  0.0000000E+000
010111998p_outs   17.000    17011998  0.0000000E+000  0.0000000E+000  0.0000000E+000  0.0000000E+000  0.0000000E+000  0.0000000E+000  0.0000000E+000  0.0000000E+000  0.0000000E+000  0.0000000E+000  0.0000000E+000  0.0000000E+000  0.1000000E+001  0.0000000E+000  0.0000000E+000  0.0000000E+000
010111998p_outs   18.000    18011998  0.0000000E+000  0.0000000E+000  0.0000000E+000  0.0000000E+000  0.0000000E+000  0.0000000E+000  0.0000000E+000  0.0000000E+000  0.0000000E+000  0.0000000E+000  0.0000000E+000  0.0000000E+000  0.1000000E+001  0.0000000E+000  0.0000000E+000  0.0000000E+000
010111998p_outs   19.000    19011998  0.0000000E+000  0.0000000E+000  0.0000000E+000  0.0000000E+000  0.0000000E+000  0.0000000E+000  0.0000000E+000  0.0000000E+000  0.0000000E+000  0.0000000E+000  0.0000000E+000  0.0000000E+000  0.1000000E+001  0.0000000E+000  0.0000000E+000  0.0000000E+000
010111998p_outs   20.000    20011998  0.0000000E+000  0.0000000E+000  0.0000000E+000  0.0000000E+000  0.0000000E+000  0.0000000E+000  0.0000000E+000  0.0000000E+000  0.0000000E+000  0.0000000E+000  0.0000000E+000  0.0000000E+000  0.1000000E+001  0.0000000E+000  0.0000000E+000  0.0000000E+000
010111998p_outs   21.000    21011998  0.0000000E+000  0.0000000E+000  0.0000000E+000  0.0000000E+000  0.0000000E+000  0.0000000E+000  0.0000000E+000  0.0000000E+000  0.0000000E+000  0.0000000E+000  0.0000000E+000  0.0000000E+000  0.1000000E+001  0.0000000E+000  0.0000000E+000  0.0000000E+000
010111998p_outs   22.000    22011998  0.0000000E+000  0.0000000E+000  0.0000000E+000  0.0000000E+000  0.0000000E+000  0.0000000E+000  0.0000000E+000  0.0000000E+000  0.0000000E+000  0.0000000E+000  0.0000000E+000  0.0000000E+000  0.1000000E+001  0.0000000E+000  0.0000000E+000  0.0000000E+000
010111998p_outs   23.000    23011998  0.0000000E+000  0.0000000E+000  0.0000000E+000  0.0000000E+000  0.0000000E+000  0.0000000E+000  0.0000000E+000  0.0000000E+000  0.0000000E+000  0.0000000E+000  0.0000000E+000  0.0000000E+000  0.1000000E+001  0.0000000E+000  0.0000000E+000  0.0000000E+000
010111998p_outs   24.000    24011998  0.0000000E+000  0.0000000E+000  0.0000000E+000  0.0000000E+000  0.0000000E+000  0.0000000E+000  0.0000000E+000  0.0000000E+000  0.0000000E+000  0.0000000E+000  0.0000000E+000  0.0000000E+000  0.1000000E+001  0.0000000E+000  0.0000000E+000  0.0000000E+000
010111998p_outs   25.000    25011998  0.0000000E+000  0.0000000E+000  0.0000000E+000  0.0000000E+000  0.0000000E+000  0.0000000E+000  0.0000000E+000  0.0000000E+000  0.0000000E+000  0.0000000E+000  0.0000000E+000  0.0000000E+000  0.1000000E+001  0.0000000E+000  0.0000000E+000  0.0000000E+000
010111998p_outs   26.000    26011998  0.0000000E+000  0.0000000E+000  0.0000000E+000  0.0000000E+000  0.0000000E+000  0.0000000E+000  0.0000000E+000  0.0000000E+000  0.0000000E+000  0.0000000E+000  0.0000000E+000  0.0000000E+000  0.1000000E+001  0.0000000E+000  0.0000000E+000  0.0000000E+000
010111998p_outs   27.000    27011998  0.0000000E+000  0.0000000E+000  0.0000000E+000  0.0000000E+000  0.0000000E+000  0.0000000E+000  0.0000000E+000  0.0000000E+000  0.0000000E+000  0.0000000E+000  0.0000000E+000  0.0000000E+000  0.1000000E+001  0.0000000E+000  0.0000000E+000  0.0000000E+000
010111998p_outs   28.000    28011998  0.0000000E+000  0.0000000E+000  0.0000000E+000  0.0000000E+000  0.0000000E+000  0.0000000E+000  0.0000000E+000  0.0000000E+000  0.0000000E+000  0.0000000E+000  0.0000000E+000  0.0000000E+000  0.1000000E+001  0.0000000E+000  0.0000000E+000  0.0000000E+000
