 1402001   1  0.35488850E+000
 1402001   1 -0.51295888E-002 -0.50684698E-002 -0.50901603E-002 -0.52273571E-002 -0.54268911E-002 -0.10325414E-001 -0.99999998E-002 -0.99999998E-002 -0.99999998E-002 -0.99999998E-002 -0.99999998E-002 -0.99999998E-002
 1402001   1 -0.16983919E+001 -0.16790504E+001 -0.16926641E+001 -0.16922930E+001 -0.16987259E+001 -0.16877295E+001 -0.12600000E+001 -0.12600000E+001 -0.12600000E+001 -0.12600000E+001 -0.12600000E+001 -0.12600000E+001
 1402001   1  0.16932623E+001  0.16739820E+001  0.16875740E+001  0.16870657E+001  0.16932991E+001  0.16774040E+001  0.12500000E+001  0.12500000E+001  0.12500000E+001  0.12500000E+001  0.12500000E+001  0.12500000E+001
 1402001   1  0.24599998E+002  0.24599998E+002  0.24599998E+002  0.16400000E+002  0.81999998E+001  0.81999998E+001  0.00000000E+000  0.00000000E+000  0.00000000E+000  0.00000000E+000  0.00000000E+000  0.00000000E+000
 1402001   1  0.15436500E+005  0.61746000E+005  0.77182500E+005  0.51455012E+005  0.15436501E+005  0.51454996E+005  0.00000000E+000  0.00000000E+000  0.00000000E+000  0.00000000E+000  0.00000000E+000  0.00000000E+000
 1402001   1  0.62248990E-004  0.13976099E+002  0.26303329E+001  0.10611374E+001  0.29667398E+000  0.18571086E-001  0.00000000E+000  0.00000000E+000  0.00000000E+000  0.00000000E+000  0.00000000E+000  0.00000000E+000
 1402001   1  0.62248991E-002  0.34940250E+003  0.52606659E+002  0.21222744E+002  0.98891325E+001  0.18571088E+000  0.00000000E+000  0.00000000E+000  0.00000000E+000  0.00000000E+000  0.00000000E+000  0.00000000E+000
 1402001   1  0.96702325E-011  0.52139385E-005  0.61788580E-006  0.30926770E-006  0.94749595E-007  0.67968284E-008  0.00000000E+000  0.00000000E+000  0.00000000E+000  0.00000000E+000  0.00000000E+000  0.00000000E+000
 1402001   1  0.17578418E-010  0.94778261E-005  0.11231845E-005  0.56218266E-006  0.17223454E-006  0.12355183E-007  0.00000000E+000  0.00000000E+000  0.00000000E+000  0.00000000E+000  0.00000000E+000  0.00000000E+000
 1402001   1  0.25000001E-003  0.25000001E-003  0.25000001E-003  0.25000001E-003  0.25000001E-003  0.25000001E-003  0.25000001E-003  0.25000001E-003  0.25000001E-003  0.25000001E-003  0.25000001E-003  0.25000001E-003
 1402001   1  0.99999997E-004  0.99999997E-004  0.99999997E-004  0.99999997E-004  0.99999997E-004  0.99999997E-004  0.99999997E-004  0.99999997E-004  0.99999997E-004  0.99999997E-004  0.99999997E-004  0.99999997E-004
 1402001   1  0.39111043E-007  0.95037920E-002  0.18992962E-002  0.83612971E-003  0.24300083E-003  0.16289723E-004  0.00000000E+000  0.00000000E+000  0.00000000E+000  0.00000000E+000  0.00000000E+000  0.00000000E+000
 1402001   1  0.10000000E-002  0.18267783E-002  0.10000000E-002  0.10000000E-002  0.10000000E-002  0.10000000E-002  0.10000000E-002  0.10000000E-002  0.10000000E-002  0.10000000E-002  0.10000000E-002  0.10000000E-002
 1402001   1  0.15728801E-004  0.21212606E-003  0.12168379E-003  0.49195503E-004  0.24120243E-004  0.73627357E-005  0.00000000E+000  0.00000000E+000  0.00000000E+000  0.00000000E+000  0.00000000E+000  0.00000000E+000
 1402001   1 -0.48544289E-008 -0.80751219E-004 -0.27039918E-004 -0.10924994E-004 -0.41397816E-005 -0.29175517E-005  0.00000000E+000  0.00000000E+000  0.00000000E+000  0.00000000E+000  0.00000000E+000  0.00000000E+000
 1402001   1  0.48544289E-008  0.80751219E-004  0.27039918E-004  0.10924994E-004  0.41397816E-005  0.29175517E-005  0.00000000E+000  0.00000000E+000  0.00000000E+000  0.00000000E+000  0.00000000E+000  0.00000000E+000
 1402001   1  0.18101076E-011  0.75110562E-004  0.19992060E-004  0.14790359E-004  0.60619268E-005  0.36038182E-006  0.00000000E+000  0.00000000E+000  0.00000000E+000  0.00000000E+000  0.00000000E+000  0.00000000E+000
 1402001   1  0.31809968E-008  0.88266082E-004  0.17664432E-004  0.88207944E-005  0.33984807E-005  0.12151668E-006  0.00000000E+000  0.00000000E+000  0.00000000E+000  0.00000000E+000  0.00000000E+000  0.00000000E+000
 1402001   1  0.87501087E-014  0.23109633E-007  0.10305138E-008  0.41538001E-009  0.11489599E-009  0.59593810E-011  0.00000000E+000  0.00000000E+000  0.00000000E+000  0.00000000E+000  0.00000000E+000  0.00000000E+000
 1402001   1  0.33970900E-014  0.34344179E-007  0.40397832E-008  0.17782938E-007  0.23150271E-008  0.61786382E-010  0.00000000E+000  0.00000000E+000  0.00000000E+000  0.00000000E+000  0.00000000E+000  0.00000000E+000
 1402001   1 -0.30705317E-010  0.57910274E-012  0.59255340E-012  0.52051191E-013  0.18727485E-013 -0.13933117E-011  0.00000000E+000  0.00000000E+000  0.00000000E+000  0.00000000E+000  0.00000000E+000  0.00000000E+000
 1402001   1  0.59371263E-009  0.14979162E-003  0.37543497E-004  0.26497661E-004  0.10671926E-004  0.70344493E-006  0.00000000E+000  0.00000000E+000  0.00000000E+000  0.00000000E+000  0.00000000E+000  0.00000000E+000
 1402001   1  0.72579276E-010  0.13878598E-005 -0.14551915E-010 -0.18189894E-011  0.90949470E-012 -0.45474735E-012  0.00000000E+000  0.00000000E+000  0.00000000E+000  0.00000000E+000  0.00000000E+000  0.00000000E+000
 1402001   1  0.70759290E-015  0.17813006E-008  0.79893259E-010  0.30234114E-010  0.82427667E-011  0.39889812E-012  0.00000000E+000  0.00000000E+000  0.00000000E+000  0.00000000E+000  0.00000000E+000  0.00000000E+000
 1402001   1  0.24733389E-013  0.50422560E-007  0.55883014E-008  0.23203626E-007  0.29639176E-008  0.95334698E-010  0.00000000E+000  0.00000000E+000  0.00000000E+000  0.00000000E+000  0.00000000E+000  0.00000000E+000
 1402001   1  0.52574779E-012  0.32603040E-009  0.35964842E-009  0.23370143E-010  0.81531136E-011  0.31169105E-012  0.00000000E+000  0.00000000E+000  0.00000000E+000  0.00000000E+000  0.00000000E+000  0.00000000E+000
 1402001   1  0.64369596E-006  0.14176233E+000  0.28585143E-001  0.17117277E-001  0.24385182E-002  0.10921870E-001  0.00000000E+000  0.00000000E+000  0.00000000E+000  0.00000000E+000  0.00000000E+000  0.00000000E+000
 1402001   1  0.11797550E-001  0.30466592E+000  0.10353059E+000  0.47545616E-001  0.15159609E-001  0.11431213E-001  0.00000000E+000  0.00000000E+000  0.00000000E+000  0.00000000E+000  0.00000000E+000  0.00000000E+000
 1402001   1  0.40230994E-007  0.88601410E-002  0.16488456E-002  0.72858913E-003  0.15240746E-003  0.18673709E-004  0.00000000E+000  0.00000000E+000  0.00000000E+000  0.00000000E+000  0.00000000E+000  0.00000000E+000
 1402001   1  0.43203352E-004  0.57617977E-003  0.32956270E-003  0.13269775E-003  0.64999484E-004  0.19706486E-004  0.00000000E+000  0.00000000E+000  0.00000000E+000  0.00000000E+000  0.00000000E+000  0.00000000E+000
 1402001   1  0.76386812E-014  0.12342678E-005  0.11338785E-006  0.41623696E-007  0.20896652E-007  0.25345059E-010  0.00000000E+000  0.00000000E+000  0.00000000E+000  0.00000000E+000  0.00000000E+000  0.00000000E+000
 1402001   1  0.91038288E-014  0.11258738E-004  0.11316552E-005  0.32082207E-006  0.10687108E-006  0.43255566E-009  0.00000000E+000  0.00000000E+000  0.00000000E+000  0.00000000E+000  0.00000000E+000  0.00000000E+000
 1402001   1  0.59672751E-014  0.61944693E-005  0.10408489E-005  0.42226813E-006  0.10343115E-006  0.12833485E-008  0.00000000E+000  0.00000000E+000  0.00000000E+000  0.00000000E+000  0.00000000E+000  0.00000000E+000
 1402001   1  0.00000000E+000  0.00000000E+000  0.16995756E-009  0.00000000E+000  0.00000000E+000  0.22650326E-011  0.00000000E+000  0.00000000E+000  0.00000000E+000  0.00000000E+000  0.00000000E+000  0.00000000E+000
 1402001   1  0.85348390E-016  0.27383757E-006  0.43434557E-007  0.20359947E-008  0.00000000E+000  0.00000000E+000  0.00000000E+000  0.00000000E+000  0.00000000E+000  0.00000000E+000  0.00000000E+000  0.00000000E+000
 1402001   1  0.00000000E+000  0.33578252E-006  0.49699153E-007  0.34902767E-008  0.00000000E+000  0.00000000E+000  0.00000000E+000  0.00000000E+000  0.00000000E+000  0.00000000E+000  0.00000000E+000  0.00000000E+000
 1402001   1  0.18314343E-015  0.10713837E-005  0.13707447E-006  0.74454278E-008  0.00000000E+000  0.00000000E+000  0.00000000E+000  0.00000000E+000  0.00000000E+000  0.00000000E+000  0.00000000E+000  0.00000000E+000
 1402001   1  0.40284887E-017  0.18313203E-007  0.11909811E-007  0.72341022E-009  0.00000000E+000  0.00000000E+000  0.00000000E+000  0.00000000E+000  0.00000000E+000  0.00000000E+000  0.00000000E+000  0.00000000E+000
 1402001   1  0.30874755E-003  0.38166040E+000  0.21450913E+000  0.20930724E+000  0.15613985E+000  0.39642081E+000  0.10000000E+001  0.10000000E+001  0.10000000E+001  0.10000000E+001  0.10000000E+001  0.10000000E+001
 1402001   1  0.11796907E-001  0.15622404E+000  0.70691399E-001  0.32673035E-001  0.10786929E-001  0.11132434E-001  0.00000000E+000  0.00000000E+000  0.00000000E+000  0.00000000E+000  0.00000000E+000  0.00000000E+000
 1402001   1  0.36987753E-003  0.70528314E-002  0.42689331E-002  0.16456619E-002  0.36309360E-003  0.33008467E-003  0.00000000E+000  0.00000000E+000  0.00000000E+000  0.00000000E+000  0.00000000E+000  0.00000000E+000
 1402001   1  0.52195875E-004  0.23568312E-002  0.94865181E-003  0.26202126E-003  0.53209220E-004  0.47367179E-004  0.00000000E+000  0.00000000E+000  0.00000000E+000  0.00000000E+000  0.00000000E+000  0.00000000E+000
 1402001   1  0.18237838E+000  0.13973074E+000  0.79814613E-001
 1402001   1  0.10781018E-001  0.80340356E-002  0.41747754E-002
 1402001   1  0.26952536E-003  0.20085098E-003  0.10436940E-003
 1402001   1  0.26952554E-004  0.20085090E-004  0.10436938E-004
 1402001   1  0.51455000E+004  0.20582000E+005  0.25727500E+005  0.25727506E+005  0.15436501E+005  0.51454996E+005  0.00000000E+000  0.00000000E+000  0.00000000E+000  0.00000000E+000  0.00000000E+000  0.00000000E+000
 1402001   1  0.00000000E+000  0.34677353E-001  0.50304592E-001  0.49916260E-001  0.30028416E-001  0.24518585E-002  0.00000000E+000  0.00000000E+000  0.00000000E+000  0.00000000E+000  0.00000000E+000  0.00000000E+000
 1402001   1  0.00000000E+000  0.22336033E-002  0.32401707E-002  0.32151551E-002  0.19341611E-002  0.15792670E-003  0.00000000E+000  0.00000000E+000  0.00000000E+000  0.00000000E+000  0.00000000E+000  0.00000000E+000
 1402001   1  0.00000000E+000  0.55840082E-004  0.81004291E-004  0.80378901E-004  0.48354028E-004  0.39481679E-005  0.00000000E+000  0.00000000E+000  0.00000000E+000  0.00000000E+000  0.00000000E+000  0.00000000E+000
 1402001   1  0.00000000E+000  0.55840101E-005  0.81004246E-005  0.80378923E-005  0.48354023E-005  0.39481677E-006  0.00000000E+000  0.00000000E+000  0.00000000E+000  0.00000000E+000  0.00000000E+000  0.00000000E+000
 1402001   1  0.21617385E-006  0.87727793E-001  0.13510950E-001  0.61612413E-002  0.24385182E-002  0.14085263E-003  0.00000000E+000  0.00000000E+000  0.00000000E+000  0.00000000E+000  0.00000000E+000  0.00000000E+000
 1402001   1  0.54043485E-008  0.21931939E-002  0.33777353E-003  0.15403108E-003  0.60962982E-004  0.35213161E-005  0.00000000E+000  0.00000000E+000  0.00000000E+000  0.00000000E+000  0.00000000E+000  0.00000000E+000
 1402001   1  0.54043459E-009  0.21931938E-003  0.33777364E-004  0.15403104E-004  0.60962984E-005  0.35213159E-006  0.00000000E+000  0.00000000E+000  0.00000000E+000  0.00000000E+000  0.00000000E+000  0.00000000E+000
 1402001   1  0.17064853E-003  0.69802528E+002  0.10750275E+002  0.49023223E+001  0.19402606E+001  0.11207243E+000  0.00000000E+000  0.00000000E+000  0.00000000E+000  0.00000000E+000  0.00000000E+000  0.00000000E+000
 1402001   1  0.51455000E+004  0.20582000E+005  0.25727500E+005  0.25727506E+005  0.00000000E+000  0.00000000E+000  0.00000000E+000  0.00000000E+000  0.00000000E+000  0.00000000E+000  0.00000000E+000  0.00000000E+000
 1402001   1  0.00000000E+000  0.34813594E-001  0.49952239E-001  0.39964952E-001  0.00000000E+000  0.00000000E+000  0.00000000E+000  0.00000000E+000  0.00000000E+000  0.00000000E+000  0.00000000E+000  0.00000000E+000
 1402001   1  0.00000000E+000  0.22423787E-002  0.32174757E-002  0.25741837E-002  0.00000000E+000  0.00000000E+000  0.00000000E+000  0.00000000E+000  0.00000000E+000  0.00000000E+000  0.00000000E+000  0.00000000E+000
 1402001   1  0.00000000E+000  0.56059464E-004  0.80436854E-004  0.64354579E-004  0.00000000E+000  0.00000000E+000  0.00000000E+000  0.00000000E+000  0.00000000E+000  0.00000000E+000  0.00000000E+000  0.00000000E+000
 1402001   1  0.00000000E+000  0.56059466E-005  0.80436857E-005  0.64354599E-005  0.00000000E+000  0.00000000E+000  0.00000000E+000  0.00000000E+000  0.00000000E+000  0.00000000E+000  0.00000000E+000  0.00000000E+000
 1402001   1  0.21418147E-006  0.46943747E-001  0.89313639E-002  0.29220008E-002  0.00000000E+000  0.00000000E+000  0.00000000E+000  0.00000000E+000  0.00000000E+000  0.00000000E+000  0.00000000E+000  0.00000000E+000
 1402001   1  0.53545368E-008  0.11735930E-002  0.22328408E-003  0.73050061E-004  0.00000000E+000  0.00000000E+000  0.00000000E+000  0.00000000E+000  0.00000000E+000  0.00000000E+000  0.00000000E+000  0.00000000E+000
 1402001   1  0.53545379E-009  0.11735935E-003  0.22328417E-004  0.73050032E-005  0.00000000E+000  0.00000000E+000  0.00000000E+000  0.00000000E+000  0.00000000E+000  0.00000000E+000  0.00000000E+000  0.00000000E+000
 1402001   1  0.17019645E-003  0.37351784E+002  0.71064305E+001  0.23249524E+001  0.00000000E+000  0.00000000E+000  0.00000000E+000  0.00000000E+000  0.00000000E+000  0.00000000E+000  0.00000000E+000  0.00000000E+000
 1402001   1  0.51455000E+004  0.20582000E+005  0.25727500E+005  0.00000000E+000  0.00000000E+000  0.00000000E+000  0.00000000E+000  0.00000000E+000  0.00000000E+000  0.00000000E+000  0.00000000E+000  0.00000000E+000
 1402001   1  0.00000000E+000  0.34211572E-001  0.30603051E-001  0.00000000E+000  0.00000000E+000  0.00000000E+000  0.00000000E+000  0.00000000E+000  0.00000000E+000  0.00000000E+000  0.00000000E+000  0.00000000E+000
 1402001   1  0.00000000E+000  0.22036019E-002  0.19711733E-002  0.00000000E+000  0.00000000E+000  0.00000000E+000  0.00000000E+000  0.00000000E+000  0.00000000E+000  0.00000000E+000  0.00000000E+000  0.00000000E+000
 1402001   1  0.00000000E+000  0.55090044E-004  0.49279341E-004  0.00000000E+000  0.00000000E+000  0.00000000E+000  0.00000000E+000  0.00000000E+000  0.00000000E+000  0.00000000E+000  0.00000000E+000  0.00000000E+000
 1402001   1  0.00000000E+000  0.55090036E-005  0.49279342E-005  0.00000000E+000  0.00000000E+000  0.00000000E+000  0.00000000E+000  0.00000000E+000  0.00000000E+000  0.00000000E+000  0.00000000E+000  0.00000000E+000
 1402001   1  0.21334063E-006  0.70907865E-002  0.19680518E-002  0.00000000E+000  0.00000000E+000  0.00000000E+000  0.00000000E+000  0.00000000E+000  0.00000000E+000  0.00000000E+000  0.00000000E+000  0.00000000E+000
 1402001   1  0.53335154E-008  0.17726963E-003  0.49201306E-004  0.00000000E+000  0.00000000E+000  0.00000000E+000  0.00000000E+000  0.00000000E+000  0.00000000E+000  0.00000000E+000  0.00000000E+000  0.00000000E+000
 1402001   1  0.53335159E-009  0.17726961E-004  0.49201299E-005  0.00000000E+000  0.00000000E+000  0.00000000E+000  0.00000000E+000  0.00000000E+000  0.00000000E+000  0.00000000E+000  0.00000000E+000  0.00000000E+000
 1402001   1  0.16959675E-003  0.56419368E+001  0.15659231E+001  0.00000000E+000  0.00000000E+000  0.00000000E+000  0.00000000E+000  0.00000000E+000  0.00000000E+000  0.00000000E+000  0.00000000E+000  0.00000000E+000
 1402001   1  0.35488850E+000
 1402001   1 -0.51295888E-002 -0.50684698E-002 -0.50901603E-002 -0.52273571E-002 -0.54268911E-002 -0.10325414E-001 -0.99999998E-002 -0.99999998E-002 -0.99999998E-002 -0.99999998E-002 -0.99999998E-002 -0.99999998E-002
 1402001   1 -0.16980975E+001 -0.17030748E+001 -0.17037321E+001 -0.17059491E+001 -0.17095249E+001 -0.17138628E+001 -0.12600000E+001 -0.12600000E+001 -0.12600000E+001 -0.12600000E+001 -0.12600000E+001 -0.12600000E+001
 1402001   1  0.16929679E+001  0.16980064E+001  0.16986420E+001  0.17007217E+001  0.17040980E+001  0.17035373E+001  0.12500000E+001  0.12500000E+001  0.12500000E+001  0.12500000E+001  0.12500000E+001  0.12500000E+001
 1402001   1  0.00000000E+000  0.00000000E+000  0.00000000E+000  0.00000000E+000  0.00000000E+000  0.00000000E+000  0.00000000E+000  0.00000000E+000  0.00000000E+000  0.00000000E+000  0.00000000E+000  0.00000000E+000
 1402001   1  0.15436500E+005  0.61746000E+005  0.77182500E+005  0.51455012E+005  0.15436501E+005  0.51454996E+005  0.00000000E+000  0.00000000E+000  0.00000000E+000  0.00000000E+000  0.00000000E+000  0.00000000E+000
 1402001   1  0.82278661E-001  0.44227123E+001  0.21552498E+002  0.91550255E+001  0.10166166E+001  0.21780458E+000  0.00000000E+000  0.00000000E+000  0.00000000E+000  0.00000000E+000  0.00000000E+000  0.00000000E+000
 1402001   1  0.82278662E+001  0.11056781E+003  0.43104996E+003  0.18310046E+003  0.33887218E+002  0.21780460E+001  0.00000000E+000  0.00000000E+000  0.00000000E+000  0.00000000E+000  0.00000000E+000  0.00000000E+000
 1402001   1  0.81191885E-011  0.42916076E-009  0.20921427E-008  0.88978430E-009  0.99001862E-010  0.21203648E-010  0.00000000E+000  0.00000000E+000  0.00000000E+000  0.00000000E+000  0.00000000E+000  0.00000000E+000
 1402001   1  0.14758951E-010  0.78012258E-009  0.38030685E-008  0.16174379E-008  0.17996424E-009  0.38543703E-010  0.00000000E+000  0.00000000E+000  0.00000000E+000  0.00000000E+000  0.00000000E+000  0.00000000E+000
 1402001   1  0.24999999E-005  0.24999999E-005  0.24999999E-005  0.24999999E-005  0.24999999E-005  0.24999999E-005  0.24999999E-005  0.24999999E-005  0.24999999E-005  0.24999999E-005  0.24999999E-005  0.24999999E-005
 1402001   1  0.24999999E-005  0.24999999E-005  0.24999999E-005  0.24999999E-005  0.24999999E-005  0.24999999E-005  0.24999999E-005  0.24999999E-005  0.24999999E-005  0.24999999E-005  0.24999999E-005  0.24999999E-005
 1402001   1  0.12923920E-005  0.69469752E-004  0.33853584E-003  0.14380255E-003  0.15968504E-004  0.34211653E-005  0.00000000E+000  0.00000000E+000  0.00000000E+000  0.00000000E+000  0.00000000E+000  0.00000000E+000
 1402001   1  0.10000000E-002  0.10000000E-002  0.22897741E-002  0.14589678E-002  0.10000000E-002  0.10000000E-002  0.10000000E-002  0.10000000E-002  0.10000000E-002  0.10000000E-002  0.10000000E-002  0.10000000E-002
 1402001   1  0.11340680E-005  0.14558840E-004  0.96169815E-005  0.50887747E-005  0.20264361E-005  0.14498963E-005  0.00000000E+000  0.00000000E+000  0.00000000E+000  0.00000000E+000  0.00000000E+000  0.00000000E+000
 1402001   1 -0.32584971E-009 -0.29469307E-007 -0.85917449E-007 -0.23379322E-007 -0.14280612E-008 -0.15088590E-007  0.00000000E+000  0.00000000E+000  0.00000000E+000  0.00000000E+000  0.00000000E+000  0.00000000E+000
 1402001   1  0.32584971E-009  0.29469307E-007  0.85917449E-007  0.23379322E-007  0.14280612E-008  0.15088590E-007  0.00000000E+000  0.00000000E+000  0.00000000E+000  0.00000000E+000  0.00000000E+000  0.00000000E+000
 1402001   1  0.00000000E+000  0.00000000E+000  0.00000000E+000  0.00000000E+000  0.00000000E+000  0.00000000E+000  0.00000000E+000  0.00000000E+000  0.00000000E+000  0.00000000E+000  0.00000000E+000  0.00000000E+000
 1402001   1  0.00000000E+000  0.00000000E+000  0.00000000E+000  0.00000000E+000  0.00000000E+000  0.00000000E+000  0.00000000E+000  0.00000000E+000  0.00000000E+000  0.00000000E+000  0.00000000E+000  0.00000000E+000
 1402001   1  0.00000000E+000  0.00000000E+000  0.00000000E+000  0.00000000E+000  0.00000000E+000  0.00000000E+000  0.00000000E+000  0.00000000E+000  0.00000000E+000  0.00000000E+000  0.00000000E+000  0.00000000E+000
 1402001   1  0.00000000E+000  0.00000000E+000  0.00000000E+000  0.00000000E+000  0.00000000E+000  0.00000000E+000  0.00000000E+000  0.00000000E+000  0.00000000E+000  0.00000000E+000  0.00000000E+000  0.00000000E+000
 1402001   1  0.00000000E+000  0.00000000E+000  0.00000000E+000  0.00000000E+000  0.00000000E+000  0.00000000E+000  0.00000000E+000  0.00000000E+000  0.00000000E+000  0.00000000E+000  0.00000000E+000  0.00000000E+000
 1402001   1  0.11142039E-009  0.78572473E-008  0.40173699E-007  0.15616592E-007  0.18020603E-008  0.53464366E-009  0.00000000E+000  0.00000000E+000  0.00000000E+000  0.00000000E+000  0.00000000E+000  0.00000000E+000
 1402001   1  0.00000000E+000  0.00000000E+000  0.00000000E+000  0.00000000E+000  0.00000000E+000  0.00000000E+000  0.00000000E+000  0.00000000E+000  0.00000000E+000  0.00000000E+000  0.00000000E+000  0.00000000E+000
 1402001   1  0.00000000E+000  0.00000000E+000  0.00000000E+000  0.00000000E+000  0.00000000E+000  0.00000000E+000  0.00000000E+000  0.00000000E+000  0.00000000E+000  0.00000000E+000  0.00000000E+000  0.00000000E+000
 1402001   1  0.00000000E+000  0.00000000E+000  0.00000000E+000  0.00000000E+000  0.00000000E+000  0.00000000E+000  0.00000000E+000  0.00000000E+000  0.00000000E+000  0.00000000E+000  0.00000000E+000  0.00000000E+000
 1402001   1  0.00000000E+000  0.00000000E+000  0.00000000E+000  0.00000000E+000  0.00000000E+000  0.00000000E+000  0.00000000E+000  0.00000000E+000  0.00000000E+000  0.00000000E+000  0.00000000E+000  0.00000000E+000
 1402001   1  0.54054516E-006  0.28487135E-004  0.13882175E-003  0.58968435E-004  0.65481236E-005  0.14029011E-005  0.00000000E+000  0.00000000E+000  0.00000000E+000  0.00000000E+000  0.00000000E+000  0.00000000E+000
 1402001   1  0.85231132E-003  0.77255489E-002  0.37212612E-002  0.16922314E-002  0.66472730E-003  0.46384110E-003  0.00000000E+000  0.00000000E+000  0.00000000E+000  0.00000000E+000  0.00000000E+000  0.00000000E+000
 1402001   1  0.33784069E-007  0.17804452E-005  0.86763612E-005  0.36855249E-005  0.40925778E-006  0.87681315E-007  0.00000000E+000  0.00000000E+000  0.00000000E+000  0.00000000E+000  0.00000000E+000  0.00000000E+000
 1402001   1  0.31099994E-005  0.39528059E-004  0.26038741E-004  0.13718701E-004  0.55558053E-005  0.37916548E-005  0.00000000E+000  0.00000000E+000  0.00000000E+000  0.00000000E+000  0.00000000E+000  0.00000000E+000
 1402001   1  0.24762413E-012  0.24587620E-010  0.74718398E-009  0.24564314E-009  0.54185987E-011  0.44281024E-011  0.00000000E+000  0.00000000E+000  0.00000000E+000  0.00000000E+000  0.00000000E+000  0.00000000E+000
 1402001   1  0.23305801E-012  0.16407284E-009  0.62049366E-008  0.16705598E-008  0.22373568E-010  0.59662851E-010  0.00000000E+000  0.00000000E+000  0.00000000E+000  0.00000000E+000  0.00000000E+000  0.00000000E+000
 1402001   1  0.21029844E-012  0.12363728E-009  0.82178584E-008  0.26443927E-008  0.27478997E-010  0.55030824E-010  0.00000000E+000  0.00000000E+000  0.00000000E+000  0.00000000E+000  0.00000000E+000  0.00000000E+000
 1402001   1  0.00000000E+000  0.00000000E+000  0.81570303E-012  0.00000000E+000  0.00000000E+000  0.10196288E-012  0.00000000E+000  0.00000000E+000  0.00000000E+000  0.00000000E+000  0.00000000E+000  0.00000000E+000
 1402001   1  0.72830629E-014  0.37289282E-011  0.23865140E-009  0.93223207E-011  0.00000000E+000  0.00000000E+000  0.00000000E+000  0.00000000E+000  0.00000000E+000  0.00000000E+000  0.00000000E+000  0.00000000E+000
 1402001   1  0.00000000E+000  0.74578564E-011  0.23865140E-009  0.29831426E-010  0.00000000E+000  0.00000000E+000  0.00000000E+000  0.00000000E+000  0.00000000E+000  0.00000000E+000  0.00000000E+000  0.00000000E+000
 1402001   1  0.63726799E-014  0.62707170E-011  0.42579698E-009  0.17282708E-010  0.00000000E+000  0.00000000E+000  0.00000000E+000  0.00000000E+000  0.00000000E+000  0.00000000E+000  0.00000000E+000  0.00000000E+000
 1402001   1  0.14224733E-015  0.16432411E-012  0.37391246E-010  0.16787460E-011  0.00000000E+000  0.00000000E+000  0.00000000E+000  0.00000000E+000  0.00000000E+000  0.00000000E+000  0.00000000E+000  0.00000000E+000
 1402001   1  0.28872900E-003  0.20242562E-002  0.88466229E-002  0.45311116E-002  0.71485969E-003  0.10422402E-001  0.10000000E+001  0.10000000E+001  0.10000000E+001  0.10000000E+001  0.10000000E+001  0.10000000E+001
 1402001   1  0.85177080E-003  0.76970616E-002  0.35824394E-002  0.16332630E-002  0.65817917E-003  0.46243821E-003  0.00000000E+000  0.00000000E+000  0.00000000E+000  0.00000000E+000  0.00000000E+000  0.00000000E+000
 1402001   1  0.26910191E-004  0.34962449E-003  0.22393517E-003  0.85147629E-004  0.27907676E-004  0.93165590E-005  0.00000000E+000  0.00000000E+000  0.00000000E+000  0.00000000E+000  0.00000000E+000  0.00000000E+000
 1402001   1  0.37323341E-005  0.11550207E-003  0.49308470E-004  0.13282868E-004  0.39631650E-005  0.13218880E-005  0.00000000E+000  0.00000000E+000  0.00000000E+000  0.00000000E+000  0.00000000E+000  0.00000000E+000
 1402001   1  0.15000000E-001  0.15000000E-001  0.15000000E-001
 1402001   1  0.00000000E+000  0.00000000E+000  0.00000000E+000
 1402001   1  0.00000000E+000  0.00000000E+000  0.00000000E+000
 1402001   1  0.00000000E+000  0.00000000E+000  0.00000000E+000
 1402001   1  0.51455000E+004  0.20582000E+005  0.25727500E+005  0.25727506E+005  0.15436501E+005  0.51454996E+005  0.00000000E+000  0.00000000E+000  0.00000000E+000  0.00000000E+000  0.00000000E+000  0.00000000E+000
 1402001   1  0.00000000E+000  0.00000000E+000  0.00000000E+000  0.00000000E+000  0.00000000E+000  0.00000000E+000  0.00000000E+000  0.00000000E+000  0.00000000E+000  0.00000000E+000  0.00000000E+000  0.00000000E+000
 1402001   1  0.00000000E+000  0.00000000E+000  0.00000000E+000  0.00000000E+000  0.00000000E+000  0.00000000E+000  0.00000000E+000  0.00000000E+000  0.00000000E+000  0.00000000E+000  0.00000000E+000  0.00000000E+000
 1402001   1  0.00000000E+000  0.00000000E+000  0.00000000E+000  0.00000000E+000  0.00000000E+000  0.00000000E+000  0.00000000E+000  0.00000000E+000  0.00000000E+000  0.00000000E+000  0.00000000E+000  0.00000000E+000
 1402001   1  0.00000000E+000  0.00000000E+000  0.00000000E+000  0.00000000E+000  0.00000000E+000  0.00000000E+000  0.00000000E+000  0.00000000E+000  0.00000000E+000  0.00000000E+000  0.00000000E+000  0.00000000E+000
 1402001   1  0.19703997E-006  0.14314367E-004  0.87521927E-004  0.47102076E-004  0.65481236E-005  0.14029011E-005  0.00000000E+000  0.00000000E+000  0.00000000E+000  0.00000000E+000  0.00000000E+000  0.00000000E+000
 1402001   1  0.49260005E-008  0.35785894E-006  0.21880485E-005  0.11775516E-005  0.16370319E-006  0.35072524E-007  0.00000000E+000  0.00000000E+000  0.00000000E+000  0.00000000E+000  0.00000000E+000  0.00000000E+000
 1402001   1  0.49260007E-009  0.35785924E-007  0.21880487E-006  0.11775509E-006  0.16370311E-007  0.35072527E-008  0.00000000E+000  0.00000000E+000  0.00000000E+000  0.00000000E+000  0.00000000E+000  0.00000000E+000
 1402001   1  0.24375682E+000  0.18223255E+002  0.11142195E+003  0.59964443E+002  0.83362560E+001  0.17859975E+001  0.00000000E+000  0.00000000E+000  0.00000000E+000  0.00000000E+000  0.00000000E+000  0.00000000E+000
 1402001   1  0.51455000E+004  0.20582000E+005  0.25727500E+005  0.25727506E+005  0.00000000E+000  0.00000000E+000  0.00000000E+000  0.00000000E+000  0.00000000E+000  0.00000000E+000  0.00000000E+000  0.00000000E+000
 1402001   1  0.00000000E+000  0.00000000E+000  0.00000000E+000  0.00000000E+000  0.00000000E+000  0.00000000E+000  0.00000000E+000  0.00000000E+000  0.00000000E+000  0.00000000E+000  0.00000000E+000  0.00000000E+000
 1402001   1  0.00000000E+000  0.00000000E+000  0.00000000E+000  0.00000000E+000  0.00000000E+000  0.00000000E+000  0.00000000E+000  0.00000000E+000  0.00000000E+000  0.00000000E+000  0.00000000E+000  0.00000000E+000
 1402001   1  0.00000000E+000  0.00000000E+000  0.00000000E+000  0.00000000E+000  0.00000000E+000  0.00000000E+000  0.00000000E+000  0.00000000E+000  0.00000000E+000  0.00000000E+000  0.00000000E+000  0.00000000E+000
 1402001   1  0.00000000E+000  0.00000000E+000  0.00000000E+000  0.00000000E+000  0.00000000E+000  0.00000000E+000  0.00000000E+000  0.00000000E+000  0.00000000E+000  0.00000000E+000  0.00000000E+000  0.00000000E+000
 1402001   1  0.17527528E-006  0.11860941E-004  0.47325568E-004  0.11866361E-004  0.00000000E+000  0.00000000E+000  0.00000000E+000  0.00000000E+000  0.00000000E+000  0.00000000E+000  0.00000000E+000  0.00000000E+000
 1402001   1  0.43818820E-008  0.29652361E-006  0.11831396E-005  0.29665912E-006  0.00000000E+000  0.00000000E+000  0.00000000E+000  0.00000000E+000  0.00000000E+000  0.00000000E+000  0.00000000E+000  0.00000000E+000
 1402001   1  0.43818807E-009  0.29652353E-007  0.11831395E-006  0.29665902E-007  0.00000000E+000  0.00000000E+000  0.00000000E+000  0.00000000E+000  0.00000000E+000  0.00000000E+000  0.00000000E+000  0.00000000E+000
 1402001   1  0.21693648E+000  0.15099858E+002  0.60249001E+002  0.15106761E+002  0.00000000E+000  0.00000000E+000  0.00000000E+000  0.00000000E+000  0.00000000E+000  0.00000000E+000  0.00000000E+000  0.00000000E+000
 1402001   1  0.51455000E+004  0.20582000E+005  0.25727500E+005  0.00000000E+000  0.00000000E+000  0.00000000E+000  0.00000000E+000  0.00000000E+000  0.00000000E+000  0.00000000E+000  0.00000000E+000  0.00000000E+000
 1402001   1  0.00000000E+000  0.00000000E+000  0.00000000E+000  0.00000000E+000  0.00000000E+000  0.00000000E+000  0.00000000E+000  0.00000000E+000  0.00000000E+000  0.00000000E+000  0.00000000E+000  0.00000000E+000
