    DOY     DATE    HOUR    SOIL_CO2_FLUX   ECO_CO2_FLUX    CH4_FLUX        O2_FLUX         CO2_1           CO2_2           CO2_3           CO2_4           CH4_15          O2_1            O2_2            O2_3            O2_4            O2_5            O2_6            O2_7            O2_8            O2_9            
010101999soil_c_   0.042    01011999       1 -0.1427811E-001 -0.1427811E-001  0.1259162E-004  0.3195009E+000  0.1061533E+002  0.4534591E+001  0.3157539E+001  0.3178910E+001  0.0000000E+000  0.1231447E+000  0.1220625E+002  0.1335969E+002  0.1341003E+002  0.1345937E+002  0.1345837E+002  0.1349006E+002  0.1351330E+002  0.1321557E+002
010101999soil_c_   0.083    01011999       2 -0.1266693E-001 -0.1266693E-001  0.1277317E-004  0.3351143E+000  0.1061116E+002  0.4566566E+001  0.3162201E+001  0.3183265E+001  0.0000000E+000  0.1242028E+000  0.1218428E+002  0.1336360E+002  0.1341358E+002  0.1346193E+002  0.1346048E+002  0.1349153E+002  0.1351360E+002  0.1321575E+002
010101999soil_c_   0.125    01011999       3 -0.1274339E-001 -0.1274339E-001  0.1271254E-004  0.3310201E+000  0.1061085E+002  0.4598881E+001  0.3166868E+001  0.3187593E+001  0.0000000E+000  0.1251640E+000  0.1216142E+002  0.1336686E+002  0.1341677E+002  0.1346427E+002  0.1346247E+002  0.1349299E+002  0.1351390E+002  0.1321596E+002
010101999soil_c_   0.167    01011999       4 -0.1430949E-001 -0.1430949E-001  0.1248769E-004  0.3114345E+000  0.1060956E+002  0.4631502E+001  0.3171496E+001  0.3191892E+001  0.0000000E+000  0.1263666E+000  0.1213735E+002  0.1337007E+002  0.1341967E+002  0.1346638E+002  0.1346428E+002  0.1349430E+002  0.1351420E+002  0.1321618E+002
010101999soil_c_   0.208    01011999       5 -0.1426490E-001 -0.1426490E-001  0.1249688E-004  0.3123784E+000  0.1060267E+002  0.4664031E+001  0.3176037E+001  0.3196151E+001  0.0000000E+000  0.1274439E+000  0.1211082E+002  0.1337338E+002  0.1342257E+002  0.1346846E+002  0.1346603E+002  0.1349557E+002  0.1351448E+002  0.1321640E+002
010101999soil_c_   0.250    01011999       6 -0.1433388E-001 -0.1433388E-001  0.1248466E-004  0.3113360E+000  0.1059503E+002  0.4696699E+001  0.3180527E+001  0.3200376E+001  0.0000000E+000  0.1283942E+000  0.1208267E+002  0.1337675E+002  0.1342559E+002  0.1347061E+002  0.1346783E+002  0.1349683E+002  0.1351475E+002  0.1321662E+002
010101999soil_c_   0.292    01011999       7 -0.1429155E-001 -0.1429155E-001  0.1242319E-004  0.3058159E+000  0.1058788E+002  0.4729943E+001  0.3184868E+001  0.3204611E+001  0.0000000E+000  0.1289233E+000  0.1205275E+002  0.1337924E+002  0.1342872E+002  0.1347292E+002  0.1346970E+002  0.1349813E+002  0.1351505E+002  0.1321686E+002
010101999soil_c_   0.333    01011999       8 -0.1432092E-001 -0.1432092E-001  0.1252430E-004  0.3172220E+000  0.1058130E+002  0.4763477E+001  0.3189152E+001  0.3208841E+001  0.0000000E+000  0.1302442E+000  0.1202186E+002  0.1338251E+002  0.1343135E+002  0.1347495E+002  0.1347145E+002  0.1349943E+002  0.1351537E+002  0.1321712E+002
010101999soil_c_   0.375    01011999       9 -0.1435730E-001 -0.1435730E-001  0.1245984E-004  0.3099442E+000  0.1057575E+002  0.4797251E+001  0.3193462E+001  0.3213038E+001  0.0000000E+000  0.1311631E+000  0.1199105E+002  0.1338674E+002  0.1343469E+002  0.1347740E+002  0.1347341E+002  0.1350075E+002  0.1351566E+002  0.1321734E+002
010101999soil_c_   0.417    01011999      10 -0.1431666E-001 -0.1431666E-001  0.1244202E-004  0.3093883E+000  0.1057054E+002  0.4831327E+001  0.3197779E+001  0.3217211E+001  0.0000000E+000  0.1317258E+000  0.1195938E+002  0.1339009E+002  0.1343767E+002  0.1347970E+002  0.1347539E+002  0.1350218E+002  0.1351596E+002  0.1321758E+002
010101999soil_c_   0.458    01011999      11 -0.1437698E-001 -0.1437698E-001  0.1244104E-004  0.3097908E+000  0.1056443E+002  0.4865671E+001  0.3202061E+001  0.3221347E+001  0.0000000E+000  0.1323701E+000  0.1192669E+002  0.1339353E+002  0.1344053E+002  0.1348190E+002  0.1347725E+002  0.1350354E+002  0.1351629E+002  0.1321783E+002
010101999soil_c_   0.500    01011999      12 -0.1434519E-001 -0.1434519E-001  0.1240933E-004  0.3068133E+000  0.1055699E+002  0.4900253E+001  0.3206305E+001  0.3225458E+001  0.0000000E+000  0.1327593E+000  0.1189275E+002  0.1339693E+002  0.1344346E+002  0.1348412E+002  0.1347913E+002  0.1350488E+002  0.1351661E+002  0.1321810E+002
010101999soil_c_   0.542    01011999      13 -0.1440809E-001 -0.1440809E-001  0.1239120E-004  0.3056484E+000  0.1054791E+002  0.4935045E+001  0.3210510E+001  0.3229542E+001  0.0000000E+000  0.1328761E+000  0.1185717E+002  0.1339994E+002  0.1344620E+002  0.1348620E+002  0.1348094E+002  0.1350620E+002  0.1351691E+002  0.1321836E+002
010101999soil_c_   0.583    01011999      14 -0.1437480E-001 -0.1437480E-001  0.1239608E-004  0.3065434E+000  0.1053722E+002  0.4970025E+001  0.3214673E+001  0.3233588E+001  0.0000000E+000  0.1330058E+000  0.1181995E+002  0.1340301E+002  0.1344883E+002  0.1348819E+002  0.1348264E+002  0.1350743E+002  0.1351721E+002  0.1321863E+002
010101999soil_c_   0.625    01011999      15 -0.1443780E-001 -0.1443780E-001  0.1243218E-004  0.3104909E+000  0.1052585E+002  0.5005236E+001  0.3218790E+001  0.3237600E+001  0.0000000E+000  0.1332658E+000  0.1178139E+002  0.1340635E+002  0.1345158E+002  0.1349024E+002  0.1348433E+002  0.1350866E+002  0.1351752E+002  0.1321891E+002
010101999soil_c_   0.667    01011999      16 -0.1440097E-001 -0.1440097E-001  0.1250542E-004  0.3180193E+000  0.1051550E+002  0.5040824E+001  0.3222894E+001  0.3241586E+001  0.0000000E+000  0.1338945E+000  0.1174218E+002  0.1341051E+002  0.1345479E+002  0.1349253E+002  0.1348624E+002  0.1350998E+002  0.1351783E+002  0.1321919E+002
010101999soil_c_   0.708    01011999      17 -0.1444126E-001 -0.1444126E-001  0.1256894E-004  0.3242989E+000  0.1050823E+002  0.5077025E+001  0.3227034E+001  0.3245544E+001  0.0000000E+000  0.1348591E+000  0.1170318E+002  0.1341583E+002  0.1345872E+002  0.1349541E+002  0.1348853E+002  0.1351154E+002  0.1351817E+002  0.1321948E+002
010101999soil_c_   0.750    01011999      18 -0.1443325E-001 -0.1443325E-001  0.1258354E-004  0.3261520E+000  0.1050617E+002  0.5114162E+001  0.3231229E+001  0.3249489E+001  0.0000000E+000  0.1358386E+000  0.1166506E+002  0.1342187E+002  0.1346338E+002  0.1349885E+002  0.1349131E+002  0.1351343E+002  0.1351858E+002  0.1321978E+002
010101999soil_c_   0.792    01011999      19 -0.1441881E-001 -0.1441881E-001  0.1256616E-004  0.3258176E+000  0.1050988E+002  0.5152492E+001  0.3235494E+001  0.3253433E+001  0.0000000E+000  0.1367389E+000  0.1162792E+002  0.1342804E+002  0.1346833E+002  0.1350263E+002  0.1349442E+002  0.1351562E+002  0.1351912E+002  0.1322011E+002
010101999soil_c_   0.833    01011999      20 -0.1439112E-001 -0.1439112E-001  0.1254009E-004  0.3254590E+000  0.1051850E+002  0.5192161E+001  0.3239826E+001  0.3257391E+001  0.0000000E+000  0.1375944E+000  0.1159153E+002  0.1343410E+002  0.1347331E+002  0.1350650E+002  0.1349768E+002  0.1351796E+002  0.1351974E+002  0.1322044E+002
010101999soil_c_   0.875    01011999      21 -0.1439732E-001 -0.1439732E-001  0.1252204E-004  0.3260936E+000  0.1053092E+002  0.5233232E+001  0.3244210E+001  0.3261370E+001  0.0000000E+000  0.1386898E+000  0.1155570E+002  0.1344030E+002  0.1347834E+002  0.1351044E+002  0.1350099E+002  0.1352036E+002  0.1352041E+002  0.1322078E+002
010101999soil_c_   0.917    01011999      22 -0.1434919E-001 -0.1434919E-001  0.1247887E-004  0.3243645E+000  0.1054618E+002  0.5275736E+001  0.3248636E+001  0.3265368E+001  0.0000000E+000  0.1398291E+000  0.1152022E+002  0.1344648E+002  0.1348348E+002  0.1351446E+002  0.1350436E+002  0.1352281E+002  0.1352113E+002  0.1322112E+002
010101999soil_c_   0.958    01011999      23 -0.1429267E-001 -0.1429267E-001  0.1244261E-004  0.3238624E+000  0.1056335E+002  0.5319653E+001  0.3253096E+001  0.3269388E+001  0.0000000E+000  0.1410346E+000  0.1148467E+002  0.1345251E+002  0.1348852E+002  0.1351842E+002  0.1350771E+002  0.1352529E+002  0.1352187E+002  0.1322150E+002
010101999soil_c_   1.000    01011999      24 -0.1428094E-001 -0.1428094E-001  0.1242690E-004  0.3253828E+000  0.1058162E+002  0.5364966E+001  0.3257599E+001  0.3273426E+001  0.0000000E+000  0.1426091E+000  0.1144896E+002  0.1345872E+002  0.1349357E+002  0.1352238E+002  0.1351107E+002  0.1352775E+002  0.1352261E+002  0.1322188E+002
010101999soil_c_   1.042    02011999       1 -0.1424976E-001 -0.1424976E-001  0.1241713E-004  0.3274884E+000  0.1060057E+002  0.5411635E+001  0.3262137E+001  0.3277478E+001  0.0000000E+000  0.1445000E+000  0.1141294E+002  0.1346524E+002  0.1349876E+002  0.1352644E+002  0.1351450E+002  0.1353024E+002  0.1352338E+002  0.1322228E+002
010101999soil_c_   1.083    02011999       2 -0.1416193E-001 -0.1416193E-001  0.1240838E-004  0.3296840E+000  0.1062009E+002  0.5459654E+001  0.3266714E+001  0.3281552E+001  0.0000000E+000  0.1467532E+000  0.1137660E+002  0.1347215E+002  0.1350428E+002  0.1353071E+002  0.1351809E+002  0.1353285E+002  0.1352416E+002  0.1322271E+002
010101999soil_c_   1.125    02011999       3 -0.1416376E-001 -0.1416376E-001  0.1231733E-004  0.3233185E+000  0.1064016E+002  0.5510127E+001  0.3271337E+001  0.3285652E+001  0.0000000E+000  0.1488019E+000  0.1133877E+002  0.1347913E+002  0.1351003E+002  0.1353521E+002  0.1352187E+002  0.1353557E+002  0.1352497E+002  0.1322315E+002
010101999soil_c_   1.167    02011999       4 -0.1413374E-001 -0.1413374E-001  0.1227196E-004  0.3228666E+000  0.1066025E+002  0.5561455E+001  0.3276028E+001  0.3289775E+001  0.0000000E+000  0.1505320E+000  0.1130085E+002  0.1348503E+002  0.1351522E+002  0.1353943E+002  0.1352550E+002  0.1353828E+002  0.1352583E+002  0.1322360E+002
010101999soil_c_   1.208    02011999       5 -0.1406813E-001 -0.1406813E-001  0.1228794E-004  0.3274529E+000  0.1067978E+002  0.5613480E+001  0.3280762E+001  0.3293924E+001  0.0000000E+000  0.1534046E+000  0.1126318E+002  0.1349178E+002  0.1352051E+002  0.1354360E+002  0.1352901E+002  0.1354088E+002  0.1352668E+002  0.1322405E+002
010101999soil_c_   1.250    02011999       6 -0.1402983E-001 -0.1402983E-001  0.1224459E-004  0.3260410E+000  0.1069888E+002  0.5666210E+001  0.3285548E+001  0.3298094E+001  0.0000000E+000  0.1562832E+000  0.1122551E+002  0.1349867E+002  0.1352606E+002  0.1354800E+002  0.1353269E+002  0.1354357E+002  0.1352752E+002  0.1322451E+002
010101999soil_c_   1.292    02011999       7 -0.1398681E-001 -0.1398681E-001  0.1220260E-004  0.3252612E+000  0.1071759E+002  0.5719662E+001  0.3290367E+001  0.3302308E+001  0.0000000E+000  0.1592883E+000  0.1118750E+002  0.1350552E+002  0.1353172E+002  0.1355243E+002  0.1353644E+002  0.1354632E+002  0.1352839E+002  0.1322500E+002
010101999soil_c_   1.333    02011999       8 -0.1394401E-001 -0.1394401E-001  0.1213323E-004  0.3219843E+000  0.1073573E+002  0.5774128E+001  0.3295155E+001  0.3306571E+001  0.0000000E+000  0.1622947E+000  0.1114847E+002  0.1351189E+002  0.1353745E+002  0.1355699E+002  0.1354027E+002  0.1354911E+002  0.1352927E+002  0.1322549E+002
010101999soil_c_   1.375    02011999       9 -0.1391318E-001 -0.1391318E-001  0.1196401E-004  0.3088512E+000  0.1075294E+002  0.5829458E+001  0.3299911E+001  0.3310898E+001  0.0000000E+000  0.1644611E+000  0.1110813E+002  0.1351771E+002  0.1354263E+002  0.1356135E+002  0.1354406E+002  0.1355192E+002  0.1353017E+002  0.1322598E+002
010101999soil_c_   1.417    02011999      10 -0.1384617E-001 -0.1384617E-001  0.1180680E-004  0.2981657E+000  0.1076687E+002  0.5885041E+001  0.3304687E+001  0.3315239E+001  0.0000000E+000  0.1656287E+000  0.1106574E+002  0.1352201E+002  0.1354673E+002  0.1356489E+002  0.1354728E+002  0.1355444E+002  0.1353106E+002  0.1322649E+002
010101999soil_c_   1.458    02011999      11 -0.1382544E-001 -0.1382544E-001  0.1166846E-004  0.2894932E+000  0.1077480E+002  0.5940473E+001  0.3309419E+001  0.3319589E+001  0.0000000E+000  0.1659630E+000  0.1102008E+002  0.1352495E+002  0.1354977E+002  0.1356762E+002  0.1354983E+002  0.1355651E+002  0.1353184E+002  0.1322702E+002
010101999soil_c_   1.500    02011999      12 -0.1381851E-001 -0.1381851E-001  0.1155999E-004  0.2833062E+000  0.1077537E+002  0.5995353E+001  0.3314067E+001  0.3323934E+001  0.0000000E+000  0.1658378E+000  0.1097042E+002  0.1352717E+002  0.1355203E+002  0.1356962E+002  0.1355173E+002  0.1355809E+002  0.1353247E+002  0.1322751E+002
010101999soil_c_   1.542    02011999      13 -0.1375021E-001 -0.1375021E-001  0.1149136E-004  0.2809508E+000  0.1076843E+002  0.6049325E+001  0.3318602E+001  0.3328254E+001  0.0000000E+000  0.1651539E+000  0.1091619E+002  0.1352872E+002  0.1355368E+002  0.1357107E+002  0.1355314E+002  0.1355926E+002  0.1353293E+002  0.1322801E+002
010101999soil_c_   1.583    02011999      14 -0.1370108E-001 -0.1370108E-001  0.1147083E-004  0.2827284E+000  0.1075484E+002  0.6102164E+001  0.3323044E+001  0.3332534E+001  0.0000000E+000  0.1643947E+000  0.1085747E+002  0.1353041E+002  0.1355516E+002  0.1357224E+002  0.1355421E+002  0.1356011E+002  0.1353327E+002  0.1322847E+002
010101999soil_c_   1.625    02011999      15 -0.1370403E-001 -0.1370403E-001  0.1145809E-004  0.2847072E+000  0.1073660E+002  0.6153794E+001  0.3327407E+001  0.3336780E+001  0.0000000E+000  0.1634994E+000  0.1079461E+002  0.1353249E+002  0.1355680E+002  0.1357345E+002  0.1355522E+002  0.1356087E+002  0.1353350E+002  0.1322892E+002
010101999soil_c_   1.667    02011999      16 -0.1370806E-001 -0.1370806E-001  0.1147884E-004  0.2900673E+000  0.1071612E+002  0.6204354E+001  0.3331722E+001  0.3340982E+001  0.0000000E+000  0.1625917E+000  0.1072826E+002  0.1353502E+002  0.1355874E+002  0.1357485E+002  0.1355637E+002  0.1356168E+002  0.1353368E+002  0.1322935E+002
010101999soil_c_   1.708    02011999      17 -0.1363491E-001 -0.1363491E-001  0.1153239E-004  0.2984469E+000  0.1069609E+002  0.6254105E+001  0.3336022E+001  0.3345143E+001  0.0000000E+000  0.1621936E+000  0.1065940E+002  0.1353860E+002  0.1356123E+002  0.1357664E+002  0.1355777E+002  0.1356260E+002  0.1353386E+002  0.1322976E+002
010101999soil_c_   1.750    02011999      18 -0.1362086E-001 -0.1362086E-001  0.1148136E-004  0.2961318E+000  0.1067945E+002  0.6303496E+001  0.3340359E+001  0.3349281E+001  0.0000000E+000  0.1615780E+000  0.1058905E+002  0.1354296E+002  0.1356448E+002  0.1357900E+002  0.1355963E+002  0.1356383E+002  0.1353410E+002  0.1323015E+002
010101999soil_c_   1.792    02011999      19 -0.1362432E-001 -0.1362432E-001  0.1142683E-004  0.2954131E+000  0.1066723E+002  0.6352935E+001  0.3344755E+001  0.3353423E+001  0.0000000E+000  0.1603150E+000  0.1051740E+002  0.1354701E+002  0.1356784E+002  0.1358153E+002  0.1356174E+002  0.1356527E+002  0.1353442E+002  0.1323053E+002
010101999soil_c_   1.833    02011999      20 -0.1354238E-001 -0.1354238E-001  0.1137548E-004  0.2954285E+000  0.1065867E+002  0.6402631E+001  0.3349195E+001  0.3357563E+001  0.0000000E+000  0.1590496E+000  0.1044467E+002  0.1355115E+002  0.1357115E+002  0.1358414E+002  0.1356390E+002  0.1356681E+002  0.1353480E+002  0.1323091E+002
010101999soil_c_   1.875    02011999      21 -0.1347714E-001 -0.1347714E-001  0.1131219E-004  0.2947239E+000  0.1065300E+002  0.6452727E+001  0.3353676E+001  0.3361721E+001  0.0000000E+000  0.1576403E+000  0.1037088E+002  0.1355527E+002  0.1357452E+002  0.1358677E+002  0.1356612E+002  0.1356838E+002  0.1353518E+002  0.1323128E+002
010101999soil_c_   1.917    02011999      22 -0.1344667E-001 -0.1344667E-001  0.1126250E-004  0.2958094E+000  0.1064945E+002  0.6503277E+001  0.3358192E+001  0.3365892E+001  0.0000000E+000  0.1562989E+000  0.1029598E+002  0.1355945E+002  0.1357794E+002  0.1358944E+002  0.1356837E+002  0.1356999E+002  0.1353558E+002  0.1323165E+002
010101999soil_c_   1.958    02011999      23 -0.1335092E-001 -0.1335092E-001  0.1117010E-004  0.2926058E+000  0.1064754E+002  0.6554347E+001  0.3362749E+001  0.3370090E+001  0.0000000E+000  0.1548274E+000  0.1022002E+002  0.1356374E+002  0.1358149E+002  0.1359219E+002  0.1357064E+002  0.1357162E+002  0.1353599E+002  0.1323201E+002
010101999soil_c_   2.000    02011999      24 -0.1046086E-001 -0.1046086E-001  0.1148794E-004  0.3297991E+000  0.1064980E+002  0.6606168E+001  0.3367359E+001  0.3374299E+001  0.0000000E+000  0.1531730E+000  0.1014302E+002  0.1356774E+002  0.1358486E+002  0.1359486E+002  0.1357292E+002  0.1357326E+002  0.1353641E+002  0.1323237E+002
010101999soil_c_   2.042    03011999       1 -0.7549982E-002 -0.7549982E-002  0.1180028E-004  0.3689967E+000  0.1066444E+002  0.6659951E+001  0.3372114E+001  0.3378549E+001  0.0000000E+000  0.1526625E+000  0.1006710E+002  0.1357222E+002  0.1358826E+002  0.1359752E+002  0.1357514E+002  0.1357485E+002  0.1353683E+002  0.1323274E+002
010101999soil_c_   2.083    03011999       2 -0.6179038E-002 -0.6179038E-002  0.1179888E-004  0.3799042E+000  0.1068736E+002  0.6715981E+001  0.3377009E+001  0.3382853E+001  0.0000000E+000  0.1522980E+000  0.9992271E+001  0.1357671E+002  0.1359181E+002  0.1360027E+002  0.1357742E+002  0.1357648E+002  0.1353725E+002  0.1323310E+002
010101999soil_c_   2.125    03011999       3 -0.4873159E-002 -0.4873159E-002  0.1182074E-004  0.3948883E+000  0.1070991E+002  0.6773581E+001  0.3381967E+001  0.3387214E+001  0.0000000E+000  0.1517368E+000  0.9916690E+001  0.1358062E+002  0.1359507E+002  0.1360284E+002  0.1357962E+002  0.1357806E+002  0.1353764E+002  0.1323344E+002
010101999soil_c_   2.167    03011999       4 -0.7839383E-003 -0.7839383E-003  0.1228700E-004  0.4525471E+000  0.1072996E+002  0.6832315E+001  0.3386963E+001  0.3391634E+001  0.0000000E+000  0.1516751E+000  0.9839682E+001  0.1358474E+002  0.1359827E+002  0.1360530E+002  0.1358169E+002  0.1357953E+002  0.1353801E+002  0.1323379E+002
010101999soil_c_   2.208    03011999       5 -0.3165071E-002 -0.3165071E-002  0.1179567E-004  0.4188140E+000  0.1074799E+002  0.6892171E+001  0.3392024E+001  0.3396094E+001  0.0000000E+000  0.1521364E+000  0.9761491E+001  0.1358938E+002  0.1360174E+002  0.1360794E+002  0.1358385E+002  0.1358105E+002  0.1353836E+002  0.1323413E+002
010101999soil_c_   2.250    03011999       6 -0.5635110E-002 -0.5635110E-002  0.1129090E-004  0.3815192E+000  0.1075504E+002  0.6951878E+001  0.3397077E+001  0.3400592E+001  0.0000000E+000  0.1519523E+000  0.9680080E+001  0.1359413E+002  0.1360547E+002  0.1361080E+002  0.1358619E+002  0.1358266E+002  0.1353870E+002  0.1323445E+002
010101999soil_c_   2.292    03011999       7 -0.4371129E-002 -0.4371129E-002  0.1132938E-004  0.3950901E+000  0.1075209E+002  0.7011862E+001  0.3401964E+001  0.3405179E+001  0.0000000E+000  0.1506372E+000  0.9593207E+001  0.1359813E+002  0.1360932E+002  0.1361390E+002  0.1358870E+002  0.1358439E+002  0.1353906E+002  0.1323478E+002
010101999soil_c_   2.333    03011999       8 -0.1876469E-002 -0.1876469E-002  0.1156674E-004  0.4280465E+000  0.1074531E+002  0.7070967E+001  0.3406899E+001  0.3409771E+001  0.0000000E+000  0.1489109E+000  0.9503215E+001  0.1360224E+002  0.1361274E+002  0.1361672E+002  0.1359111E+002  0.1358611E+002  0.1353945E+002  0.1323510E+002
010101999soil_c_   2.375    03011999       9 -0.7341165E-003 -0.7341165E-003  0.1160242E-004  0.4420414E+000  0.1073795E+002  0.7129474E+001  0.3411901E+001  0.3414380E+001  0.0000000E+000  0.1471877E+000  0.9410757E+001  0.1360648E+002  0.1361612E+002  0.1361945E+002  0.1359342E+002  0.1358776E+002  0.1353980E+002  0.1323543E+002
010101999soil_c_   2.417    03011999      10 -0.3283121E-002 -0.3283121E-002  0.1108577E-004  0.4033227E+000  0.1072854E+002  0.7187309E+001  0.3416943E+001  0.3419011E+001  0.0000000E+000  0.1451936E+000  0.9315665E+001  0.1361056E+002  0.1361943E+002  0.1362212E+002  0.1359567E+002  0.1358935E+002  0.1354015E+002  0.1323576E+002
010101999soil_c_   2.458    03011999      11 -0.2241988E-002 -0.2241988E-002  0.1110228E-004  0.4156362E+000  0.1071424E+002  0.7244005E+001  0.3421988E+001  0.3423664E+001  0.0000000E+000  0.1424888E+000  0.9217124E+001  0.1361428E+002  0.1362254E+002  0.1362468E+002  0.1359786E+002  0.1359091E+002  0.1354049E+002  0.1323608E+002
010101999soil_c_   2.500    03011999      12 -0.3612250E-002 -0.3612250E-002  0.1075283E-004  0.3923868E+000  0.1069615E+002  0.7299456E+001  0.3427027E+001  0.3428339E+001  0.0000000E+000  0.1394233E+000  0.9115095E+001  0.1361785E+002  0.1362556E+002  0.1362714E+002  0.1359993E+002  0.1359240E+002  0.1354081E+002  0.1323640E+002
010101999soil_c_   2.542    03011999      13 -0.1582764E-002 -0.1582764E-002  0.1092542E-004  0.4200970E+000  0.1067452E+002  0.7353551E+001  0.3432063E+001  0.3433028E+001  0.0000000E+000  0.1359606E+000  0.9009372E+001  0.1362099E+002  0.1362834E+002  0.1362938E+002  0.1360188E+002  0.1359380E+002  0.1354108E+002  0.1323671E+002
010101999soil_c_   2.583    03011999      14  0.2706965E-003  0.2706965E-003  0.1109425E-004  0.4474793E+000  0.1065047E+002  0.7406315E+001  0.3437097E+001  0.3437727E+001  0.0000000E+000  0.1324176E+000  0.8900168E+001  0.1362402E+002  0.1363097E+002  0.1363152E+002  0.1360369E+002  0.1359510E+002  0.1354132E+002  0.1323703E+002
010101999soil_c_   2.625    03011999      15 -0.2874771E-002 -0.2874771E-002  0.1049373E-004  0.3999632E+000  0.1062470E+002  0.7457813E+001  0.3442136E+001  0.3442442E+001  0.0000000E+000  0.1290478E+000  0.8787789E+001  0.1362711E+002  0.1363360E+002  0.1363362E+002  0.1360542E+002  0.1359633E+002  0.1354152E+002  0.1323731E+002
010101999soil_c_   2.667    03011999      16 -0.9829187E-003 -0.9829187E-003  0.1066212E-004  0.4267015E+000  0.1059703E+002  0.7507996E+001  0.3447180E+001  0.3447165E+001  0.0000000E+000  0.1255565E+000  0.8672349E+001  0.1363027E+002  0.1363628E+002  0.1363575E+002  0.1360718E+002  0.1359753E+002  0.1354168E+002  0.1323758E+002
010101999soil_c_   2.708    03011999      17 -0.2942797E-002 -0.2942797E-002  0.1028429E-004  0.4005780E+000  0.1056831E+002  0.7556979E+001  0.3452236E+001  0.3451905E+001  0.0000000E+000  0.1224597E+000  0.8554070E+001  0.1363343E+002  0.1363897E+002  0.1363786E+002  0.1360894E+002  0.1359871E+002  0.1354182E+002  0.1323783E+002
010101999soil_c_   2.750    03011999      18 -0.1776167E-002 -0.1776167E-002  0.1037495E-004  0.4180557E+000  0.1053899E+002  0.7604848E+001  0.3457299E+001  0.3456648E+001  0.0000000E+000  0.1198027E+000  0.8433555E+001  0.1363712E+002  0.1364193E+002  0.1364014E+002  0.1361079E+002  0.1359993E+002  0.1354195E+002  0.1323806E+002
010101999soil_c_   2.792    03011999      19 -0.7075775E-003 -0.7075775E-003  0.1042718E-004  0.4320200E+000  0.1051030E+002  0.7651778E+001  0.3462404E+001  0.3461406E+001  0.0000000E+000  0.1169718E+000  0.8311216E+001  0.1364103E+002  0.1364515E+002  0.1364263E+002  0.1361280E+002  0.1360127E+002  0.1354209E+002  0.1323828E+002
010101999soil_c_   2.833    03011999      20  0.1158606E-002  0.1158606E-002  0.1060399E-004  0.4596196E+000  0.1048284E+002  0.7697987E+001  0.3467543E+001  0.3466177E+001  0.0000000E+000  0.1139891E+000  0.8187154E+001  0.1364470E+002  0.1364833E+002  0.1364520E+002  0.1361495E+002  0.1360272E+002  0.1354226E+002  0.1323850E+002
010101999soil_c_   2.875    03011999      21 -0.1645003E-002 -0.1645003E-002  0.1008318E-004  0.4192453E+000  0.1045679E+002  0.7743616E+001  0.3472726E+001  0.3470965E+001  0.0000000E+000  0.1115215E+000  0.8061674E+001  0.1364855E+002  0.1365158E+002  0.1364778E+002  0.1361708E+002  0.1360417E+002  0.1354243E+002  0.1323870E+002
010101999soil_c_   2.917    03011999      22 -0.2200263E-002 -0.2200263E-002  0.9943155E-005  0.4152422E+000  0.1043212E+002  0.7788778E+001  0.3477956E+001  0.3475781E+001  0.0000000E+000  0.1097524E+000  0.7935321E+001  0.1365309E+002  0.1365518E+002  0.1365057E+002  0.1361933E+002  0.1360568E+002  0.1354258E+002  0.1323888E+002
010101999soil_c_   2.958    03011999      23 -0.4994036E-002 -0.4994036E-002  0.9404248E-005  0.3710622E+000  0.1040913E+002  0.7833607E+001  0.3483244E+001  0.3480621E+001  0.0000000E+000  0.1081997E+000  0.7808661E+001  0.1365840E+002  0.1365934E+002  0.1365376E+002  0.1362188E+002  0.1360736E+002  0.1354277E+002  0.1323906E+002
010101999soil_c_   3.000    03011999      24 -0.8141281E-002 -0.8141281E-002  0.8776156E-005  0.3193710E+000  0.1038785E+002  0.7878239E+001  0.3488605E+001  0.3485489E+001  0.0000000E+000  0.1062001E+000  0.7681442E+001  0.1366355E+002  0.1366369E+002  0.1365721E+002  0.1362467E+002  0.1360922E+002  0.1354300E+002  0.1323923E+002
010101999soil_c_   3.042    04011999       1 -0.9129726E-002 -0.9129726E-002  0.8491561E-005  0.3018109E+000  0.1036820E+002  0.7922755E+001  0.3494023E+001  0.3490397E+001  0.0000000E+000  0.1041817E+000  0.7553505E+001  0.1366840E+002  0.1366793E+002  0.1366061E+002  0.1362751E+002  0.1361118E+002  0.1354328E+002  0.1323939E+002
010101999soil_c_   3.083    04011999       2 -0.9031223E-002 -0.9031223E-002  0.8401812E-005  0.3032976E+000  0.1035017E+002  0.7967217E+001  0.3499501E+001  0.3495348E+001  0.0000000E+000  0.1025413E+000  0.7424980E+001  0.1367328E+002  0.1367210E+002  0.1366398E+002  0.1363030E+002  0.1361312E+002  0.1354356E+002  0.1323955E+002
010101999soil_c_   3.125    04011999       3 -0.1000616E-001 -0.1000616E-001  0.8216209E-005  0.2948795E+000  0.1033367E+002  0.8011716E+001  0.3505015E+001  0.3500333E+001  0.0000000E+000  0.1017259E+000  0.7296189E+001  0.1367837E+002  0.1367634E+002  0.1366737E+002  0.1363311E+002  0.1361505E+002  0.1354386E+002  0.1323971E+002
010101999soil_c_   3.167    04011999       4 -0.9929509E-002 -0.9929509E-002  0.8107952E-005  0.2917663E+000  0.1031887E+002  0.8056273E+001  0.3510586E+001  0.3505347E+001  0.0000000E+000  0.1006604E+000  0.7167647E+001  0.1368399E+002  0.1368096E+002  0.1367102E+002  0.1363607E+002  0.1361708E+002  0.1354415E+002  0.1323985E+002
010101999soil_c_   3.208    04011999       5 -0.9854165E-002 -0.9854165E-002  0.8002893E-005  0.2906951E+000  0.1030580E+002  0.8100943E+001  0.3516215E+001  0.3510400E+001  0.0000000E+000  0.9954137E-001  0.7039089E+001  0.1368944E+002  0.1368561E+002  0.1367477E+002  0.1363916E+002  0.1361920E+002  0.1354446E+002  0.1323999E+002
010101999soil_c_   3.250    04011999       6 -0.9753752E-002 -0.9753752E-002  0.7922154E-005  0.2927375E+000  0.1029451E+002  0.8145811E+001  0.3521912E+001  0.3515489E+001  0.0000000E+000  0.9864585E-001  0.6910534E+001  0.1369488E+002  0.1369022E+002  0.1367850E+002  0.1364226E+002  0.1362135E+002  0.1354481E+002  0.1324014E+002
010101999soil_c_   3.292    04011999       7 -0.9659387E-002 -0.9659387E-002  0.7781880E-005  0.2890879E+000  0.1028505E+002  0.8189941E+001  0.3527681E+001  0.3520614E+001  0.0000000E+000  0.9766985E-001  0.6783580E+001  0.1370033E+002  0.1369486E+002  0.1368226E+002  0.1364538E+002  0.1362349E+002  0.1354515E+002  0.1324028E+002
010101999soil_c_   3.333    04011999       8 -0.9520046E-002 -0.9520046E-002  0.7625574E-005  0.2869738E+000  0.1027728E+002  0.8234138E+001  0.3533552E+001  0.3525807E+001  0.0000000E+000  0.9663429E-001  0.6656330E+001  0.1370570E+002  0.1369946E+002  0.1368599E+002  0.1364847E+002  0.1362566E+002  0.1354549E+002  0.1324042E+002
010101999soil_c_   3.375    04011999       9 -0.9377625E-002 -0.9377625E-002  0.7436195E-005  0.2820413E+000  0.1027117E+002  0.8278933E+001  0.3539507E+001  0.3531061E+001  0.0000000E+000  0.9540406E-001  0.6527725E+001  0.1371086E+002  0.1370395E+002  0.1368966E+002  0.1365154E+002  0.1362780E+002  0.1354582E+002  0.1324055E+002
010101999soil_c_   3.417    04011999      10 -0.9225081E-002 -0.9225081E-002  0.7254646E-005  0.2787986E+000  0.1026653E+002  0.8324358E+001  0.3545548E+001  0.3536380E+001  0.0000000E+000  0.9412558E-001  0.6397554E+001  0.1371564E+002  0.1370817E+002  0.1369316E+002  0.1365446E+002  0.1362985E+002  0.1354613E+002  0.1324070E+002
010101999soil_c_   3.458    04011999      11 -0.9137299E-002 -0.9137299E-002  0.7148471E-005  0.2766764E+000  0.1026320E+002  0.8376394E+001  0.3551475E+001  0.3541749E+001  0.0000000E+000  0.9283561E-001  0.6256948E+001  0.1372036E+002  0.1371236E+002  0.1369654E+002  0.1365728E+002  0.1363181E+002  0.1354641E+002  0.1324082E+002
010101999soil_c_   3.500    04011999      12 -0.9204343E-002 -0.9204343E-002  0.7128276E-005  0.2727298E+000  0.1026124E+002  0.8429267E+001  0.3557204E+001  0.3547048E+001  0.0000000E+000  0.9175403E-001  0.6117656E+001  0.1372399E+002  0.1371592E+002  0.1369957E+002  0.1365988E+002  0.1363363E+002  0.1354663E+002  0.1324092E+002
010101999soil_c_   3.542    04011999      13 -0.9282741E-002 -0.9282741E-002  0.7159483E-005  0.2730592E+000  0.1026033E+002  0.8481380E+001  0.3562828E+001  0.3552263E+001  0.0000000E+000  0.9110501E-001  0.5982877E+001  0.1372720E+002  0.1371904E+002  0.1370215E+002  0.1366212E+002  0.1363522E+002  0.1354678E+002  0.1324102E+002
010101999soil_c_   3.583    04011999      14 -0.9370953E-002 -0.9370953E-002  0.7167311E-005  0.2701406E+000  0.1026018E+002  0.8532725E+001  0.3568353E+001  0.3557402E+001  0.0000000E+000  0.9058668E-001  0.5852775E+001  0.1373033E+002  0.1372193E+002  0.1370455E+002  0.1366417E+002  0.1363664E+002  0.1354688E+002  0.1324109E+002
010101999soil_c_   3.625    04011999      15 -0.9445815E-002 -0.9445815E-002  0.7222021E-005  0.2724067E+000  0.1026054E+002  0.8583307E+001  0.3573791E+001  0.3562476E+001  0.0000000E+000  0.9033205E-001  0.5727189E+001  0.1373320E+002  0.1372468E+002  0.1370679E+002  0.1366605E+002  0.1363792E+002  0.1354691E+002  0.1324115E+002
010101999soil_c_   3.667    04011999      16 -0.9537955E-002 -0.9537955E-002  0.7280328E-005  0.2738025E+000  0.1026139E+002  0.8633203E+001  0.3579151E+001  0.3567486E+001  0.0000000E+000  0.9043432E-001  0.5606418E+001  0.1373646E+002  0.1372748E+002  0.1370899E+002  0.1366786E+002  0.1363913E+002  0.1354690E+002  0.1324119E+002
010101999soil_c_   3.708    04011999      17 -0.9642628E-002 -0.9642628E-002  0.7390759E-005  0.2800971E+000  0.1026266E+002  0.8682340E+001  0.3584448E+001  0.3572437E+001  0.0000000E+000  0.9098918E-001  0.5490582E+001  0.1373979E+002  0.1373036E+002  0.1371128E+002  0.1366972E+002  0.1364033E+002  0.1354687E+002  0.1324120E+002
010101999soil_c_   3.750    04011999      18 -0.9755990E-002 -0.9755990E-002  0.7441222E-005  0.2783074E+000  0.1026472E+002  0.8730809E+001  0.3589680E+001  0.3577331E+001  0.0000000E+000  0.9142531E-001  0.5380024E+001  0.1374370E+002  0.1373358E+002  0.1371377E+002  0.1367170E+002  0.1364161E+002  0.1354685E+002  0.1324120E+002
010101999soil_c_   3.792    04011999      19 -0.9849875E-002 -0.9849875E-002  0.7497508E-005  0.2790805E+000  0.1026786E+002  0.8778879E+001  0.3594880E+001  0.3582177E+001  0.0000000E+000  0.9179035E-001  0.5274092E+001  0.1374755E+002  0.1373689E+002  0.1371640E+002  0.1367385E+002  0.1364301E+002  0.1354688E+002  0.1324120E+002
010101999soil_c_   3.833    04011999      20 -0.9945491E-002 -0.9945491E-002  0.7507250E-005  0.2753291E+000  0.1027248E+002  0.8826686E+001  0.3600046E+001  0.3586979E+001  0.0000000E+000  0.9194341E-001  0.5172680E+001  0.1375142E+002  0.1374026E+002  0.1371910E+002  0.1367605E+002  0.1364450E+002  0.1354692E+002  0.1324121E+002
010101999soil_c_   3.875    04011999      21 -0.1002682E-001 -0.1002682E-001  0.7497534E-005  0.2707456E+000  0.1027883E+002  0.8874390E+001  0.3605196E+001  0.3591751E+001  0.0000000E+000  0.9184717E-001  0.5075391E+001  0.1375499E+002  0.1374352E+002  0.1372176E+002  0.1367824E+002  0.1364599E+002  0.1354701E+002  0.1324122E+002
010101999soil_c_   3.917    04011999      22 -0.1008971E-001 -0.1008971E-001  0.7542400E-005  0.2727253E+000  0.1028713E+002  0.8922126E+001  0.3610315E+001  0.3596493E+001  0.0000000E+000  0.9200503E-001  0.4982004E+001  0.1375835E+002  0.1374656E+002  0.1372423E+002  0.1368035E+002  0.1364743E+002  0.1354711E+002  0.1324122E+002
010101999soil_c_   3.958    04011999      23 -0.1015103E-001 -0.1015103E-001  0.7573456E-005  0.2728077E+000  0.1029759E+002  0.8969991E+001  0.3615406E+001  0.3601202E+001  0.0000000E+000  0.9227375E-001  0.4892622E+001  0.1376178E+002  0.1374957E+002  0.1372666E+002  0.1368236E+002  0.1364880E+002  0.1354722E+002  0.1324122E+002
010101999soil_c_   4.000    04011999      24 -0.1021529E-001 -0.1021529E-001  0.7580744E-005  0.2705718E+000  0.1031027E+002  0.9018085E+001  0.3620473E+001  0.3605882E+001  0.0000000E+000  0.9245780E-001  0.4807160E+001  0.1376520E+002  0.1375259E+002  0.1372911E+002  0.1368439E+002  0.1365018E+002  0.1354732E+002  0.1324123E+002
010101999soil_c_   4.042    05011999       1 -0.1027031E-001 -0.1027031E-001  0.7579365E-005  0.2679900E+000  0.1032522E+002  0.9066536E+001  0.3625529E+001  0.3610538E+001  0.0000000E+000  0.9256905E-001  0.4725415E+001  0.1376852E+002  0.1375553E+002  0.1373151E+002  0.1368639E+002  0.1365155E+002  0.1354743E+002  0.1324125E+002
010101999soil_c_   4.083    05011999       2 -0.1031627E-001 -0.1031627E-001  0.7591508E-005  0.2674238E+000  0.1034246E+002  0.9115412E+001  0.3630559E+001  0.3615177E+001  0.0000000E+000  0.9272178E-001  0.4647195E+001  0.1377160E+002  0.1375836E+002  0.1373380E+002  0.1368831E+002  0.1365288E+002  0.1354754E+002  0.1324128E+002
010101999soil_c_   4.125    05011999       3 -0.1035710E-001 -0.1035710E-001  0.7614161E-005  0.2679226E+000  0.1036201E+002  0.9164801E+001  0.3635582E+001  0.3619787E+001  0.0000000E+000  0.9302959E-001  0.4572494E+001  0.1377476E+002  0.1376110E+002  0.1373600E+002  0.1369017E+002  0.1365416E+002  0.1354767E+002  0.1324130E+002
010101999soil_c_   4.167    05011999       4 -0.1039869E-001 -0.1039869E-001  0.7608427E-005  0.2653992E+000  0.1038384E+002  0.9214759E+001  0.3640591E+001  0.3624377E+001  0.0000000E+000  0.9327825E-001  0.4501290E+001  0.1377793E+002  0.1376387E+002  0.1373822E+002  0.1369202E+002  0.1365543E+002  0.1354777E+002  0.1324132E+002
010101999soil_c_   4.208    05011999       5 -0.1043451E-001 -0.1043451E-001  0.7591948E-005  0.2624630E+000  0.1040785E+002  0.9265353E+001  0.3645588E+001  0.3628953E+001  0.0000000E+000  0.9339490E-001  0.4433322E+001  0.1378090E+002  0.1376653E+002  0.1374039E+002  0.1369384E+002  0.1365668E+002  0.1354789E+002  0.1324136E+002
010101999soil_c_   4.250    05011999       6 -0.1046381E-001 -0.1046381E-001  0.7593259E-005  0.2615747E+000  0.1043395E+002  0.9316611E+001  0.3650698E+001  0.3633452E+001  0.0000000E+000  0.9360310E-001  0.4368512E+001  0.1378407E+002  0.1376887E+002  0.1374227E+002  0.1369547E+002  0.1365783E+002  0.1354800E+002  0.1324139E+002
010101999soil_c_   4.292    05011999       7 -0.1049338E-001 -0.1049338E-001  0.7574994E-005  0.2586697E+000  0.1046202E+002  0.9368549E+001  0.3655775E+001  0.3637945E+001  0.0000000E+000  0.9378587E-001  0.4306818E+001  0.1378667E+002  0.1377131E+002  0.1374418E+002  0.1369705E+002  0.1365893E+002  0.1354809E+002  0.1324144E+002
010101999soil_c_   4.333    05011999       8 -0.1051413E-001 -0.1051413E-001  0.7546908E-005  0.2554218E+000  0.1049185E+002  0.9421153E+001  0.3660825E+001  0.3642436E+001  0.0000000E+000  0.9384573E-001  0.4247943E+001  0.1378901E+002  0.1377360E+002  0.1374599E+002  0.1369855E+002  0.1365997E+002  0.1354816E+002  0.1324150E+002
010101999soil_c_   4.375    05011999       9 -0.1053674E-001 -0.1053674E-001  0.7488837E-005  0.2493453E+000  0.1052326E+002  0.9474462E+001  0.3665860E+001  0.3646915E+001  0.0000000E+000  0.9369034E-001  0.4191702E+001  0.1379107E+002  0.1377566E+002  0.1374763E+002  0.1369995E+002  0.1366095E+002  0.1354823E+002  0.1324156E+002
010101999soil_c_   4.417    05011999      10 -0.1055217E-001 -0.1055217E-001  0.7427102E-005  0.2437904E+000  0.1055594E+002  0.9528471E+001  0.3670871E+001  0.3651392E+001  0.0000000E+000  0.9338391E-001  0.4137735E+001  0.1379258E+002  0.1377738E+002  0.1374902E+002  0.1370116E+002  0.1366180E+002  0.1354827E+002  0.1324160E+002
010101999soil_c_   4.458    05011999      11 -0.1055813E-001 -0.1055813E-001  0.7332629E-005  0.2352805E+000  0.1058945E+002  0.9583084E+001  0.3675862E+001  0.3655861E+001  0.0000000E+000  0.9280214E-001  0.4085770E+001  0.1379353E+002  0.1377867E+002  0.1375009E+002  0.1370211E+002  0.1366248E+002  0.1354829E+002  0.1324165E+002
010101999soil_c_   4.500    05011999      12 -0.1055776E-001 -0.1055776E-001  0.7220402E-005  0.2259666E+000  0.1062321E+002  0.9638239E+001  0.3680825E+001  0.3660319E+001  0.0000000E+000  0.9187479E-001  0.4035318E+001  0.1379359E+002  0.1377936E+002  0.1375070E+002  0.1370270E+002  0.1366293E+002  0.1354826E+002  0.1324170E+002
010101999soil_c_   4.542    05011999      13 -0.1051322E-001 -0.1051322E-001  0.7153794E-005  0.2227807E+000  0.1065669E+002  0.9693954E+001  0.3685760E+001  0.3664770E+001  0.0000000E+000  0.9097469E-001  0.3985811E+001  0.1379297E+002  0.1377942E+002  0.1375080E+002  0.1370287E+002  0.1366306E+002  0.1354812E+002  0.1324174E+002
010101999soil_c_   4.583    05011999      14 -0.1048490E-001 -0.1048490E-001  0.7114815E-005  0.2219172E+000  0.1068929E+002  0.9750028E+001  0.3690647E+001  0.3669210E+001  0.0000000E+000  0.9047008E-001  0.3937460E+001  0.1379205E+002  0.1377910E+002  0.1375052E+002  0.1370268E+002  0.1366292E+002  0.1354791E+002  0.1324177E+002
010101999soil_c_   4.625    05011999      15 -0.1046911E-001 -0.1046911E-001  0.7082648E-005  0.2203364E+000  0.1072043E+002  0.9806149E+001  0.3695486E+001  0.3673629E+001  0.0000000E+000  0.9009706E-001  0.3890612E+001  0.1379101E+002  0.1377859E+002  0.1375001E+002  0.1370227E+002  0.1366258E+002  0.1354760E+002  0.1324179E+002
010101999soil_c_   4.667    05011999      16 -0.1045809E-001 -0.1045809E-001  0.7083802E-005  0.2216005E+000  0.1074970E+002  0.9862135E+001  0.3700275E+001  0.3678023E+001  0.0000000E+000  0.8994142E-001  0.3845269E+001  0.1378987E+002  0.1377795E+002  0.1374935E+002  0.1370173E+002  0.1366211E+002  0.1354722E+002  0.1324179E+002
010101999soil_c_   4.708    05011999      17 -0.1045568E-001 -0.1045568E-001  0.7141213E-005  0.2277437E+000  0.1077695E+002  0.9917828E+001  0.3705012E+001  0.3682388E+001  0.0000000E+000  0.9028508E-001  0.3801680E+001  0.1378902E+002  0.1377736E+002  0.1374868E+002  0.1370112E+002  0.1366156E+002  0.1354678E+002  0.1324179E+002
010101999soil_c_   4.750    05011999      18 -0.1047247E-001 -0.1047247E-001  0.7155249E-005  0.2279461E+000  0.1080220E+002  0.9973150E+001  0.3709714E+001  0.3686728E+001  0.0000000E+000  0.9061987E-001  0.3760120E+001  0.1378865E+002  0.1377707E+002  0.1374821E+002  0.1370061E+002  0.1366103E+002  0.1354632E+002  0.1324176E+002
010101999soil_c_   4.792    05011999      19 -0.1049107E-001 -0.1049107E-001  0.7161446E-005  0.2274326E+000  0.1082567E+002  0.1002805E+002  0.3714387E+001  0.3691038E+001  0.0000000E+000  0.9088881E-001  0.3720442E+001  0.1378844E+002  0.1377698E+002  0.1374792E+002  0.1370026E+002  0.1366062E+002  0.1354586E+002  0.1324170E+002
010101999soil_c_   4.833    05011999      20 -0.1051439E-001 -0.1051439E-001  0.7154323E-005  0.2258099E+000  0.1084760E+002  0.1008252E+002  0.3719033E+001  0.3695323E+001  0.0000000E+000  0.9101067E-001  0.3682429E+001  0.1378817E+002  0.1377692E+002  0.1374772E+002  0.1370000E+002  0.1366029E+002  0.1354544E+002  0.1324164E+002
010101999soil_c_   4.875    05011999      21 -0.1053885E-001 -0.1053885E-001  0.7131036E-005  0.2227460E+000  0.1086828E+002  0.1013653E+002  0.3723660E+001  0.3699593E+001  0.0000000E+000  0.9096708E-001  0.3645885E+001  0.1378786E+002  0.1377684E+002  0.1374750E+002  0.1369973E+002  0.1365997E+002  0.1354505E+002  0.1324159E+002
010101999soil_c_   4.917    05011999      22 -0.1053394E-001 -0.1053394E-001  0.7217100E-005  0.2318026E+000  0.1088792E+002  0.1019013E+002  0.3728259E+001  0.3703846E+001  0.0000000E+000  0.9139504E-001  0.3610646E+001  0.1378735E+002  0.1377666E+002  0.1374721E+002  0.1369944E+002  0.1365965E+002  0.1354468E+002  0.1324154E+002
010101999soil_c_   4.958    05011999      23 -0.1058417E-001 -0.1058417E-001  0.7218780E-005  0.2293477E+000  0.1090691E+002  0.1024332E+002  0.3732835E+001  0.3708076E+001  0.0000000E+000  0.9194352E-001  0.3577470E+001  0.1378779E+002  0.1377687E+002  0.1374714E+002  0.1369927E+002  0.1365938E+002  0.1354429E+002  0.1324149E+002
010101999soil_c_   5.000    05011999      24 -0.1060273E-001 -0.1060273E-001  0.7190464E-005  0.2258272E+000  0.1092528E+002  0.1029610E+002  0.3737396E+001  0.3712286E+001  0.0000000E+000  0.9188551E-001  0.3545571E+001  0.1378768E+002  0.1377708E+002  0.1374720E+002  0.1369925E+002  0.1365924E+002  0.1354394E+002  0.1324143E+002
010101999soil_c_   5.042    06011999       1 -0.1062959E-001 -0.1062959E-001  0.7185028E-005  0.2244358E+000  0.1094335E+002  0.1034854E+002  0.3741948E+001  0.3716484E+001  0.0000000E+000  0.9197931E-001  0.3515007E+001  0.1378766E+002  0.1377721E+002  0.1374718E+002  0.1369920E+002  0.1365910E+002  0.1354362E+002  0.1324137E+002
010101999soil_c_   5.083    06011999       2 -0.1064675E-001 -0.1064675E-001  0.7167174E-005  0.2225191E+000  0.1096116E+002  0.1040066E+002  0.3746485E+001  0.3720668E+001  0.0000000E+000  0.9185676E-001  0.3485473E+001  0.1378733E+002  0.1377723E+002  0.1374711E+002  0.1369910E+002  0.1365891E+002  0.1354331E+002  0.1324131E+002
010101999soil_c_   5.125    06011999       3 -0.1066530E-001 -0.1066530E-001  0.7170765E-005  0.2226058E+000  0.1097889E+002  0.1045249E+002  0.3750998E+001  0.3724847E+001  0.0000000E+000  0.9190268E-001  0.3457027E+001  0.1378700E+002  0.1377718E+002  0.1374692E+002  0.1369893E+002  0.1365871E+002  0.1354299E+002  0.1324126E+002
010101999soil_c_   5.167    06011999       4 -0.1068791E-001 -0.1068791E-001  0.7145161E-005  0.2196815E+000  0.1099654E+002  0.1050403E+002  0.3755501E+001  0.3729006E+001  0.0000000E+000  0.9178799E-001  0.3429617E+001  0.1378659E+002  0.1377705E+002  0.1374671E+002  0.1369873E+002  0.1365849E+002  0.1354266E+002  0.1324121E+002
010101999soil_c_   5.208    06011999       5 -0.1070380E-001 -0.1070380E-001  0.7131190E-005  0.2183724E+000  0.1101409E+002  0.1055531E+002  0.3759981E+001  0.3733154E+001  0.0000000E+000  0.9164920E-001  0.3403063E+001  0.1378594E+002  0.1377682E+002  0.1374640E+002  0.1369843E+002  0.1365821E+002  0.1354236E+002  0.1324116E+002
010101999soil_c_   5.250    06011999       6 -0.1072151E-001 -0.1072151E-001  0.7101989E-005  0.2153856E+000  0.1103147E+002  0.1060630E+002  0.3764441E+001  0.3737292E+001  0.0000000E+000  0.9143279E-001  0.3377362E+001  0.1378523E+002  0.1377646E+002  0.1374601E+002  0.1369810E+002  0.1365790E+002  0.1354204E+002  0.1324113E+002
010101999soil_c_   5.292    06011999       7 -0.1073713E-001 -0.1073713E-001  0.7063335E-005  0.2118728E+000  0.1104861E+002  0.1065701E+002  0.3768878E+001  0.3741415E+001  0.0000000E+000  0.9105318E-001  0.3352284E+001  0.1378419E+002  0.1377591E+002  0.1374551E+002  0.1369766E+002  0.1365751E+002  0.1354170E+002  0.1324108E+002
010101999soil_c_   5.333    06011999       8 -0.1074094E-001 -0.1074094E-001  0.7069113E-005  0.2132553E+000  0.1106536E+002  0.1070741E+002  0.3773297E+001  0.3745531E+001  0.0000000E+000  0.9085665E-001  0.3327792E+001  0.1378294E+002  0.1377521E+002  0.1374483E+002  0.1369708E+002  0.1365703E+002  0.1354133E+002  0.1324102E+002
010101999soil_c_   5.375    06011999       9 -0.1076314E-001 -0.1076314E-001  0.7024844E-005  0.2086539E+000  0.1108163E+002  0.1075744E+002  0.3777684E+001  0.3749627E+001  0.0000000E+000  0.9048628E-001  0.3303994E+001  0.1378171E+002  0.1377444E+002  0.1374405E+002  0.1369641E+002  0.1365650E+002  0.1354093E+002  0.1324096E+002
010101999soil_c_   5.417    06011999      10 -0.1076858E-001 -0.1076858E-001  0.7023605E-005  0.2092853E+000  0.1109710E+002  0.1080700E+002  0.3782044E+001  0.3753704E+001  0.0000000E+000  0.9023479E-001  0.3280650E+001  0.1378019E+002  0.1377348E+002  0.1374318E+002  0.1369565E+002  0.1365588E+002  0.1354049E+002  0.1324090E+002
