    DOY     DATE    RESIDUE_P       HUMUS_P         FERTZR_P        NET_PL_EXCH_P   EXCH_PO4        SUR_DOP+SED_FLX SUB_DOP_FLX     SUB_DIP_FLX     PRECIP_P        MICRO_P         FIRE_POX_EMIT   PO4_1           PO4_2           PO4_12          PO4_13          PO4_14          PO4_15          EXCH_P_1        EXCH_P_2        
010101998p_outs    1.000    01011998  0.2272007E+001  0.1410741E+003  0.0000000E+000  0.0000000E+000  0.1501866E+001  0.0000000E+000  0.7755795E-002  0.1145524E-001  0.1666990E+004  0.2426512E+001  0.0000000E+000  0.9832663E+000  0.1234060E+001  0.4634447E+000  0.4634113E+000  0.0000000E+000  0.0000000E+000  0.2847567E+000  0.5189399E+000
010101998p_outs    2.000    02011998  0.2271685E+001  0.1409840E+003  0.0000000E+000  0.0000000E+000  0.1801444E+001  0.0000000E+000  0.8923737E-002  0.2116728E-001  0.1666888E+004  0.2444154E+001  0.0000000E+000  0.1370194E+001  0.8966172E+000  0.3874801E+000  0.3874315E+000  0.0000000E+000  0.0000000E+000  0.4827127E+000  0.8222530E+000
010101998p_outs    3.000    03011998  0.2274754E+001  0.1408994E+003  0.0000000E+000  0.0000000E+000  0.2068528E+001  0.0000000E+000  0.9654189E-002  0.2859539E-001  0.1666773E+004  0.2463398E+001  0.0000000E+000  0.8838230E+000  0.1019156E+001  0.3330086E+000  0.3329527E+000  0.0000000E+000  0.0000000E+000  0.6643186E+000  0.1107772E+001
010101998p_outs    4.000    04011998  0.2277568E+001  0.1408194E+003  0.0000000E+000  0.0000000E+000  0.2320844E+001  0.0000000E+000  0.1017688E-001  0.3455783E-001  0.1666659E+004  0.2480361E+001  0.0000000E+000  0.7024699E+000  0.1097367E+001  0.2870415E+000  0.2869805E+000  0.0000000E+000  0.0000000E+000  0.7976910E+000  0.1390741E+001
010101998p_outs    5.000    05011998  0.2279712E+001  0.1407437E+003  0.0000000E+000  0.0000000E+000  0.2556460E+001  0.0000000E+000  0.1055851E-001  0.3925667E-001  0.1666548E+004  0.2494912E+001  0.0000000E+000  0.4032690E+000  0.1120131E+001  0.2493322E+000  0.2492676E+000  0.0000000E+000  0.0000000E+000  0.8857347E+000  0.1677237E+001
010101998p_outs    6.000    06011998  0.2283187E+001  0.1406711E+003  0.0000000E+000  0.0000000E+000  0.2779054E+001  0.0000000E+000  0.1082013E-001  0.4277005E-001  0.1666429E+004  0.2510545E+001  0.0000000E+000  0.2407441E+000  0.1101354E+001  0.2210157E+000  0.2209496E+000  0.0000000E+000  0.0000000E+000  0.9305142E+000  0.1949769E+001
010101998p_outs    7.000    07011998  0.2287644E+001  0.1406014E+003  0.0000000E+000  0.0000000E+000  0.2972185E+001  0.0000000E+000  0.1098731E-001  0.4516639E-001  0.1666355E+004  0.2526808E+001  0.0000000E+000  0.2172725E+000  0.1075358E+001  0.1758969E+000  0.1757879E+000  0.0000000E+000  0.0000000E+000  0.9669766E+000  0.2198097E+001
010101998p_outs    8.000    08011998  0.2292668E+001  0.1405339E+003  0.0000000E+000  0.0000000E+000  0.3140883E+001  0.0000000E+000  0.1111571E-001  0.4683053E-001  0.1666274E+004  0.2543176E+001  0.0000000E+000  0.7011230E-001  0.1068248E+001  0.1537561E+000  0.1536691E+000  0.0000000E+000  0.0000000E+000  0.9905553E+000  0.2425944E+001
010101998p_outs    9.000    09011998  0.2297218E+001  0.1404678E+003  0.0000000E+000  0.0000000E+000  0.3298623E+001  0.0000000E+000  0.1120941E-001  0.4809425E-001  0.1666193E+004  0.2558731E+001  0.0000000E+000  0.4059980E-001  0.1067279E+001  0.1419640E+000  0.1418901E+000  0.0000000E+000  0.0000000E+000  0.9972332E+000  0.2648208E+001
010101998p_outs   10.000    10011998  0.2301207E+001  0.1404027E+003  0.0000000E+000  0.0000000E+000  0.3449907E+001  0.0000000E+000  0.1127640E-001  0.4909347E-001  0.1666110E+004  0.2573834E+001  0.0000000E+000  0.3007664E-001  0.1071483E+001  0.1361708E+000  0.1361060E+000  0.0000000E+000  0.0000000E+000  0.1002016E+001  0.2877325E+001
010101998p_outs   11.000    11011998  0.2304763E+001  0.1403383E+003  0.0000000E+000  0.0000000E+000  0.3597528E+001  0.0000000E+000  0.1132478E-001  0.4989800E-001  0.1666027E+004  0.2589028E+001  0.0000000E+000  0.2540709E-001  0.1062909E+001  0.1336162E+000  0.1335577E+000  0.0000000E+000  0.0000000E+000  0.1005621E+001  0.3118601E+001
010101998p_outs   12.000    12011998  0.2308317E+001  0.1402745E+003  0.0000000E+000  0.0000000E+000  0.3742849E+001  0.0000000E+000  0.1136200E-001  0.5058324E-001  0.1665944E+004  0.2604802E+001  0.0000000E+000  0.2500465E-001  0.1038094E+001  0.1326809E+000  0.1326269E+000  0.0000000E+000  0.0000000E+000  0.1008851E+001  0.3361468E+001
010101998p_outs   13.000    13011998  0.2311710E+001  0.1402114E+003  0.0000000E+000  0.0000000E+000  0.3886593E+001  0.0000000E+000  0.1139390E-001  0.5120293E-001  0.1665860E+004  0.2622055E+001  0.0000000E+000  0.2454802E-001  0.1037160E+001  0.1325248E+000  0.1324740E+000  0.0000000E+000  0.0000000E+000  0.1012079E+001  0.3603582E+001
010101998p_outs   14.000    14011998  0.2314951E+001  0.1401493E+003  0.0000000E+000  0.0000000E+000  0.4029028E+001  0.0000000E+000  0.1142326E-001  0.5178424E-001  0.1665776E+004  0.2640215E+001  0.0000000E+000  0.2410984E-001  0.1024157E+001  0.1327378E+000  0.1326896E+000  0.0000000E+000  0.0000000E+000  0.1015219E+001  0.3843599E+001
010101998p_outs   15.000    15011998  0.2318038E+001  0.1400882E+003  0.0000000E+000  0.0000000E+000  0.4170185E+001  0.0000000E+000  0.1145047E-001  0.5233135E-001  0.1665692E+004  0.2659195E+001  0.0000000E+000  0.2365327E-001  0.1007302E+001  0.1331247E+000  0.1330786E+000  0.0000000E+000  0.0000000E+000  0.1018258E+001  0.4079710E+001
010101998p_outs   16.000    16011998  0.2320999E+001  0.1400286E+003  0.0000000E+000  0.0000000E+000  0.4310030E+001  0.0000000E+000  0.1147604E-001  0.5284612E-001  0.1665607E+004  0.2678606E+001  0.0000000E+000  0.2319956E-001  0.9878867E+000  0.1335935E+000  0.1335492E+000  0.0000000E+000  0.0000000E+000  0.1021200E+001  0.4310858E+001
010101998p_outs   17.000    17011998  0.2323798E+001  0.1399703E+003  0.0000000E+000  0.0000000E+000  0.4448544E+001  0.0000000E+000  0.1150007E-001  0.5332606E-001  0.1665523E+004  0.2698968E+001  0.0000000E+000  0.2279564E-001  0.9686864E+000  0.1341010E+000  0.1340583E+000  0.0000000E+000  0.0000000E+000  0.1024047E+001  0.4536661E+001
010101998p_outs   18.000    18011998  0.2326416E+001  0.1399134E+003  0.0000000E+000  0.0000000E+000  0.4585782E+001  0.0000000E+000  0.1152237E-001  0.5377080E-001  0.1665439E+004  0.2720558E+001  0.0000000E+000  0.2241063E-001  0.9504743E+000  0.1346266E+000  0.1345854E+000  0.0000000E+000  0.0000000E+000  0.1026789E+001  0.4757239E+001
010101998p_outs   19.000    19011998  0.2328842E+001  0.1398578E+003  0.0000000E+000  0.0000000E+000  0.4721809E+001  0.0000000E+000  0.1154241E-001  0.5416986E-001  0.1665354E+004  0.2743430E+001  0.0000000E+000  0.2204177E-001  0.9331963E+000  0.1351606E+000  0.1351208E+000  0.0000000E+000  0.0000000E+000  0.1029444E+001  0.4972809E+001
010101998p_outs   20.000    20011998  0.2331060E+001  0.1398036E+003  0.0000000E+000  0.0000000E+000  0.4856679E+001  0.0000000E+000  0.1156112E-001  0.5453824E-001  0.1665270E+004  0.2767379E+001  0.0000000E+000  0.2168740E-001  0.9166749E+000  0.1356983E+000  0.1356599E+000  0.0000000E+000  0.0000000E+000  0.1032022E+001  0.5183606E+001
010101998p_outs   21.000    21011998  0.2333061E+001  0.1397505E+003  0.0000000E+000  0.0000000E+000  0.4990443E+001  0.0000000E+000  0.1157864E-001  0.5488060E-001  0.1665186E+004  0.2791857E+001  0.0000000E+000  0.2133697E-001  0.9007923E+000  0.1362374E+000  0.1362001E+000  0.0000000E+000  0.0000000E+000  0.1034508E+001  0.5389822E+001
010101998p_outs   22.000    22011998  0.2334860E+001  0.1396986E+003  0.0000000E+000  0.0000000E+000  0.5123133E+001  0.0000000E+000  0.1159534E-001  0.5520013E-001  0.1665101E+004  0.2816144E+001  0.0000000E+000  0.2096874E-001  0.8850135E+000  0.1367768E+000  0.1367405E+000  0.0000000E+000  0.0000000E+000  0.1036896E+001  0.5591534E+001
010101998p_outs   23.000    23011998  0.2336502E+001  0.1396480E+003  0.0000000E+000  0.0000000E+000  0.5254742E+001  0.0000000E+000  0.1161123E-001  0.5549874E-001  0.1665017E+004  0.2839337E+001  0.0000000E+000  0.2057361E-001  0.8687275E+000  0.1373159E+000  0.1372806E+000  0.0000000E+000  0.0000000E+000  0.1039196E+001  0.5788633E+001
010101998p_outs   24.000    24011998  0.2338046E+001  0.1395988E+003  0.0000000E+000  0.0000000E+000  0.5385228E+001  0.0000000E+000  0.1162664E-001  0.5577798E-001  0.1664932E+004  0.2860665E+001  0.0000000E+000  0.2017830E-001  0.8516093E+000  0.1378543E+000  0.1378201E+000  0.0000000E+000  0.0000000E+000  0.1041391E+001  0.5980901E+001
010101998p_outs   25.000    25011998  0.2339422E+001  0.1395508E+003  0.0000000E+000  0.0000000E+000  0.5514584E+001  0.0000000E+000  0.1164130E-001  0.5603621E-001  0.1664848E+004  0.2881192E+001  0.0000000E+000  0.1984024E-001  0.8356783E+000  0.1383920E+000  0.1383586E+000  0.0000000E+000  0.0000000E+000  0.1043473E+001  0.6168440E+001
010101998p_outs   26.000    26011998  0.2340622E+001  0.1395040E+003  0.0000000E+000  0.0000000E+000  0.5642888E+001  0.0000000E+000  0.1165529E-001  0.5627387E-001  0.1664764E+004  0.2900971E+001  0.0000000E+000  0.1951000E-001  0.8208818E+000  0.1389289E+000  0.1388962E+000  0.0000000E+000  0.0000000E+000  0.1045475E+001  0.6351573E+001
