    DOY     DATE    RESIDUE_C       HUMUS_C         AMENDED_C       LITTER_C        CO2_FLUX        O2_FLUX         AUTO_RESP       MICRO_C         SURF_RES        CH4_FLUX        SUR_DOC+SED_FLX SUB_DOC_FLX     SUB_DIC_FLX     ATM_CO2         NBP             FIRE_CO2_EMIT   SOC_1           SOC_2           SOC_3           SOC_4           SOC_5           SOC_6           SOC_7           SOC_8           SOC_9           SOC_10          
010101998flux_so   1.000    01011998  0.5206405E+003  0.5829505E+004  0.0000000E+000  0.0000000E+000 -0.3678961E+000  0.7701424E+001  0.0000000E+000  0.1735639E+003  0.2992622E+003 -0.4496172E-001  0.0000000E+000  0.2358290E+000  0.1031063E+000  0.3600000E+003 -0.7517931E+000  0.0000000E+000  0.2083618E+003  0.3213799E+003  0.9783813E+003  0.9788501E+003  0.9598787E+003  0.9600932E+003  0.3476804E+003  0.4647213E+003  0.3949324E+003  0.3299658E+003
010101998flux_so   2.000    02011998  0.5202320E+003  0.5827954E+004  0.0000000E+000  0.0000000E+000 -0.1328098E+001  0.1784102E+002  0.0000000E+000  0.1746475E+003  0.2989546E+003 -0.5765503E-001  0.0000000E+000  0.2784261E+000  0.2709258E+000  0.3600000E+003 -0.1935105E+001  0.0000000E+000  0.2083714E+003  0.3212599E+003  0.9779362E+003  0.9784696E+003  0.9595889E+003  0.9598549E+003  0.3476099E+003  0.4646540E+003  0.3948999E+003  0.3299523E+003
010101998flux_so   3.000    03011998  0.5194646E+003  0.5826513E+004  0.0000000E+000  0.0000000E+000 -0.3758192E+001  0.2928497E+002  0.0000000E+000  0.1758753E+003  0.2982934E+003 -0.6057394E-001  0.0000000E+000  0.3025607E+000  0.4054247E+000  0.3600000E+003 -0.4526751E+001  0.0000000E+000  0.2084163E+003  0.3210844E+003  0.9775228E+003  0.9781258E+003  0.9593244E+003  0.9596411E+003  0.3475475E+003  0.4645858E+003  0.3948688E+003  0.3299361E+003
010101998flux_so   4.000    04011998  0.5187480E+003  0.5825145E+004  0.0000000E+000  0.0000000E+000 -0.6237405E+001  0.4025735E+002  0.0000000E+000  0.1769622E+003  0.2976817E+003 -0.6047583E-001  0.0000000E+000  0.3200068E+000  0.4859798E+000  0.3600000E+003 -0.7103868E+001  0.0000000E+000  0.2084473E+003  0.3209326E+003  0.9771295E+003  0.9777891E+003  0.9590762E+003  0.9594440E+003  0.3474888E+003  0.4645228E+003  0.3948343E+003  0.3299193E+003
010101998flux_so   5.000    05011998  0.5181079E+003  0.5823846E+004  0.0000000E+000  0.0000000E+000 -0.8273413E+001  0.4882040E+002  0.0000000E+000  0.1778982E+003  0.2971454E+003 -0.6030041E-001  0.0000000E+000  0.3332893E+000  0.5341895E+000  0.3600000E+003 -0.9201192E+001  0.0000000E+000  0.2084753E+003  0.3207908E+003  0.9767532E+003  0.9774691E+003  0.9588376E+003  0.9592609E+003  0.3474342E+003  0.4644627E+003  0.3947981E+003  0.3299024E+003
010101998flux_so   6.000    06011998  0.5173312E+003  0.5822616E+004  0.0000000E+000  0.0000000E+000 -0.1025328E+002  0.5860947E+002  0.0000000E+000  0.1789016E+003  0.2964724E+003 -0.6009515E-001  0.0000000E+000  0.3430005E+000  0.5683879E+000  0.3600000E+003 -0.1122476E+002  0.0000000E+000  0.2085069E+003  0.3206546E+003  0.9763912E+003  0.9771682E+003  0.9586102E+003  0.9590847E+003  0.3473832E+003  0.4644054E+003  0.3947617E+003  0.3298882E+003
010101998flux_so   7.000    07011998  0.5164559E+003  0.5821441E+004  0.0000000E+000  0.0000000E+000 -0.1227199E+002  0.6808826E+002  0.0000000E+000  0.1799400E+003  0.2957010E+003 -0.5984625E-001  0.0000000E+000  0.3498915E+000  0.5942918E+000  0.3600000E+003 -0.1327602E+002  0.0000000E+000  0.2085403E+003  0.3205266E+003  0.9760450E+003  0.9768789E+003  0.9583901E+003  0.9589139E+003  0.3473335E+003  0.4643501E+003  0.3947268E+003  0.3298737E+003
010101998flux_so   8.000    08011998  0.5154966E+003  0.5820307E+004  0.0000000E+000  0.0000000E+000 -0.1427819E+002  0.7688736E+002  0.0000000E+000  0.1809964E+003  0.2948464E+003 -0.5954809E-001  0.0000000E+000  0.3555371E+000  0.6148161E+000  0.3600000E+003 -0.1530809E+002  0.0000000E+000  0.2085767E+003  0.3204050E+003  0.9757143E+003  0.9765997E+003  0.9581678E+003  0.9587500E+003  0.3472839E+003  0.4642964E+003  0.3946920E+003  0.3298580E+003
010101998flux_so   9.000    09011998  0.5144222E+003  0.5819198E+004  0.0000000E+000  0.0000000E+000 -0.1631436E+002  0.8508179E+002  0.0000000E+000  0.1820906E+003  0.2938820E+003 -0.5923570E-001  0.0000000E+000  0.3600252E+000  0.6315065E+000  0.3600000E+003 -0.1736513E+002  0.0000000E+000  0.2086168E+003  0.3202850E+003  0.9753906E+003  0.9763252E+003  0.9579460E+003  0.9585876E+003  0.3472346E+003  0.4642436E+003  0.3946591E+003  0.3298416E+003
010101998flux_so  10.000    10011998  0.5132646E+003  0.5818118E+004  0.0000000E+000  0.0000000E+000 -0.1841749E+002  0.9277624E+002  0.0000000E+000  0.1832252E+003  0.2928362E+003 -0.5893608E-001  0.0000000E+000  0.3635591E+000  0.6451752E+000  0.3600000E+003 -0.1948516E+002  0.0000000E+000  0.2086593E+003  0.3201642E+003  0.9750737E+003  0.9760564E+003  0.9577285E+003  0.9584299E+003  0.3471861E+003  0.4641914E+003  0.3946272E+003  0.3298252E+003
010101998flux_so  11.000    11011998  0.5120120E+003  0.5817055E+004  0.0000000E+000  0.0000000E+000 -0.2060733E+002  0.1007605E+003  0.0000000E+000  0.1844299E+003  0.2916714E+003 -0.5864613E-001  0.0000000E+000  0.3663684E+000  0.6562274E+000  0.3600000E+003 -0.2168858E+002  0.0000000E+000  0.2087299E+003  0.3200384E+003  0.9747595E+003  0.9757906E+003  0.9575179E+003  0.9582765E+003  0.3471381E+003  0.4641400E+003  0.3945961E+003  0.3298088E+003
010101998flux_so  12.000    12011998  0.5106574E+003  0.5816021E+004  0.0000000E+000  0.0000000E+000 -0.2289163E+002  0.1078792E+003  0.0000000E+000  0.1857089E+003  0.2904027E+003 -0.5836953E-001  0.0000000E+000  0.3687281E+000  0.6653618E+000  0.3600000E+003 -0.2398409E+002  0.0000000E+000  0.2088102E+003  0.3199121E+003  0.9744448E+003  0.9755303E+003  0.9573151E+003  0.9581268E+003  0.3470906E+003  0.4640895E+003  0.3945655E+003  0.3297924E+003
010101998flux_so  13.000    13011998  0.5089586E+003  0.5815011E+004  0.0000000E+000  0.0000000E+000 -0.2544994E+002  0.1165628E+003  0.0000000E+000  0.1872570E+003  0.2888228E+003 -0.5810563E-001  0.0000000E+000  0.3708512E+000  0.6734795E+000  0.3600000E+003 -0.2655237E+002  0.0000000E+000  0.2088837E+003  0.3197849E+003  0.9741301E+003  0.9752681E+003  0.9571151E+003  0.9579788E+003  0.3470432E+003  0.4640396E+003  0.3945354E+003  0.3297748E+003
010101998flux_so  14.000    14011998  0.5070518E+003  0.5814030E+004  0.0000000E+000  0.0000000E+000 -0.2829092E+002  0.1263607E+003  0.0000000E+000  0.1889490E+003  0.2870384E+003 -0.5783372E-001  0.0000000E+000  0.3728334E+000  0.6807659E+000  0.3600000E+003 -0.2940235E+002  0.0000000E+000  0.2089739E+003  0.3196586E+003  0.9738192E+003  0.9750054E+003  0.9569159E+003  0.9578318E+003  0.3469958E+003  0.4639901E+003  0.3945059E+003  0.3297564E+003
010101998flux_so  15.000    15011998  0.5049922E+003  0.5813080E+004  0.0000000E+000  0.0000000E+000 -0.3120428E+002  0.1354859E+003  0.0000000E+000  0.1907412E+003  0.2851021E+003 -0.5756694E-001  0.0000000E+000  0.3746934E+000  0.6873013E+000  0.3600000E+003 -0.3232384E+002  0.0000000E+000  0.2090805E+003  0.3195333E+003  0.9735127E+003  0.9747449E+003  0.9567195E+003  0.9576866E+003  0.3469487E+003  0.4639409E+003  0.3944768E+003  0.3297382E+003
010101998flux_so  16.000    16011998  0.5028691E+003  0.5812159E+004  0.0000000E+000  0.0000000E+000 -0.3409739E+002  0.1451334E+003  0.0000000E+000  0.1925590E+003  0.2831004E+003 -0.5730715E-001  0.0000000E+000  0.3764548E+000  0.6933661E+000  0.3600000E+003 -0.3522451E+002  0.0000000E+000  0.2091987E+003  0.3194095E+003  0.9732122E+003  0.9744892E+003  0.9565273E+003  0.9575436E+003  0.3469022E+003  0.4638920E+003  0.3944479E+003  0.3297205E+003
010101998flux_so  17.000    17011998  0.5006060E+003  0.5811275E+004  0.0000000E+000  0.0000000E+000 -0.3713661E+002  0.1552629E+003  0.0000000E+000  0.1944771E+003  0.2809569E+003 -0.5704621E-001  0.0000000E+000  0.3781222E+000  0.6988567E+000  0.3600000E+003 -0.3827063E+002  0.0000000E+000  0.2093318E+003  0.3192885E+003  0.9729144E+003  0.9742432E+003  0.9563380E+003  0.9574033E+003  0.3468564E+003  0.4638438E+003  0.3944195E+003  0.3297031E+003
010101998flux_so  18.000    18011998  0.4981532E+003  0.5810428E+004  0.0000000E+000  0.0000000E+000 -0.4031676E+002  0.1653913E+003  0.0000000E+000  0.1965379E+003  0.2786230E+003 -0.5678653E-001  0.0000000E+000  0.3796967E+000  0.7037289E+000  0.3600000E+003 -0.4145697E+002  0.0000000E+000  0.2094825E+003  0.3191702E+003  0.9726235E+003  0.9740002E+003  0.9561514E+003  0.9572653E+003  0.3468113E+003  0.4637962E+003  0.3943914E+003  0.3296860E+003
010101998flux_so  19.000    19011998  0.4954989E+003  0.5809623E+004  0.0000000E+000  0.0000000E+000 -0.4364976E+002  0.1758939E+003  0.0000000E+000  0.1987487E+003  0.2760873E+003 -0.5652904E-001  0.0000000E+000  0.3811702E+000  0.7079859E+000  0.3600000E+003 -0.4479544E+002  0.0000000E+000  0.2096552E+003  0.3190533E+003  0.9723428E+003  0.9737592E+003  0.9559682E+003  0.9571294E+003  0.3467668E+003  0.4637493E+003  0.3943638E+003  0.3296692E+003
010101998flux_so  20.000    20011998  0.4926469E+003  0.5808860E+004  0.0000000E+000  0.0000000E+000 -0.4715134E+002  0.1867451E+003  0.0000000E+000  0.2010751E+003  0.2733540E+003 -0.5627121E-001  0.0000000E+000  0.3825673E+000  0.7117544E+000  0.3600000E+003 -0.4830193E+002  0.0000000E+000  0.2098537E+003  0.3189377E+003  0.9720674E+003  0.9735204E+003  0.9557880E+003  0.9569955E+003  0.3467229E+003  0.4637028E+003  0.3943365E+003  0.3296526E+003
010101998flux_so  21.000    21011998  0.4896393E+003  0.5808143E+004  0.0000000E+000  0.0000000E+000 -0.5079902E+002  0.1982231E+003  0.0000000E+000  0.2034332E+003  0.2704654E+003 -0.5600850E-001  0.0000000E+000  0.3839068E+000  0.7150500E+000  0.3600000E+003 -0.5195398E+002  0.0000000E+000  0.2100791E+003  0.3188247E+003  0.9717967E+003  0.9732874E+003  0.9556102E+003  0.9568635E+003  0.3466795E+003  0.4636568E+003  0.3943097E+003  0.3296364E+003
010101998flux_so  22.000    22011998  0.4865653E+003  0.5807465E+004  0.0000000E+000  0.0000000E+000 -0.5451908E+002  0.2095831E+003  0.0000000E+000  0.2057545E+003  0.2675103E+003 -0.5573886E-001  0.0000000E+000  0.3851906E+000  0.7178301E+000  0.3600000E+003 -0.5567785E+002  0.0000000E+000  0.2103288E+003  0.3187140E+003  0.9715293E+003  0.9730571E+003  0.9554355E+003  0.9567333E+003  0.3466365E+003  0.4636113E+003  0.3942832E+003  0.3296204E+003
010101998flux_so  23.000    23011998  0.4835424E+003  0.5806818E+004  0.0000000E+000  0.0000000E+000 -0.5809822E+002  0.2196780E+003  0.0000000E+000  0.2079451E+003  0.2646045E+003 -0.5547346E-001  0.0000000E+000  0.3864356E+000  0.7201393E+000  0.3600000E+003 -0.5926027E+002  0.0000000E+000  0.2105937E+003  0.3186045E+003  0.9712659E+003  0.9728319E+003  0.9552634E+003  0.9566052E+003  0.3465941E+003  0.4635662E+003  0.3942570E+003  0.3296046E+003
010101998flux_so  24.000    24011998  0.4806867E+003  0.5806193E+004  0.0000000E+000  0.0000000E+000 -0.6142756E+002  0.2297985E+003  0.0000000E+000  0.2099175E+003  0.2618622E+003 -0.5521729E-001  0.0000000E+000  0.3876416E+000  0.7221217E+000  0.3600000E+003 -0.6259254E+002  0.0000000E+000  0.2108629E+003  0.3184972E+003  0.9710076E+003  0.9726144E+003  0.9550947E+003  0.9564799E+003  0.3465526E+003  0.4635216E+003  0.3942311E+003  0.3295891E+003
010101998flux_so  25.000    25011998  0.4778397E+003  0.5805604E+004  0.0000000E+000  0.0000000E+000 -0.6476539E+002  0.2399426E+003  0.0000000E+000  0.2118096E+003  0.2591261E+003 -0.5495882E-001  0.0000000E+000  0.3888071E+000  0.7237647E+000  0.3600000E+003 -0.6593292E+002  0.0000000E+000  0.2111481E+003  0.3183937E+003  0.9707517E+003  0.9724047E+003  0.9549294E+003  0.9563569E+003  0.3465119E+003  0.4634779E+003  0.3942051E+003  0.3295737E+003
010101998flux_so  26.000    26011998  0.4749728E+003  0.5805052E+004  0.0000000E+000  0.0000000E+000 -0.6815662E+002  0.2504985E+003  0.0000000E+000  0.2136399E+003  0.2563691E+003 -0.5469001E-001  0.0000000E+000  0.3899378E+000  0.7249725E+000  0.3600000E+003 -0.6932622E+002  0.0000000E+000  0.2114533E+003  0.3182916E+003  0.9705022E+003  0.9721995E+003  0.9547645E+003  0.9562363E+003  0.3464727E+003  0.4634348E+003  0.3941793E+003  0.3295586E+003
010101998flux_so  27.000    27011998  0.4721592E+003  0.5804530E+004  0.0000000E+000  0.0000000E+000 -0.7142497E+002  0.2593896E+003  0.0000000E+000  0.2153509E+003  0.2536637E+003 -0.5442475E-001  0.0000000E+000  0.3910381E+000  0.7257532E+000  0.3600000E+003 -0.7259619E+002  0.0000000E+000  0.2117698E+003  0.3181917E+003  0.9702581E+003  0.9719962E+003  0.9546055E+003  0.9561177E+003  0.3464346E+003  0.4633922E+003  0.3941534E+003  0.3295454E+003
010101998flux_so  28.000    28011998  0.4694572E+003  0.5804033E+004  0.0000000E+000  0.0000000E+000 -0.7449972E+002  0.2681451E+003  0.0000000E+000  0.2169058E+003  0.2510672E+003 -0.5416657E-001  0.0000000E+000  0.3921081E+000  0.7262153E+000  0.3600000E+003 -0.7567220E+002  0.0000000E+000  0.2120904E+003  0.3180949E+003  0.9700198E+003  0.9717957E+003  0.9544531E+003  0.9560015E+003  0.3463975E+003  0.4633502E+003  0.3941278E+003  0.3295336E+003
010101998flux_so  29.000    29011998  0.4668122E+003  0.5803563E+004  0.0000000E+000  0.0000000E+000 -0.7750697E+002  0.2766430E+003  0.0000000E+000  0.2183527E+003  0.2485253E+003 -0.5390947E-001  0.0000000E+000  0.3931544E+000  0.7263941E+000  0.3600000E+003 -0.7868044E+002  0.0000000E+000  0.2124208E+003  0.3179999E+003  0.9697888E+003  0.9715953E+003  0.9543058E+003  0.9558876E+003  0.3463613E+003  0.4633087E+003  0.3941026E+003  0.3295222E+003
010101998flux_so  30.000    30011998  0.4641782E+003  0.5803119E+004  0.0000000E+000  0.0000000E+000 -0.8046235E+002  0.2851317E+003  0.0000000E+000  0.2197262E+003  0.2459931E+003 -0.5365597E-001  0.0000000E+000  0.3941966E+000  0.7263266E+000  0.3600000E+003 -0.8163653E+002  0.0000000E+000  0.2127640E+003  0.3179050E+003  0.9695634E+003  0.9713961E+003  0.9541628E+003  0.9557758E+003  0.3463259E+003  0.4632678E+003  0.3940779E+003  0.3295108E+003
