    DOY     DATE    HOUR    SOL_RADN        AIR_TEMP        HUM             WIND            PREC            SOIL_RN         SOIL_LE         SOIL_H          SOIL_G          ECO_RN          ECO_LE          ECO_H           ECO_G           TEMP_1          TEMP_2          TEMP_3          TEMP_4          TEMP_5          TEMP_6          TEMP_7          TEMP_8          TEMP_9          TEMP_10         TEMP_11         TEMP_16         TEMP_LITTER     
010101999atmosph   0.042    01011999       1  0.0000000E+000 -0.2040000E+002  0.9012427E-001  0.1000000E+001  0.0000000E+000 -0.4541825E+002  0.1140747E+001  0.3039367E+002  0.1388384E+002 -0.4541825E+002  0.1140747E+001  0.3039367E+002  0.1388384E+002 -0.1188660E+001 -0.4515381E+000 -0.1645203E+000  0.4364014E-002  0.2907104E+000  0.5817566E+000  0.9371033E+000  0.1691711E+001  0.3004791E+001  0.4893219E+001  0.6515900E+001  0.0000000E+000 -0.2090057E+001
010101999atmosph   0.083    01011999       2  0.0000000E+000 -0.1910000E+002  0.9905938E-001  0.1670000E+001  0.1000000E+000 -0.4278090E+002  0.1161217E+001  0.3198432E+002  0.9635374E+001 -0.4278090E+002  0.1161217E+001  0.3198432E+002  0.9635374E+001 -0.1191711E+001 -0.4539185E+000 -0.1652222E+000  0.4180908E-002  0.2903748E+000  0.5811768E+000  0.9362488E+000  0.1690338E+001  0.3002319E+001  0.4889496E+001  0.6511597E+001  0.0000000E+000 -0.2115082E+001
010101999atmosph   0.125    01011999       3  0.0000000E+000 -0.1900000E+002  0.1026988E+000  0.3060000E+001  0.1000000E+000 -0.4453345E+002  0.1313300E+001  0.3269474E+002  0.1052541E+002 -0.4453345E+002  0.1313300E+001  0.3269474E+002  0.1052541E+002 -0.1193756E+001 -0.4563904E+000 -0.1660767E+000  0.3997803E-002  0.2900696E+000  0.5806885E+000  0.9354248E+000  0.1688934E+001  0.2999847E+001  0.4885773E+001  0.6507294E+001  0.0000000E+000 -0.2137756E+001
010101999atmosph   0.167    01011999       4  0.0000000E+000 -0.1910000E+002  0.9905938E-001  0.2500000E+001  0.0000000E+000 -0.4486160E+002  0.1296934E+001  0.3244375E+002  0.1112092E+002 -0.4486160E+002  0.1296934E+001  0.3244375E+002  0.1112092E+002 -0.1184692E+001 -0.4565735E+000 -0.1666870E+000  0.3967285E-002  0.2897644E+000  0.5801392E+000  0.9346008E+000  0.1687622E+001  0.2997467E+001  0.4882050E+001  0.6503052E+001  0.0000000E+000 -0.2114380E+001
010101999atmosph   0.208    01011999       5  0.0000000E+000 -0.1910000E+002  0.9905938E-001  0.4170000E+001  0.0000000E+000 -0.4543201E+002  0.1167602E+001  0.3415393E+002  0.1011047E+002 -0.4543201E+002  0.1167602E+001  0.3415393E+002  0.1011047E+002 -0.1178314E+001 -0.4567566E+000 -0.1671448E+000  0.3814697E-002  0.2894287E+000  0.5795593E+000  0.9338074E+000  0.1686218E+001  0.2995056E+001  0.4878326E+001  0.6498779E+001  0.0000000E+000 -0.2098785E+001
010101999atmosph   0.250    01011999       6  0.0000000E+000 -0.1910000E+002  0.9766418E-001  0.4170000E+001  0.0000000E+000 -0.4560008E+002  0.1090330E+001  0.3379176E+002  0.1071800E+002 -0.4560008E+002  0.1090330E+001  0.3379176E+002  0.1071800E+002 -0.1173645E+001 -0.4572754E+000 -0.1676636E+000  0.3692627E-002  0.2890625E+000  0.5790405E+000  0.9329529E+000  0.1684753E+001  0.2992584E+001  0.4874603E+001  0.6494537E+001  0.0000000E+000 -0.2087738E+001
010101999atmosph   0.292    01011999       7  0.0000000E+000 -0.1990000E+002  0.8745138E-001  0.7220000E+001  0.0000000E+000 -0.4919747E+002  0.4651436E+000  0.3951999E+002  0.9212332E+001 -0.4919747E+002  0.4651436E+000  0.3951999E+002  0.9212332E+001 -0.1169373E+001 -0.4581299E+000 -0.1684570E+000  0.3540039E-002  0.2887573E+000  0.5784912E+000  0.9321899E+000  0.1683258E+001  0.2990112E+001  0.4870911E+001  0.6490234E+001  0.0000000E+000 -0.2076935E+001
010101999atmosph   0.333    01011999       8  0.0000000E+000 -0.2090000E+002  0.7681269E-001  0.4720000E+001  0.0000000E+000 -0.4850583E+002  0.1859888E+000  0.3402372E+002  0.1429613E+002 -0.4850583E+002  0.1859888E+000  0.3402372E+002  0.1429613E+002 -0.1165741E+001 -0.4588928E+000 -0.1692200E+000  0.3204346E-002  0.2884521E+000  0.5779419E+000  0.9313354E+000  0.1681824E+001  0.2987762E+001  0.4867188E+001  0.6485992E+001  0.0000000E+000 -0.2066956E+001
010101999atmosph   0.375    01011999       9  0.5650452E+002 -0.2130000E+002  0.7078258E-001  0.4720000E+001  0.0000000E+000 -0.2060014E+002 -0.1870417E+001  0.1904767E+002  0.3422888E+001 -0.2060014E+002 -0.1870417E+001  0.1904767E+002  0.3422888E+001 -0.1162720E+001 -0.4597473E+000 -0.1700134E+000  0.3051758E-002  0.2881470E+000  0.5773926E+000  0.9305115E+000  0.1680389E+001  0.2985352E+001  0.4863525E+001  0.6481750E+001  0.0000000E+000 -0.2057739E+001
010101999atmosph   0.417    01011999      10  0.1587127E+003 -0.2210000E+002  0.6397271E-001  0.3610000E+001  0.0000000E+000 -0.1038293E+002 -0.3305168E+001  0.6811973E+001  0.6876125E+001 -0.1038293E+002 -0.3305168E+001  0.6811973E+001  0.6876125E+001 -0.1157471E+001 -0.4600830E+000 -0.1708069E+000  0.2899170E-002  0.2878113E+000  0.5768738E+000  0.9296570E+000  0.1678986E+001  0.2982910E+001  0.4859863E+001  0.6477478E+001  0.0000000E+000 -0.2041443E+001
010101999atmosph   0.458    01011999      11  0.2454196E+003 -0.2280000E+002  0.5720109E-001  0.5280000E+001  0.0000000E+000  0.6736778E-001 -0.5132435E+001 -0.1997121E+001  0.7062189E+001  0.6736778E-001 -0.5132435E+001 -0.1997121E+001  0.7062189E+001 -0.1150635E+001 -0.4598694E+000 -0.1714172E+000  0.2838135E-002  0.2874756E+000  0.5763245E+000  0.9288330E+000  0.1677612E+001  0.2980438E+001  0.4856171E+001  0.6473236E+001  0.0000000E+000 -0.2021118E+001
010101999atmosph   0.500    01011999      12  0.3610289E+003 -0.2270000E+002  0.5460152E-001  0.5280000E+001  0.0000000E+000  0.1560095E+002 -0.6989011E+001 -0.1288130E+002  0.4269357E+001  0.1560095E+002 -0.6989011E+001 -0.1288130E+002  0.4269357E+001 -0.1142426E+001 -0.4593201E+000 -0.1719360E+000  0.2716064E-002  0.2871704E+000  0.5757446E+000  0.9280396E+000  0.1676178E+001  0.2978058E+001  0.4852478E+001  0.6468933E+001  0.0000000E+000 -0.1997009E+001
010101999atmosph   0.542    01011999      13  0.3652292E+003 -0.2260000E+002  0.5299177E-001  0.4720000E+001  0.0000000E+000  0.1517867E+002 -0.7547925E+001 -0.1476255E+002  0.7131796E+001  0.1517867E+002 -0.7547925E+001 -0.1476255E+002  0.7131796E+001 -0.1132507E+001 -0.4582825E+000 -0.1725159E+000  0.2655029E-002  0.2868958E+000  0.5751953E+000  0.9272156E+000  0.1674744E+001  0.2975647E+001  0.4848785E+001  0.6464691E+001  0.0000000E+000 -0.1969574E+001
010101999atmosph   0.583    01011999      14  0.3177254E+003 -0.2230000E+002  0.5436511E-001  0.4170000E+001  0.0000000E+000  0.6317975E+001 -0.6760435E+001 -0.9045606E+001  0.9488067E+001  0.6317975E+001 -0.6760435E+001 -0.9045606E+001  0.9488067E+001 -0.1122406E+001 -0.4570312E+000 -0.1728210E+000  0.2532959E-002  0.2864990E+000  0.5747681E+000  0.9263611E+000  0.1673340E+001  0.2973175E+001  0.4845093E+001  0.6460480E+001  0.0000000E+000 -0.1942993E+001
010101999atmosph   0.625    01011999      15  0.2199176E+003 -0.2230000E+002  0.5223314E-001  0.6110000E+001  0.0000000E+000 -0.1137408E+002 -0.5610632E+001  0.3242566E+001  0.1374215E+002 -0.1137408E+002 -0.5610632E+001  0.3242566E+001  0.1374215E+002 -0.1113586E+001 -0.4557800E+000 -0.1731567E+000  0.2288818E-002  0.2862549E+000  0.5741882E+000  0.9255676E+000  0.1671936E+001  0.2970795E+001  0.4841400E+001  0.6456238E+001  0.0000000E+000 -0.1921875E+001
010101999atmosph   0.667    01011999      16  0.9630770E+002 -0.2260000E+002  0.5091366E-001  0.3610000E+001  0.0000000E+000 -0.3058264E+002 -0.2978060E+001  0.1597466E+002  0.1758604E+002 -0.3058264E+002 -0.2978060E+001  0.1597466E+002  0.1758604E+002 -0.1108429E+001 -0.4549255E+000 -0.1737366E+000  0.2105713E-002  0.2859497E+000  0.5736084E+000  0.9247437E+000  0.1670563E+001  0.2968384E+001  0.4837708E+001  0.6452026E+001  0.0000000E+000 -0.1910828E+001
010101999atmosph   0.708    01011999      17  0.0000000E+000 -0.2300000E+002  0.5020562E-001  0.1940000E+001  0.0000000E+000 -0.4649479E+002 -0.1130805E+001  0.2713592E+002  0.2048967E+002 -0.4649479E+002 -0.1130805E+001  0.2713592E+002  0.2048967E+002 -0.1108307E+001 -0.4552307E+000 -0.1742859E+000  0.1983643E-002  0.2856140E+000  0.5730286E+000  0.9239502E+000  0.1669189E+001  0.2965912E+001  0.4834045E+001  0.6447784E+001  0.0000000E+000 -0.1913330E+001
010101999atmosph   0.750    01011999      18  0.0000000E+000 -0.2380000E+002  0.4780757E-001  0.1110000E+001  0.0000000E+000 -0.4438739E+002 -0.7940186E+000  0.2944881E+002  0.1573260E+002 -0.4438739E+002 -0.7940186E+000  0.2944881E+002  0.1573260E+002 -0.1113495E+001 -0.4565735E+000 -0.1750183E+000  0.1922607E-002  0.2852783E+000  0.5725403E+000  0.9231262E+000  0.1667786E+001  0.2963470E+001  0.4830383E+001  0.6443512E+001  0.0000000E+000 -0.1927002E+001
010101999atmosph   0.792    01011999      19  0.0000000E+000 -0.2380000E+002  0.4874497E-001  0.1110000E+001  0.0000000E+000 -0.4313365E+002 -0.6961960E+000  0.2933541E+002  0.1449443E+002 -0.4313365E+002 -0.6961960E+000  0.2933541E+002  0.1449443E+002 -0.1121582E+001 -0.4584656E+000 -0.1759949E+000  0.1861572E-002  0.2850342E+000  0.5719910E+000  0.9223328E+000  0.1666443E+001  0.2961060E+001  0.4826721E+001  0.6439270E+001  0.0000000E+000 -0.1945343E+001
010101999atmosph   0.833    01011999      20  0.0000000E+000 -0.2420000E+002  0.4799569E-001  0.1000000E+001  0.0000000E+000 -0.4347097E+002 -0.6090791E+000  0.2927642E+002  0.1480364E+002 -0.4347097E+002 -0.6090791E+000  0.2927642E+002  0.1480364E+002 -0.1131378E+001 -0.4608459E+000 -0.1770325E+000  0.1495361E-002  0.2846985E+000  0.5714417E+000  0.9215088E+000  0.1665100E+001  0.2958710E+001  0.4823090E+001  0.6435059E+001  0.0000000E+000 -0.1965027E+001
010101999atmosph   0.875    01011999      21  0.0000000E+000 -0.2440000E+002  0.4806210E-001  0.1110000E+001  0.0000000E+000 -0.4315438E+002 -0.5336046E+000  0.2905325E+002  0.1463473E+002 -0.4315438E+002 -0.5336046E+000  0.2905325E+002  0.1463473E+002 -0.1142487E+001 -0.4636841E+000 -0.1779785E+000  0.1281738E-002  0.2843628E+000  0.5709229E+000  0.9207153E+000  0.1663666E+001  0.2956329E+001  0.4819397E+001  0.6430817E+001  0.0000000E+000 -0.1985901E+001
010101999atmosph   0.917    01011999      22  0.0000000E+000 -0.2410000E+002  0.4932590E-001  0.2500000E+001  0.0000000E+000 -0.4242764E+002 -0.4863431E+000  0.2926091E+002  0.1365308E+002 -0.4242764E+002 -0.4863431E+000  0.2926091E+002  0.1365308E+002 -0.1154388E+001 -0.4667664E+000 -0.1790466E+000  0.1007080E-002  0.2839661E+000  0.5703735E+000  0.9198303E+000  0.1662262E+001  0.2953888E+001  0.4815796E+001  0.6426636E+001  0.0000000E+000 -0.2006927E+001
010101999atmosph   0.958    01011999      23  0.0000000E+000 -0.2440000E+002  0.4984218E-001  0.1110000E+001  0.0000000E+000 -0.4313303E+002 -0.4066011E+000  0.2927698E+002  0.1426265E+002 -0.4313303E+002 -0.4066011E+000  0.2927698E+002  0.1426265E+002 -0.1166473E+001 -0.4700012E+000 -0.1802673E+000  0.8544922E-003  0.2835693E+000  0.5698242E+000  0.9190063E+000  0.1660889E+001  0.2951477E+001  0.4812164E+001  0.6422424E+001  0.0000000E+000 -0.2026764E+001
010101999atmosph   1.000    01011999      24  0.0000000E+000 -0.2480000E+002  0.4900171E-001  0.1110000E+001  0.0000000E+000 -0.4327054E+002 -0.3130501E+000  0.2888573E+002  0.1469785E+002 -0.4327054E+002 -0.3130501E+000  0.2888573E+002  0.1469785E+002 -0.1178772E+001 -0.4733887E+000 -0.1814575E+000  0.5493164E-003  0.2832336E+000  0.5692139E+000  0.9181824E+000  0.1659485E+001  0.2949127E+001  0.4808502E+001  0.6418274E+001  0.0000000E+000 -0.2046692E+001
010101999atmosph   1.042    02011999       1  0.0000000E+000 -0.2550000E+002  0.4691060E-001  0.1110000E+001  0.0000000E+000 -0.4354942E+002 -0.2578124E+000  0.2837432E+002  0.1543291E+002 -0.4354942E+002 -0.2578124E+000  0.2837432E+002  0.1543291E+002 -0.1191528E+001 -0.4770508E+000 -0.1827393E+000  0.3356934E-003  0.2828369E+000  0.5685730E+000  0.9173584E+000  0.1658112E+001  0.2946747E+001  0.4804871E+001  0.6414093E+001  0.0000000E+000 -0.2067230E+001
010101999atmosph   1.083    02011999       2  0.0000000E+000 -0.2610000E+002  0.4681049E-001  0.1670000E+001  0.0000000E+000 -0.4330334E+002 -0.1436375E+000  0.2780179E+002  0.1564519E+002 -0.4330334E+002 -0.1436375E+000  0.2780179E+002  0.1564519E+002 -0.1204926E+001 -0.4808655E+000 -0.1840515E+000 -0.3051758E-004  0.2824097E+000  0.5679932E+000  0.9165344E+000  0.1656708E+001  0.2944336E+001  0.4801270E+001  0.6409943E+001  0.0000000E+000 -0.2088776E+001
010101999atmosph   1.125    02011999       3  0.0000000E+000 -0.2420000E+002  0.5433474E-001  0.1110000E+001  0.0000000E+000 -0.4008740E+002 -0.2508608E-001  0.2878859E+002  0.1132390E+002 -0.4008740E+002 -0.2508608E-001  0.2878859E+002  0.1132390E+002 -0.1218689E+001 -0.4856262E+000 -0.1853943E+000 -0.3051758E-003  0.2820435E+000  0.5673828E+000  0.9157410E+000  0.1655273E+001  0.2941895E+001  0.4797668E+001  0.6405762E+001  0.0000000E+000 -0.2110016E+001
010101999atmosph   1.167    02011999       4  0.0000000E+000 -0.2560000E+002  0.4970915E-001  0.1110000E+001  0.0000000E+000 -0.4418287E+002  0.1374468E-001  0.2883001E+002  0.1533911E+002 -0.4418287E+002  0.1374468E-001  0.2883001E+002  0.1533911E+002 -0.1231506E+001 -0.4902344E+000 -0.1867371E+000 -0.4882812E-003  0.2816162E+000  0.5668030E+000  0.9148865E+000  0.1653900E+001  0.2939606E+001  0.4794067E+001  0.6401581E+001  0.0000000E+000 -0.2128021E+001
010101999atmosph   1.208    02011999       5  0.0000000E+000 -0.2580000E+002  0.4963434E-001  0.1000000E+001  0.0000000E+000 -0.4287019E+002  0.4570507E-001  0.2789080E+002  0.1493369E+002 -0.4287019E+002  0.4570507E-001  0.2789080E+002  0.1493369E+002 -0.1244293E+001 -0.4950256E+000 -0.1882019E+000 -0.6408691E-003  0.2811584E+000  0.5662842E+000  0.9140625E+000  0.1652588E+001  0.2937256E+001  0.4790436E+001  0.6397430E+001  0.0000000E+000 -0.2146149E+001
010101999atmosph   1.250    02011999       6  0.0000000E+000 -0.2590000E+002  0.4763934E-001  0.1110000E+001  0.0000000E+000 -0.4252024E+002  0.2068084E-001  0.2798308E+002  0.1451649E+002 -0.4252024E+002  0.2068084E-001  0.2798308E+002  0.1451649E+002 -0.1257111E+001 -0.4997253E+000 -0.1895752E+000 -0.1220703E-002  0.2807922E+000  0.5656738E+000  0.9132080E+000  0.1651184E+001  0.2934814E+001  0.4786835E+001  0.6393280E+001  0.0000000E+000 -0.2164642E+001
010101999atmosph   1.292    02011999       7  0.0000000E+000 -0.2590000E+002  0.4842031E-001  0.1670000E+001  0.0000000E+000 -0.4230807E+002  0.1511051E-002  0.2804982E+002  0.1425674E+002 -0.4230807E+002  0.1511051E-002  0.2804982E+002  0.1425674E+002 -0.1269775E+001 -0.5044861E+000 -0.1910400E+000 -0.1342773E-002  0.2803650E+000  0.5650635E+000  0.9124146E+000  0.1649780E+001  0.2932434E+001  0.4783203E+001  0.6389160E+001  0.0000000E+000 -0.2182556E+001
010101999atmosph   1.333    02011999       8  0.0000000E+000 -0.2510000E+002  0.5192684E-001  0.1670000E+001  0.0000000E+000 -0.4130643E+002  0.5555774E-001  0.2854768E+002  0.1270320E+002 -0.4130643E+002  0.5555774E-001  0.2854768E+002  0.1270320E+002 -0.1281952E+001 -0.5093384E+000 -0.1926575E+000 -0.1708984E-002  0.2799072E+000  0.5643616E+000  0.9115601E+000  0.1648346E+001  0.2930054E+001  0.4779572E+001  0.6384979E+001  0.0000000E+000 -0.2199005E+001
010101999atmosph   1.375    02011999       9  0.6400512E+002 -0.2440000E+002  0.5696249E-001  0.1670000E+001  0.0000000E+000 -0.1531110E+002 -0.1046459E+001  0.1457026E+002  0.1787294E+001 -0.1531110E+002 -0.1046459E+001  0.1457026E+002  0.1787294E+001 -0.1291382E+001 -0.5140991E+000 -0.1943054E+000 -0.1983643E-002  0.2794495E+000  0.5637207E+000  0.9106445E+000  0.1646881E+001  0.2927704E+001  0.4776001E+001  0.6380798E+001  0.0000000E+000 -0.2207092E+001
010101999atmosph   1.417    02011999      10  0.1476118E+003 -0.2230000E+002  0.6822288E-001  0.1940000E+001  0.0000000E+000 -0.4730032E+001 -0.2366418E+001  0.5815125E+001  0.1281326E+001 -0.4730032E+001 -0.2366418E+001  0.5815125E+001  0.1281326E+001 -0.1294159E+001 -0.5175171E+000 -0.1958618E+000 -0.2410889E-002  0.2790222E+000  0.5630798E+000  0.9097595E+000  0.1645477E+001  0.2925262E+001  0.4772400E+001  0.6376617E+001  0.0000000E+000 -0.2199097E+001
010101999atmosph   1.458    02011999      11  0.1975158E+003 -0.2100000E+002  0.7735829E-001  0.1940000E+001  0.0000000E+000  0.1684064E+001 -0.3577269E+001  0.2280675E+000  0.1665138E+001  0.1684064E+001 -0.3577269E+001  0.2280675E+000  0.1665138E+001 -0.1289917E+001 -0.5193787E+000 -0.1971741E+000 -0.2532959E-002  0.2785034E+000  0.5624695E+000  0.9088745E+000  0.1644073E+001  0.2922882E+001  0.4768799E+001  0.6372498E+001  0.0000000E+000 -0.2175690E+001
010101999atmosph   1.500    02011999      12  0.2887231E+003 -0.1940000E+002  0.8573232E-001  0.2500000E+001  0.0000000E+000  0.8535293E+001 -0.4901956E+001 -0.4283064E+001  0.6497282E+000  0.8535293E+001 -0.4901956E+001 -0.4283064E+001  0.6497282E+000 -0.1279266E+001 -0.5198669E+000 -0.1981506E+000 -0.2868652E-002  0.2781677E+000  0.5617676E+000  0.9079895E+000  0.1642700E+001  0.2920502E+001  0.4765198E+001  0.6368378E+001  0.0000000E+000 -0.2140167E+001
010101999atmosph   1.542    02011999      13  0.2863229E+003 -0.1850000E+002  0.8797858E-001  0.2500000E+001  0.0000000E+000  0.6183386E+001 -0.5657312E+001 -0.3881435E+001  0.3355361E+001  0.6183386E+001 -0.5657312E+001 -0.3881435E+001  0.3355361E+001 -0.1263336E+001 -0.5188904E+000 -0.1989441E+000 -0.2990723E-002  0.2777405E+000  0.5611877E+000  0.9071045E+000  0.1641296E+001  0.2918152E+001  0.4761627E+001  0.6364227E+001  0.0000000E+000 -0.2096161E+001
010101999atmosph   1.583    02011999      14  0.2175174E+003 -0.1790000E+002  0.8935986E-001  0.1670000E+001  0.0000000E+000 -0.1437328E+001 -0.5390043E+001  0.6343293E+000  0.6193041E+001 -0.1437328E+001 -0.5390043E+001  0.6343293E+000  0.6193041E+001 -0.1244476E+001 -0.5169373E+000 -0.1994934E+000 -0.3326416E-002  0.2773743E+000  0.5606079E+000  0.9062500E+000  0.1639893E+001  0.2915802E+001  0.4758057E+001  0.6360077E+001  0.0000000E+000 -0.2049561E+001
010101999atmosph   1.625    02011999      15  0.1610129E+003 -0.1740000E+002  0.9149946E-001  0.1110000E+001  0.0000000E+000 -0.1128926E+002 -0.4027696E+001  0.6874731E+001  0.8442229E+001 -0.1128926E+002 -0.4027696E+001  0.6874731E+001  0.8442229E+001 -0.1225006E+001 -0.5144348E+000 -0.2000122E+000 -0.3448486E-002  0.2770081E+000  0.5599976E+000  0.9053345E+000  0.1638550E+001  0.2913391E+001  0.4754517E+001  0.6355957E+001  0.0000000E+000 -0.2005219E+001
010101999atmosph   1.667    02011999      16  0.4730378E+002 -0.1770000E+002  0.8770868E-001  0.1000000E+001  0.0000000E+000 -0.2524879E+002 -0.2729496E+001  0.1552131E+002  0.1245697E+002 -0.2524879E+002 -0.2729496E+001  0.1552131E+002  0.1245697E+002 -0.1207306E+001 -0.5118408E+000 -0.2004089E+000 -0.3448486E-002  0.2766418E+000  0.5594177E+000  0.9044495E+000  0.1637146E+001  0.2910980E+001  0.4750916E+001  0.6351807E+001  0.0000000E+000 -0.1967926E+001
010101999atmosph   1.708    02011999      17  0.0000000E+000 -0.1760000E+002  0.9001079E-001  0.1000000E+001  0.0000000E+000 -0.4796581E+002 -0.5744458E+000  0.3060917E+002  0.1793109E+002 -0.4796581E+002 -0.5744458E+000  0.3060917E+002  0.1793109E+002 -0.1193848E+001 -0.5096436E+000 -0.2008972E+000 -0.3601074E-002  0.2763062E+000  0.5588684E+000  0.9036255E+000  0.1635742E+001  0.2908600E+001  0.4747345E+001  0.6347656E+001  0.0000000E+000 -0.1942627E+001
010101999atmosph   1.750    02011999      18  0.0000000E+000 -0.1720000E+002  0.9301016E-001  0.1110000E+001  0.0000000E+000 -0.4441243E+002 -0.6024409E-001  0.3409995E+002  0.1037272E+002 -0.4441243E+002 -0.6024409E-001  0.3409995E+002  0.1037272E+002 -0.1185608E+001 -0.5083618E+000 -0.2014160E+000 -0.3753662E-002  0.2759705E+000  0.5583496E+000  0.9028015E+000  0.1634308E+001  0.2906281E+001  0.4743805E+001  0.6343506E+001  0.0000000E+000 -0.1928864E+001
010101999atmosph   1.792    02011999      19  0.0000000E+000 -0.1730000E+002  0.9387052E-001  0.1670000E+001  0.0000000E+000 -0.4501312E+002  0.2346759E-001  0.3428942E+002  0.1070023E+002 -0.4501312E+002  0.2346759E-001  0.3428942E+002  0.1070023E+002 -0.1179474E+001 -0.5073547E+000 -0.2021179E+000 -0.3814697E-002  0.2756348E+000  0.5577698E+000  0.9019470E+000  0.1632843E+001  0.2903900E+001  0.4740204E+001  0.6339417E+001  0.0000000E+000 -0.1918152E+001
010101999atmosph   1.833    02011999      20  0.0000000E+000 -0.1700000E+002  0.9620214E-001  0.3060000E+001  0.0000000E+000 -0.4455537E+002  0.7710924E-001  0.3432125E+002  0.1015701E+002 -0.4455537E+002  0.7710924E-001  0.3432125E+002  0.1015701E+002 -0.1174805E+001 -0.5067139E+000 -0.2027283E+000 -0.3997803E-002  0.2753296E+000  0.5571899E+000  0.9011536E+000  0.1631470E+001  0.2901550E+001  0.4736664E+001  0.6335297E+001  0.0000000E+000 -0.1908875E+001
010101999atmosph   1.875    02011999      21  0.0000000E+000 -0.1680000E+002  0.9778573E-001  0.1670000E+001  0.0000000E+000 -0.4470547E+002  0.9757450E-001  0.3455675E+002  0.1005115E+002 -0.4470547E+002  0.9757450E-001  0.3455675E+002  0.1005115E+002 -0.1170990E+001 -0.5060425E+000 -0.2033691E+000 -0.4119873E-002  0.2749634E+000  0.5566101E+000  0.9003296E+000  0.1630096E+001  0.2899200E+001  0.4733124E+001  0.6331207E+001  0.0000000E+000 -0.1900391E+001
010101999atmosph   1.917    02011999      22  0.0000000E+000 -0.1700000E+002  0.9786079E-001  0.3060000E+001  0.0000000E+000 -0.4531450E+002  0.1487261E+000  0.3446703E+002  0.1069875E+002 -0.4531450E+002  0.1487261E+000  0.3446703E+002  0.1069875E+002 -0.1167755E+001 -0.5056763E+000 -0.2039795E+000 -0.4455566E-002  0.2746582E+000  0.5560303E+000  0.8994751E+000  0.1628693E+001  0.2896881E+001  0.4729553E+001  0.6327087E+001  0.0000000E+000 -0.1892761E+001
010101999atmosph   1.958    02011999      23  0.0000000E+000 -0.1670000E+002  0.1002858E+000  0.5280000E+001  0.0000000E+000 -0.4697654E+002 -0.2710608E+000  0.3985849E+002  0.7389109E+001 -0.4697654E+002 -0.2710608E+000  0.3985849E+002  0.7389109E+001 -0.1164734E+001 -0.5052795E+000 -0.2046814E+000 -0.4547119E-002  0.2742920E+000  0.5554199E+000  0.8986816E+000  0.1627319E+001  0.2894531E+001  0.4726013E+001  0.6322968E+001  0.0000000E+000 -0.1884521E+001
010101999atmosph   2.000    02011999      24  0.0000000E+000 -0.1680000E+002  0.1028436E+000  0.6110000E+001  0.2000000E+000 -0.4920990E+002 -0.5009601E+000  0.4041809E+002  0.9292768E+001 -0.4920990E+002 -0.5009601E+000  0.4041809E+002  0.9292768E+001 -0.1179565E+001 -0.5080261E+000 -0.2058105E+000 -0.4791260E-002  0.2739563E+000  0.5549011E+000  0.8978271E+000  0.1625946E+001  0.2892151E+001  0.4722534E+001  0.6318878E+001  0.0000000E+000 -0.1943665E+001
010101999atmosph   2.042    03011999       1  0.0000000E+000 -0.1630000E+002  0.1071160E+000  0.5560000E+001  0.4000000E+000 -0.4856685E+002 -0.3094735E+000  0.3907809E+002  0.9798234E+001 -0.4856685E+002 -0.3094735E+000  0.3907809E+002  0.9798234E+001 -0.1201447E+001 -0.5128479E+000 -0.2072754E+000 -0.5004883E-002  0.2735901E+000  0.5543518E+000  0.8970337E+000  0.1624542E+001  0.2889771E+001  0.4718994E+001  0.6314789E+001  0.0000000E+000 -0.2049622E+001
010101999atmosph   2.083    03011999       2  0.0000000E+000 -0.1530000E+002  0.1180495E+000  0.7220000E+001  0.5000000E+000 -0.4908635E+002 -0.4230860E+000  0.4247709E+002  0.7032342E+001 -0.4908635E+002 -0.4230860E+000  0.4247709E+002  0.7032342E+001 -0.1216492E+001 -0.5167542E+000 -0.2087097E+000 -0.5249023E-002  0.2731628E+000  0.5537720E+000  0.8962097E+000  0.1623138E+001  0.2887482E+001  0.4715454E+001  0.6310669E+001  0.0000000E+000 -0.2156372E+001
010101999atmosph   2.125    03011999       3  0.0000000E+000 -0.1490000E+002  0.1258447E+000  0.8330000E+001  0.6000000E+000 -0.5098838E+002 -0.3359872E+000  0.4348832E+002  0.7836048E+001 -0.5098838E+002 -0.3359872E+000  0.4348832E+002  0.7836048E+001 -0.1225739E+001 -0.5196228E+000 -0.2099915E+000 -0.5615234E-002  0.2727661E+000  0.5531616E+000  0.8954163E+000  0.1621704E+001  0.2885162E+001  0.4711945E+001  0.6306580E+001  0.0000000E+000 -0.2263489E+001
010101999atmosph   2.167    03011999       4  0.0000000E+000 -0.1500000E+002  0.1345900E+000  0.7220000E+001  0.9000000E+000 -0.5178396E+002  0.3752353E+000  0.4158720E+002  0.9821528E+001 -0.5178396E+002  0.3752353E+000  0.4158720E+002  0.9821528E+001 -0.1238617E+001 -0.5230713E+000 -0.2113342E+000 -0.5889893E-002  0.2723389E+000  0.5526123E+000  0.8945618E+000  0.1620361E+001  0.2882812E+001  0.4708405E+001  0.6302521E+001  0.0000000E+000 -0.2406799E+001
010101999atmosph   2.208    03011999       5  0.0000000E+000 -0.1530000E+002  0.1351857E+000  0.7220000E+001  0.7000000E+000 -0.5192735E+002  0.9679157E+000  0.4135349E+002  0.9605945E+001 -0.5192735E+002  0.9679157E+000  0.4135349E+002  0.9605945E+001 -0.1235474E+001 -0.5240173E+000 -0.2122498E+000 -0.6072998E-002  0.2719116E+000  0.5520020E+000  0.8936462E+000  0.1618958E+001  0.2880463E+001  0.4704865E+001  0.6298431E+001  0.0000000E+000 -0.2437744E+001
010101999atmosph   2.250    03011999       6  0.0000000E+000 -0.1470000E+002  0.1498619E+000  0.7220000E+001  0.5000000E+000 -0.5085678E+002  0.1607210E+001  0.4159829E+002  0.7651278E+001 -0.5085678E+002  0.1607210E+001  0.4159829E+002  0.7651278E+001 -0.1222534E+001 -0.5226135E+000 -0.2130432E+000 -0.6347656E-002  0.2715149E+000  0.5513916E+000  0.8928223E+000  0.1617615E+001  0.2878143E+001  0.4701324E+001  0.6294342E+001  0.0000000E+000 -0.2426758E+001
010101999atmosph   2.292    03011999       7  0.0000000E+000 -0.1370000E+002  0.1709907E+000  0.7220000E+001  0.6000000E+000 -0.5101796E+002  0.2491263E+001  0.4165444E+002  0.6872257E+001 -0.5101796E+002  0.2491263E+001  0.4165444E+002  0.6872257E+001 -0.1210510E+001 -0.5215454E+000 -0.2136230E+000 -0.6408691E-002  0.2711487E+000  0.5507202E+000  0.8920288E+000  0.1616211E+001  0.2875854E+001  0.4697784E+001  0.6290222E+001  0.0000000E+000 -0.2425629E+001
010101999atmosph   2.333    03011999       8  0.0000000E+000 -0.1350000E+002  0.1781317E+000  0.7780000E+001  0.8000000E+000 -0.5294510E+002  0.3076813E+001  0.4179409E+002  0.8074195E+001 -0.5294510E+002  0.3076813E+001  0.4179409E+002  0.8074195E+001 -0.1201782E+001 -0.5209351E+000 -0.2144165E+000 -0.6591797E-002  0.2707825E+000  0.5501404E+000  0.8911438E+000  0.1614899E+001  0.2873566E+001  0.4694305E+001  0.6286194E+001  0.0000000E+000 -0.2442993E+001
010101999atmosph   2.375    03011999       9  0.1780142E+002 -0.1340000E+002  0.1817699E+000  0.7220000E+001  0.9000000E+000 -0.3259841E+002  0.1367806E+001  0.2825520E+002  0.2975405E+001 -0.3259841E+002  0.1367806E+001  0.2825520E+002  0.2975405E+001 -0.1191803E+001 -0.5199890E+000 -0.2152100E+000 -0.6805420E-002  0.2704163E+000  0.5495300E+000  0.8902893E+000  0.1613495E+001  0.2871216E+001  0.4690826E+001  0.6282074E+001  0.0000000E+000 -0.2456451E+001
010101999atmosph   2.417    03011999      10  0.3790303E+002 -0.1200000E+002  0.2129361E+000  0.6110000E+001  0.7000000E+000 -0.2922675E+002  0.1607867E+001  0.2473091E+002  0.2887977E+001 -0.2922675E+002  0.1607867E+001  0.2473091E+002  0.2887977E+001 -0.1174774E+001 -0.5176086E+000 -0.2156677E+000 -0.6896973E-002  0.2700806E+000  0.5489502E+000  0.8894348E+000  0.1612152E+001  0.2868896E+001  0.4687347E+001  0.6277985E+001  0.0000000E+000 -0.2434357E+001
010101999atmosph   2.458    03011999      11  0.7680614E+002 -0.1130000E+002  0.2354090E+000  0.4720000E+001  0.8000000E+000 -0.2556609E+002  0.2060136E+001  0.2055515E+002  0.2950809E+001 -0.2556609E+002  0.2060136E+001  0.2055515E+002  0.2950809E+001 -0.1155243E+001 -0.5141907E+000 -0.2160339E+000 -0.6988525E-002  0.2696838E+000  0.5484314E+000  0.8885803E+000  0.1610718E+001  0.2866547E+001  0.4683899E+001  0.6273926E+001  0.0000000E+000 -0.2404114E+001
010101999atmosph   2.500    03011999      12  0.1289103E+003 -0.1010000E+002  0.2756801E+000  0.4720000E+001  0.7000000E+000 -0.1858551E+002  0.2400862E+001  0.1606322E+002  0.1214332E+000 -0.1858551E+002  0.2400862E+001  0.1606322E+002  0.1214332E+000 -0.1133026E+001 -0.5101318E+000 -0.2160645E+000 -0.7049561E-002  0.2694092E+000  0.5478821E+000  0.8877258E+000  0.1609375E+001  0.2864258E+001  0.4680420E+001  0.6269897E+001  0.0000000E+000 -0.2361603E+001
010101999atmosph   2.542    03011999      13  0.1253100E+003 -0.8700000E+001  0.3038828E+000  0.3610000E+001  0.9000000E+000 -0.1737026E+002  0.2708622E+001  0.1361828E+002  0.1043358E+001 -0.1737026E+002  0.2708622E+001  0.1361828E+002  0.1043358E+001 -0.1109528E+001 -0.5053711E+000 -0.2160645E+000 -0.7110596E-002  0.2691345E+000  0.5473633E+000  0.8869019E+000  0.1608032E+001  0.2861938E+001  0.4676910E+001  0.6265839E+001  0.0000000E+000 -0.2316467E+001
010101999atmosph   2.583    03011999      14  0.7320585E+002 -0.7700000E+001  0.3245423E+000  0.1940000E+001  0.1100000E+001 -0.2247884E+002  0.3378231E+001  0.1559483E+002  0.3505776E+001 -0.2247884E+002  0.3378231E+001  0.1559483E+002  0.3505776E+001 -0.1085571E+001 -0.5002441E+000 -0.2158813E+000 -0.7202148E-002  0.2688293E+000  0.5468140E+000  0.8861084E+000  0.1606659E+001  0.2859650E+001  0.4673401E+001  0.6261749E+001  0.0000000E+000 -0.2271790E+001
010101999atmosph   2.625    03011999      15  0.2670213E+002 -0.6900000E+001  0.3411738E+000  0.3060000E+001  0.8000000E+000 -0.2726323E+002  0.4303040E+001  0.1970485E+002  0.3255345E+001 -0.2726323E+002  0.4303040E+001  0.1970485E+002  0.3255345E+001 -0.1059723E+001 -0.4945374E+000 -0.2156372E+000 -0.7110596E-002  0.2684937E+000  0.5463257E+000  0.8853149E+000  0.1605286E+001  0.2857330E+001  0.4669891E+001  0.6257690E+001  0.0000000E+000 -0.2216797E+001
010101999atmosph   2.667    03011999      16  0.2130170E+002 -0.6000000E+001  0.3651152E+000  0.2500000E+001  0.1000000E+001 -0.2594286E+002  0.4376272E+001  0.1918366E+002  0.2382934E+001 -0.2594286E+002  0.4376272E+001  0.1918366E+002  0.2382934E+001 -0.1033875E+001 -0.4883423E+000 -0.2151794E+000 -0.7202148E-002  0.2682495E+000  0.5458374E+000  0.8845215E+000  0.1603943E+001  0.2855011E+001  0.4666443E+001  0.6253662E+001  0.0000000E+000 -0.2161560E+001
010101999atmosph   2.708    03011999      17  0.0000000E+000 -0.5400000E+001  0.3860122E+000  0.1110000E+001  0.8000000E+000 -0.4848970E+002  0.7397407E+001  0.2961855E+002  0.1147375E+002 -0.4848970E+002  0.7397407E+001  0.2961855E+002  0.1147375E+002 -0.1007812E+001 -0.4820557E+000 -0.2145386E+000 -0.7141113E-002  0.2680969E+000  0.5452881E+000  0.8837585E+000  0.1602600E+001  0.2852722E+001  0.4662964E+001  0.6249603E+001  0.0000000E+000 -0.2096497E+001
010101999atmosph   2.750    03011999      18  0.0000000E+000 -0.5800000E+001  0.3825928E+000  0.1670000E+001  0.9000000E+000 -0.4814628E+002  0.7804781E+001  0.3153389E+002  0.8807612E+001 -0.4814628E+002  0.7804781E+001  0.3153389E+002  0.8807612E+001 -0.9831238E+000 -0.4755859E+000 -0.2140198E+000 -0.7080078E-002  0.2679443E+000  0.5448914E+000  0.8830261E+000  0.1601227E+001  0.2850433E+001  0.4659485E+001  0.6245514E+001  0.0000000E+000 -0.2036530E+001
010101999atmosph   2.792    03011999      19  0.0000000E+000 -0.4900000E+001  0.4006876E+000  0.1940000E+001  0.1000000E+001 -0.4539381E+002  0.7838009E+001  0.3106320E+002  0.6492598E+001 -0.4539381E+002  0.7838009E+001  0.3106320E+002  0.6492598E+001 -0.9600525E+000 -0.4694214E+000 -0.2133179E+000 -0.7019043E-002  0.2677612E+000  0.5444031E+000  0.8822632E+000  0.1599823E+001  0.2848114E+001  0.4656067E+001  0.6241486E+001  0.0000000E+000 -0.1989655E+001
010101999atmosph   2.833    03011999      20  0.0000000E+000 -0.4800000E+001  0.3993880E+000  0.2500000E+001  0.1200000E+001 -0.4722741E+002  0.8080971E+001  0.3096903E+002  0.8177411E+001 -0.4722741E+002  0.8080971E+001  0.3096903E+002  0.8177411E+001 -0.9382324E+000 -0.4631653E+000 -0.2126465E+000 -0.6927490E-002  0.2675171E+000  0.5439453E+000  0.8814697E+000  0.1598450E+001  0.2845856E+001  0.4652649E+001  0.6237427E+001  0.0000000E+000 -0.1949554E+001
010101999atmosph   2.875    03011999      21  0.0000000E+000 -0.5600000E+001  0.3843238E+000  0.1670000E+001  0.9000000E+000 -0.4932344E+002  0.7975673E+001  0.3124357E+002  0.1010419E+002 -0.4932344E+002  0.7975673E+001  0.3124357E+002  0.1010419E+002 -0.9171448E+000 -0.4570007E+000 -0.2119141E+000 -0.6958008E-002  0.2673340E+000  0.5435181E+000  0.8807373E+000  0.1597107E+001  0.2843567E+001  0.4649170E+001  0.6233459E+001  0.0000000E+000 -0.1909851E+001
010101999atmosph   2.917    03011999      22  0.0000000E+000 -0.7700000E+001  0.3279949E+000  0.1940000E+001  0.8000000E+000 -0.5372412E+002  0.7406523E+001  0.3200661E+002  0.1431099E+002 -0.5372412E+002  0.7406523E+001  0.3200661E+002  0.1431099E+002 -0.8973999E+000 -0.4509583E+000 -0.2111816E+000 -0.6774902E-002  0.2672119E+000  0.5430908E+000  0.8800354E+000  0.1595764E+001  0.2841278E+001  0.4645721E+001  0.6229431E+001  0.0000000E+000 -0.1872559E+001
010101999atmosph   2.958    03011999      23  0.0000000E+000 -0.7300000E+001  0.3345538E+000  0.1940000E+001  0.5000000E+000 -0.4814212E+002  0.7048638E+001  0.3256132E+002  0.8532167E+001 -0.4814212E+002  0.7048638E+001  0.3256132E+002  0.8532167E+001 -0.8789978E+000 -0.4451599E+000 -0.2103271E+000 -0.6652832E-002  0.2670288E+000  0.5426941E+000  0.8793335E+000  0.1594452E+001  0.2839020E+001  0.4642273E+001  0.6225403E+001  0.0000000E+000 -0.1836761E+001
010101999atmosph   3.000    03011999      24  0.0000000E+000 -0.6600000E+001  0.3339815E+000  0.4170000E+001  0.2000000E+000 -0.4796470E+002  0.7478392E+001  0.3561140E+002  0.4874914E+001 -0.4796470E+002  0.7478392E+001  0.3561140E+002  0.4874914E+001 -0.8616638E+000 -0.4394226E+000 -0.2095032E+000 -0.6500244E-002  0.2669373E+000  0.5422974E+000  0.8786316E+000  0.1593109E+001  0.2836731E+001  0.4638855E+001  0.6221375E+001  0.0000000E+000 -0.1800385E+001
010101999atmosph   3.042    04011999       1  0.0000000E+000 -0.6900000E+001  0.3118255E+000  0.4720000E+001  0.1000000E+000 -0.5170232E+002  0.7101684E+001  0.3839983E+002  0.6200799E+001 -0.5170232E+002  0.7101684E+001  0.3839983E+002  0.6200799E+001 -0.8451843E+000 -0.4339294E+000 -0.2087097E+000 -0.6469727E-002  0.2668152E+000  0.5419006E+000  0.8779297E+000  0.1591827E+001  0.2834442E+001  0.4635376E+001  0.6217407E+001  0.0000000E+000 -0.1764709E+001
010101999atmosph   3.083    04011999       2  0.0000000E+000 -0.7200000E+001  0.2797208E+000  0.5280000E+001  0.1000000E+000 -0.5431060E+002  0.5759062E+001  0.4166563E+002  0.6885912E+001 -0.5431060E+002  0.5759062E+001  0.4166563E+002  0.6885912E+001 -0.8297729E+000 -0.4286194E+000 -0.2078247E+000 -0.6439209E-002  0.2666626E+000  0.5415039E+000  0.8772583E+000  0.1590485E+001  0.2832153E+001  0.4631958E+001  0.6213409E+001  0.0000000E+000 -0.1727936E+001
010101999atmosph   3.125    04011999       3  0.0000000E+000 -0.8300000E+001  0.2506635E+000  0.4170000E+001  0.0000000E+000 -0.5394687E+002  0.4542086E+001  0.3881824E+002  0.1058655E+002 -0.5394687E+002  0.4542086E+001  0.3881824E+002  0.1058655E+002 -0.8152466E+000 -0.4235535E+000 -0.2068481E+000 -0.6225586E-002  0.2665405E+000  0.5411377E+000  0.8765564E+000  0.1589172E+001  0.2829956E+001  0.4628510E+001  0.6209381E+001  0.0000000E+000 -0.1685364E+001
010101999atmosph   3.167    04011999       4  0.0000000E+000 -0.9100000E+001  0.2326533E+000  0.5280000E+001  0.0000000E+000 -0.5364046E+002  0.4004989E+001  0.4291156E+002  0.6723917E+001 -0.5364046E+002  0.4004989E+001  0.4291156E+002  0.6723917E+001 -0.8018494E+000 -0.4185791E+000 -0.2059937E+000 -0.6195068E-002  0.2664185E+000  0.5408020E+000  0.8758850E+000  0.1587891E+001  0.2827698E+001  0.4625061E+001  0.6205353E+001  0.0000000E+000 -0.1654419E+001
010101999atmosph   3.208    04011999       5  0.0000000E+000 -0.9000000E+001  0.2219445E+000  0.5560000E+001  0.0000000E+000 -0.5280087E+002  0.3153855E+001  0.4361371E+002  0.6033298E+001 -0.5280087E+002  0.3153855E+001  0.4361371E+002  0.6033298E+001 -0.7895508E+000 -0.4140930E+000 -0.2051392E+000 -0.6042480E-002  0.2663269E+000  0.5404053E+000  0.8751831E+000  0.1586578E+001  0.2825439E+001  0.4621643E+001  0.6201355E+001  0.0000000E+000 -0.1629150E+001
010101999atmosph   3.250    04011999       6  0.0000000E+000 -0.9300000E+001  0.2138279E+000  0.4720000E+001  0.0000000E+000 -0.5196973E+002  0.2726553E+001  0.4123460E+002  0.8008576E+001 -0.5196973E+002  0.2726553E+001  0.4123460E+002  0.8008576E+001 -0.7782898E+000 -0.4095154E+000 -0.2042847E+000 -0.5981445E-002  0.2662354E+000  0.5400391E+000  0.8745728E+000  0.1585236E+001  0.2823181E+001  0.4618225E+001  0.6197388E+001  0.0000000E+000 -0.1607147E+001
010101999atmosph   3.292    04011999       7  0.0000000E+000 -0.9700000E+001  0.2073328E+000  0.5560000E+001  0.0000000E+000 -0.5252370E+002  0.2500998E+001  0.4410410E+002  0.5918611E+001 -0.5252370E+002  0.2500998E+001  0.4410410E+002  0.5918611E+001 -0.7679138E+000 -0.4050598E+000 -0.2033386E+000 -0.5889893E-002  0.2661438E+000  0.5397339E+000  0.8738708E+000  0.1583923E+001  0.2820953E+001  0.4614807E+001  0.6193390E+001  0.0000000E+000 -0.1587891E+001
010101999atmosph   3.333    04011999       8  0.0000000E+000 -0.9600000E+001  0.2178942E+000  0.6670000E+001  0.0000000E+000 -0.5318821E+002  0.2642486E+001  0.4576080E+002  0.4784931E+001 -0.5318821E+002  0.2642486E+001  0.4576080E+002  0.4784931E+001 -0.7584839E+000 -0.4006958E+000 -0.2025757E+000 -0.5706787E-002  0.2659912E+000  0.5393677E+000  0.8732300E+000  0.1582672E+001  0.2818726E+001  0.4611420E+001  0.6189423E+001  0.0000000E+000 -0.1570709E+001
010101999atmosph   3.375    04011999       9  0.7860629E+002 -0.9100000E+001  0.2295513E+000  0.6110000E+001  0.0000000E+000 -0.2922968E+002  0.5889498E+000  0.3199143E+002 -0.3350696E+001 -0.2922968E+002  0.5889498E+000  0.3199143E+002 -0.3350696E+001 -0.7496948E+000 -0.3967285E+000 -0.2017517E+000 -0.5615234E-002  0.2658997E+000  0.5390015E+000  0.8725281E+000  0.1581421E+001  0.2816437E+001  0.4608002E+001  0.6185425E+001  0.0000000E+000 -0.1555054E+001
010101999atmosph   3.417    04011999      10  0.2249180E+003 -0.8200000E+001  0.2459383E+000  0.7220000E+001  0.0000000E+000 -0.2606737E+002 -0.6856446E+000  0.2816495E+002 -0.1411941E+001 -0.2606737E+002 -0.6856446E+000  0.2816495E+002 -0.1411941E+001 -0.7413330E+000 -0.3928528E+000 -0.2008667E+000 -0.5462646E-002  0.2657776E+000  0.5386353E+000  0.8719177E+000  0.1580109E+001  0.2814178E+001  0.4604645E+001  0.6181427E+001  0.0000000E+000 -0.1539642E+001
010101999atmosph   3.458    04011999      11  0.2475198E+003 -0.7200000E+001  0.2582038E+000  0.6670000E+001  0.0000000E+000 -0.1611949E+002 -0.2766479E+001  0.2231071E+002 -0.3424749E+001 -0.1611949E+002 -0.2766479E+001  0.2231071E+002 -0.3424749E+001 -0.7336731E+000 -0.3906250E+000 -0.1999207E+000 -0.5310059E-002  0.2656860E+000  0.5382996E+000  0.8712769E+000  0.1578857E+001  0.2811951E+001  0.4601227E+001  0.6177399E+001  0.0000000E+000 -0.1523499E+001
010101999atmosph   3.500    04011999      12  0.3829306E+003 -0.6800000E+001  0.2439605E+000  0.7220000E+001  0.0000000E+000 -0.8402804E+001 -0.6428861E+001  0.1747436E+002 -0.2642690E+001 -0.8402804E+001 -0.6428861E+001  0.1747436E+002 -0.2642690E+001 -0.7261658E+000 -0.3884583E+000 -0.1990356E+000 -0.5249023E-002  0.2656250E+000  0.5379639E+000  0.8706360E+000  0.1577667E+001  0.2809723E+001  0.4597839E+001  0.6173462E+001  0.0000000E+000 -0.1506531E+001
010101999atmosph   3.542    04011999      13  0.2586207E+003 -0.7000000E+001  0.2366580E+000  0.6110000E+001  0.0000000E+000 -0.1383947E+002 -0.6835940E+001  0.1847863E+002  0.2196782E+001 -0.1383947E+002 -0.6835940E+001  0.1847863E+002  0.2196782E+001 -0.7185974E+000 -0.3862305E+000 -0.1981506E+000 -0.5096436E-002  0.2655029E+000  0.5375671E+000  0.8699646E+000  0.1576385E+001  0.2807495E+001  0.4594513E+001  0.6169525E+001  0.0000000E+000 -0.1488129E+001
010101999atmosph   3.583    04011999      14  0.2648212E+003 -0.6600000E+001  0.2364139E+000  0.6110000E+001  0.0000000E+000 -0.1948957E+002 -0.5944400E+001  0.2305099E+002  0.2382986E+001 -0.1948957E+002 -0.5944400E+001  0.2305099E+002  0.2382986E+001 -0.7109070E+000 -0.3838806E+000 -0.1971436E+000 -0.4974365E-002  0.2654114E+000  0.5372009E+000  0.8692932E+000  0.1575134E+001  0.2805267E+001  0.4591125E+001  0.6165558E+001  0.0000000E+000 -0.1468811E+001
010101999atmosph   3.625    04011999      15  0.1112089E+003 -0.8700000E+001  0.2239136E+000  0.6110000E+001  0.0000000E+000 -0.2621396E+002 -0.4267947E+001  0.2363673E+002  0.6845180E+001 -0.2621396E+002 -0.4267947E+001  0.2363673E+002  0.6845180E+001 -0.7032166E+000 -0.3815613E+000 -0.1962585E+000 -0.4791260E-002  0.2652893E+000  0.5369263E+000  0.8686218E+000  0.1573914E+001  0.2803070E+001  0.4587799E+001  0.6161621E+001  0.0000000E+000 -0.1449341E+001
010101999atmosph   3.667    04011999      16  0.4900391E+002 -0.9600000E+001  0.2358033E+000  0.6110000E+001  0.0000000E+000 -0.3260130E+002 -0.6339274E+000  0.2567485E+002  0.7560380E+001 -0.3260130E+002 -0.6339274E+000  0.2567485E+002  0.7560380E+001 -0.6958008E+000 -0.3791199E+000 -0.1953125E+000 -0.4730225E-002  0.2652283E+000  0.5365295E+000  0.8680420E+000  0.1572693E+001  0.2800842E+001  0.4584412E+001  0.6157623E+001  0.0000000E+000 -0.1428864E+001
010101999atmosph   3.708    04011999      17  0.0000000E+000 -0.1210000E+002  0.1916157E+000  0.5560000E+001  0.0000000E+000 -0.5946317E+002  0.2864522E+001  0.3690237E+002  0.1969628E+002 -0.5946317E+002  0.2864522E+001  0.3690237E+002  0.1969628E+002 -0.6887817E+000 -0.3766785E+000 -0.1943665E+000 -0.4577637E-002  0.2651672E+000  0.5362244E+000  0.8674011E+000  0.1571411E+001  0.2798676E+001  0.4581024E+001  0.6153687E+001  0.0000000E+000 -0.1402252E+001
010101999atmosph   3.750    04011999      18  0.0000000E+000 -0.1320000E+002  0.1666609E+000  0.5560000E+001  0.0000000E+000 -0.5401128E+002  0.2500121E+001  0.3929990E+002  0.1221126E+002 -0.5401128E+002  0.2500121E+001  0.3929990E+002  0.1221126E+002 -0.6828308E+000 -0.3742676E+000 -0.1933594E+000 -0.4364014E-002  0.2650452E+000  0.5358887E+000  0.8667603E+000  0.1570160E+001  0.2796478E+001  0.4577667E+001  0.6149750E+001  0.0000000E+000 -0.1387451E+001
010101999atmosph   3.792    04011999      19  0.0000000E+000 -0.1420000E+002  0.1455859E+000  0.4170000E+001  0.0000000E+000 -0.5112271E+002  0.1850460E+001  0.3537431E+002  0.1389794E+002 -0.5112271E+002  0.1850460E+001  0.3537431E+002  0.1389794E+002 -0.6779785E+000 -0.3722229E+000 -0.1923828E+000 -0.4302979E-002  0.2650146E+000  0.5355835E+000  0.8661194E+000  0.1568970E+001  0.2794250E+001  0.4574249E+001  0.6145844E+001  0.0000000E+000 -0.1379181E+001
010101999atmosph   3.833    04011999      20  0.0000000E+000 -0.1500000E+002  0.1345900E+000  0.3610000E+001  0.0000000E+000 -0.4897978E+002  0.1522742E+001  0.3512008E+002  0.1233696E+002 -0.4897978E+002  0.1522742E+001  0.3512008E+002  0.1233696E+002 -0.6743469E+000 -0.3703308E+000 -0.1917114E+000 -0.4241943E-002  0.2648926E+000  0.5352478E+000  0.8655090E+000  0.1567780E+001  0.2792053E+001  0.4570862E+001  0.6141907E+001  0.0000000E+000 -0.1375732E+001
010101999atmosph   3.875    04011999      21  0.0000000E+000 -0.1600000E+002  0.1277484E+000  0.5280000E+001  0.0000000E+000 -0.5040915E+002  0.1305856E+001  0.3894439E+002  0.1015891E+002 -0.5040915E+002  0.1305856E+001  0.3894439E+002  0.1015891E+002 -0.6718750E+000 -0.3688049E+000 -0.1909180E+000 -0.4150391E-002  0.2648010E+000  0.5348816E+000  0.8649292E+000  0.1566559E+001  0.2789886E+001  0.4567505E+001  0.6138031E+001  0.0000000E+000 -0.1376495E+001
010101999atmosph   3.917    04011999      22  0.0000000E+000 -0.1690000E+002  0.1237471E+000  0.4720000E+001  0.0000000E+000 -0.5016730E+002  0.1442862E+001  0.3598429E+002  0.1274016E+002 -0.5016730E+002  0.1442862E+001  0.3598429E+002  0.1274016E+002 -0.6705933E+000 -0.3673096E+000 -0.1900635E+000 -0.3967285E-002  0.2646790E+000  0.5346069E+000  0.8643494E+000  0.1565308E+001  0.2787720E+001  0.4564178E+001  0.6134064E+001  0.0000000E+000 -0.1380890E+001
010101999atmosph   3.958    04011999      23  0.0000000E+000 -0.1760000E+002  0.9948562E-001  0.4170000E+001  0.0000000E+000 -0.4835490E+002  0.9378992E+000  0.3392337E+002  0.1349362E+002 -0.4835490E+002  0.9378992E+000  0.3392337E+002  0.1349362E+002 -0.6703796E+000 -0.3663330E+000 -0.1893005E+000 -0.3845215E-002  0.2646179E+000  0.5342712E+000  0.8637695E+000  0.1564148E+001  0.2785492E+001  0.4560822E+001  0.6130096E+001  0.0000000E+000 -0.1388611E+001
010101999atmosph   4.000    04011999      24  0.0000000E+000 -0.1840000E+002  0.8131627E-001  0.3610000E+001  0.0000000E+000 -0.4698619E+002 -0.5157227E-001  0.3394094E+002  0.1309683E+002 -0.4698619E+002 -0.5157227E-001  0.3394094E+002  0.1309683E+002 -0.6713257E+000 -0.3653870E+000 -0.1886597E+000 -0.3753662E-002  0.2645569E+000  0.5339661E+000  0.8631897E+000  0.1562958E+001  0.2783325E+001  0.4557465E+001  0.6126160E+001  0.0000000E+000 -0.1399475E+001
010101999atmosph   4.042    05011999       1  0.0000000E+000 -0.1880000E+002  0.8296071E-001  0.3060000E+001  0.0000000E+000 -0.4537102E+002 -0.1936004E+000  0.3305587E+002  0.1250875E+002 -0.4537102E+002 -0.1936004E+000  0.3305587E+002  0.1250875E+002 -0.6733704E+000 -0.3648987E+000 -0.1879883E+000 -0.3723145E-002  0.2644348E+000  0.5336914E+000  0.8625793E+000  0.1561768E+001  0.2781128E+001  0.4554138E+001  0.6122284E+001  0.0000000E+000 -0.1413269E+001
010101999atmosph   4.083    05011999       2  0.0000000E+000 -0.1980000E+002  0.7897163E-001  0.1940000E+001  0.0000000E+000 -0.4577582E+002  0.6035062E-001  0.3259518E+002  0.1312028E+002 -0.4577582E+002  0.6035062E-001  0.3259518E+002  0.1312028E+002 -0.6765137E+000 -0.3645630E+000 -0.1875305E+000 -0.3662109E-002  0.2643127E+000  0.5333557E+000  0.8619690E+000  0.1560455E+001  0.2778961E+001  0.4550812E+001  0.6118317E+001  0.0000000E+000 -0.1430176E+001
010101999atmosph   4.125    05011999       3  0.0000000E+000 -0.2090000E+002  0.7441229E-001  0.1940000E+001  0.0000000E+000 -0.4572366E+002  0.1729820E+000  0.3167100E+002  0.1387968E+002 -0.4572366E+002  0.1729820E+000  0.3167100E+002  0.1387968E+002 -0.6805420E+000 -0.3646545E+000 -0.1870117E+000 -0.3601074E-002  0.2642212E+000  0.5330200E+000  0.8613586E+000  0.1559296E+001  0.2776825E+001  0.4547485E+001  0.6114410E+001  0.0000000E+000 -0.1449829E+001
010101999atmosph   4.167    05011999       4  0.0000000E+000 -0.2110000E+002  0.7316821E-001  0.1670000E+001  0.0000000E+000 -0.4421947E+002  0.2352632E+000  0.3142947E+002  0.1255474E+002 -0.4421947E+002  0.2352632E+000  0.3142947E+002  0.1255474E+002 -0.6855774E+000 -0.3648682E+000 -0.1865540E+000 -0.3570557E-002  0.2640991E+000  0.5326538E+000  0.8607178E+000  0.1558105E+001  0.2774658E+001  0.4544189E+001  0.6110443E+001  0.0000000E+000 -0.1471710E+001
010101999atmosph   4.208    05011999       5  0.0000000E+000 -0.2140000E+002  0.7248792E-001  0.1670000E+001  0.0000000E+000 -0.4404926E+002  0.2852635E+000  0.3149993E+002  0.1226406E+002 -0.4404926E+002  0.2852635E+000  0.3149993E+002  0.1226406E+002 -0.6915283E+000 -0.3655090E+000 -0.1861877E+000 -0.3448486E-002  0.2639771E+000  0.5323181E+000  0.8601379E+000  0.1556915E+001  0.2772491E+001  0.4540833E+001  0.6106537E+001  0.0000000E+000 -0.1496063E+001
010101999atmosph   4.250    05011999       6  0.0000000E+000 -0.2210000E+002  0.7156270E-001  0.1670000E+001  0.0000000E+000 -0.4447043E+002  0.4069020E+000  0.3103991E+002  0.1302363E+002 -0.4447043E+002  0.4069020E+000  0.3103991E+002  0.1302363E+002 -0.6982727E+000 -0.3662720E+000 -0.1856384E+000 -0.3417969E-002  0.2638245E+000  0.5319824E+000  0.8595276E+000  0.1555725E+001  0.2770325E+001  0.4537506E+001  0.6102661E+001  0.0000000E+000 -0.1522217E+001
010101999atmosph   4.292    05011999       7  0.0000000E+000 -0.2190000E+002  0.7278929E-001  0.1110000E+001  0.0000000E+000 -0.4315743E+002  0.5136006E+000  0.3103895E+002  0.1160489E+002 -0.4315743E+002  0.5136006E+000  0.3103895E+002  0.1160489E+002 -0.7056580E+000 -0.3673401E+000 -0.1851501E+000 -0.3387451E-002  0.2637024E+000  0.5316772E+000  0.8589478E+000  0.1554535E+001  0.2768127E+001  0.4534210E+001  0.6098724E+001  0.0000000E+000 -0.1549988E+001
010101999atmosph   4.333    05011999       8  0.0000000E+000 -0.2190000E+002  0.7499503E-001  0.1110000E+001  0.0000000E+000 -0.4325192E+002  0.6201291E+000  0.3131503E+002  0.1131676E+002 -0.4325192E+002  0.6201291E+000  0.3131503E+002  0.1131676E+002 -0.7137756E+000 -0.3684692E+000 -0.1846924E+000 -0.3356934E-002  0.2635498E+000  0.5313110E+000  0.8583679E+000  0.1553436E+001  0.2765961E+001  0.4530823E+001  0.6094849E+001  0.0000000E+000 -0.1578827E+001
010101999atmosph   4.375    05011999       9  0.9580766E+002 -0.2200000E+002  0.7436074E-001  0.1670000E+001  0.0000000E+000 -0.2672452E+002 -0.4727633E-001  0.2261565E+002  0.4156145E+001 -0.2672452E+002 -0.4727633E-001  0.2261565E+002  0.4156145E+001 -0.7222290E+000 -0.3699036E+000 -0.1842651E+000 -0.3295898E-002  0.2634277E+000  0.5309753E+000  0.8577881E+000  0.1552246E+001  0.2763855E+001  0.4527557E+001  0.6090942E+001  0.0000000E+000 -0.1608490E+001
010101999atmosph   4.417    05011999      10  0.2285183E+003 -0.2140000E+002  0.7939153E-001  0.1670000E+001  0.0000000E+000 -0.1524253E+002 -0.9822320E+000  0.1387802E+002  0.2346746E+001 -0.1524253E+002 -0.9822320E+000  0.1387802E+002  0.2346746E+001 -0.7308655E+000 -0.3715210E+000 -0.1839294E+000 -0.3326416E-002  0.2633362E+000  0.5306702E+000  0.8571777E+000  0.1551025E+001  0.2761719E+001  0.4524231E+001  0.6087006E+001  0.0000000E+000 -0.1637238E+001
010101999atmosph   4.458    05011999      11  0.2861229E+003 -0.1900000E+002  0.9988514E-001  0.1940000E+001  0.0000000E+000 -0.7723421E+001 -0.1591253E+001  0.1030618E+002 -0.9915096E+000 -0.7723421E+001 -0.1591253E+001  0.1030618E+002 -0.9915096E+000 -0.7393188E+000 -0.3731384E+000 -0.1835938E+000 -0.3326416E-002  0.2631836E+000  0.5303345E+000  0.8565369E+000  0.1549805E+001  0.2759552E+001  0.4520935E+001  0.6083130E+001  0.0000000E+000 -0.1663696E+001
010101999atmosph   4.500    05011999      12  0.2903232E+003 -0.1630000E+002  0.1246760E+000  0.2500000E+001  0.0000000E+000 -0.3147619E+001 -0.2256369E+001  0.9078049E+001 -0.3674060E+001 -0.3147619E+001 -0.2256369E+001  0.9078049E+001 -0.3674060E+001 -0.7469788E+000 -0.3746338E+000 -0.1833191E+000 -0.3234863E-002  0.2630310E+000  0.5299683E+000  0.8559265E+000  0.1548615E+001  0.2757416E+001  0.4517670E+001  0.6079224E+001  0.0000000E+000 -0.1690369E+001
010101999atmosph   4.542    05011999      13  0.2312185E+003 -0.1470000E+002  0.1338766E+000  0.1670000E+001  0.0000000E+000 -0.5155401E+001 -0.2727250E+001  0.9051984E+001 -0.1169333E+001 -0.5155401E+001 -0.2727250E+001  0.9051984E+001 -0.1169333E+001 -0.7538147E+000 -0.3761902E+000 -0.1831055E+000 -0.3265381E-002  0.2628479E+000  0.5296631E+000  0.8553772E+000  0.1547455E+001  0.2755310E+001  0.4514404E+001  0.6075378E+001  0.0000000E+000 -0.1720306E+001
010101999atmosph   4.583    05011999      14  0.2103168E+003 -0.1320000E+002  0.1463914E+000  0.1110000E+001  0.0000000E+000 -0.9275158E+001 -0.2878982E+001  0.1184331E+002  0.3108326E+000 -0.9275158E+001 -0.2878982E+001  0.1184331E+002  0.3108326E+000 -0.7594299E+000 -0.3776245E+000 -0.1828003E+000 -0.3326416E-002  0.2627258E+000  0.5292664E+000  0.8547058E+000  0.1546265E+001  0.2753204E+001  0.4511108E+001  0.6071472E+001  0.0000000E+000 -0.1736542E+001
010101999atmosph   4.625    05011999      15  0.1191095E+003 -0.1180000E+002  0.1584578E+000  0.1670000E+001  0.0000000E+000 -0.1566431E+002 -0.2494172E+001  0.1671746E+002  0.1441023E+001 -0.1566431E+002 -0.2494172E+001  0.1671746E+002  0.1441023E+001 -0.7638855E+000 -0.3787537E+000 -0.1825867E+000 -0.3295898E-002  0.2625732E+000  0.5288696E+000  0.8540955E+000  0.1545135E+001  0.2751038E+001  0.4507812E+001  0.6067596E+001  0.0000000E+000 -0.1745483E+001
010101999atmosph   4.667    05011999      16  0.5680454E+002 -0.1160000E+002  0.1762918E+000  0.1110000E+001  0.0000000E+000 -0.2483728E+002 -0.1098446E+001  0.2166079E+002  0.4274938E+001 -0.2483728E+002 -0.1098446E+001  0.2166079E+002  0.4274938E+001 -0.7670898E+000 -0.3796387E+000 -0.1822510E+000 -0.3295898E-002  0.2624512E+000  0.5284424E+000  0.8534851E+000  0.1543945E+001  0.2748901E+001  0.4504517E+001  0.6063751E+001  0.0000000E+000 -0.1749237E+001
010101999atmosph   4.708    05011999      17  0.0000000E+000 -0.1160000E+002  0.1788467E+000  0.1670000E+001  0.0000000E+000 -0.5022132E+002  0.1873384E+001  0.3464585E+002  0.1370209E+002 -0.5022132E+002  0.1873384E+001  0.3464585E+002  0.1370209E+002 -0.7694702E+000 -0.3803406E+000 -0.1818848E+000 -0.3234863E-002  0.2622375E+000  0.5280457E+000  0.8528748E+000  0.1542786E+001  0.2746796E+001  0.4501251E+001  0.6059845E+001  0.0000000E+000 -0.1749939E+001
010101999atmosph   4.750    05011999      18  0.0000000E+000 -0.1260000E+002  0.1794890E+000  0.1670000E+001  0.0000000E+000 -0.4860093E+002  0.2820088E+001  0.3702857E+002  0.8752273E+001 -0.4860093E+002  0.2820088E+001  0.3702857E+002  0.8752273E+001 -0.7712708E+000 -0.3811340E+000 -0.1816711E+000 -0.3204346E-002  0.2620850E+000  0.5276794E+000  0.8522339E+000  0.1541656E+001  0.2744690E+001  0.4498016E+001  0.6056000E+001  0.0000000E+000 -0.1749603E+001
010101999atmosph   4.792    05011999      19  0.0000000E+000 -0.1280000E+002  0.1720257E+000  0.1670000E+001  0.0000000E+000 -0.4742038E+002  0.2933959E+001  0.3643959E+002  0.8046827E+001 -0.4742038E+002  0.2933959E+001  0.3643959E+002  0.8046827E+001 -0.7727051E+000 -0.3817139E+000 -0.1813049E+000 -0.3204346E-002  0.2619019E+000  0.5272827E+000  0.8515320E+000  0.1540436E+001  0.2742645E+001  0.4494720E+001  0.6052185E+001  0.0000000E+000 -0.1748962E+001
010101999atmosph   4.833    05011999      20  0.0000000E+000 -0.1280000E+002  0.1697010E+000  0.1940000E+001  0.0000000E+000 -0.4684291E+002  0.2718726E+001  0.3667253E+002  0.7451655E+001 -0.4684291E+002  0.2718726E+001  0.3667253E+002  0.7451655E+001 -0.7739868E+000 -0.3822327E+000 -0.1809692E+000 -0.3204346E-002  0.2617188E+000  0.5270081E+000  0.8509521E+000  0.1539215E+001  0.2740509E+001  0.4491425E+001  0.6048340E+001  0.0000000E+000 -0.1748413E+001
010101999atmosph   4.875    05011999      21  0.0000000E+000 -0.1200000E+002  0.1881761E+000  0.1670000E+001  0.0000000E+000 -0.4567599E+002  0.3040445E+001  0.3710100E+002  0.5534551E+001 -0.4567599E+002  0.3040445E+001  0.3710100E+002  0.5534551E+001 -0.7750854E+000 -0.3827209E+000 -0.1807556E+000 -0.3173828E-002  0.2615967E+000  0.5266724E+000  0.8503723E+000  0.1538055E+001  0.2738403E+001  0.4488220E+001  0.6044464E+001  0.0000000E+000 -0.1747986E+001
010101999atmosph   4.917    05011999      22  0.0000000E+000 -0.1600000E+002  0.1601353E+000  0.1000000E+001  0.0000000E+000 -0.5287435E+002  0.3539559E+001  0.3448823E+002  0.1484656E+002 -0.5287435E+002  0.3539559E+001  0.3448823E+002  0.1484656E+002 -0.7760620E+000 -0.3830566E+000 -0.1804504E+000 -0.3082275E-002  0.2614136E+000  0.5263062E+000  0.8497314E+000  0.1536896E+001  0.2736328E+001  0.4484985E+001  0.6040619E+001  0.0000000E+000 -0.1747498E+001
010101999atmosph   4.958    05011999      23  0.0000000E+000 -0.1400000E+002  0.1606101E+000  0.1110000E+001  0.0000000E+000 -0.4431375E+002  0.3185746E+001  0.3414391E+002  0.6984088E+001 -0.4431375E+002  0.3185746E+001  0.3414391E+002  0.6984088E+001 -0.7770386E+000 -0.3832703E+000 -0.1801147E+000 -0.3143311E-002  0.2612915E+000  0.5259705E+000  0.8490906E+000  0.1535736E+001  0.2734192E+001  0.4481720E+001  0.6036804E+001  0.0000000E+000 -0.1747955E+001
010101999atmosph   5.000    05011999      24  0.0000000E+000 -0.1510000E+002  0.1451209E+000  0.1940000E+001  0.0000000E+000 -0.4772780E+002  0.2571362E+001  0.3540957E+002  0.9746867E+001 -0.4772780E+002  0.2571362E+001  0.3540957E+002  0.9746867E+001 -0.7782288E+000 -0.3838196E+000 -0.1798706E+000 -0.3082275E-002  0.2611389E+000  0.5255737E+000  0.8484802E+000  0.1534607E+001  0.2732086E+001  0.4478516E+001  0.6032959E+001  0.0000000E+000 -0.1749176E+001
010101999atmosph   5.042    06011999       1  0.0000000E+000 -0.1380000E+002  0.1610451E+000  0.2500000E+001  0.0000000E+000 -0.4443326E+002  0.2555388E+001  0.3567147E+002  0.6206407E+001 -0.4443326E+002  0.2555388E+001  0.3567147E+002  0.6206407E+001 -0.7793884E+000 -0.3843079E+000 -0.1795959E+000 -0.2960205E-002  0.2609558E+000  0.5252686E+000  0.8479004E+000  0.1533447E+001  0.2730042E+001  0.4475250E+001  0.6029114E+001  0.0000000E+000 -0.1751434E+001
010101999atmosph   5.083    06011999       2  0.0000000E+000 -0.1410000E+002  0.1551398E+000  0.1940000E+001  0.0000000E+000 -0.4662392E+002  0.2606557E+001  0.3610635E+002  0.7911016E+001 -0.4662392E+002  0.2606557E+001  0.3610635E+002  0.7911016E+001 -0.7807007E+000 -0.3845825E+000 -0.1793518E+000 -0.2990723E-002  0.2608032E+000  0.5248413E+000  0.8472900E+000  0.1532318E+001  0.2727966E+001  0.4472015E+001  0.6025299E+001  0.0000000E+000 -0.1753937E+001
010101999atmosph   5.125    06011999       3  0.0000000E+000 -0.1370000E+002  0.1601685E+000  0.1940000E+001  0.0000000E+000 -0.4578322E+002  0.2544947E+001  0.3609972E+002  0.7138560E+001 -0.4578322E+002  0.2544947E+001  0.3609972E+002  0.7138560E+001 -0.7821045E+000 -0.3851624E+000 -0.1791687E+000 -0.2960205E-002  0.2606812E+000  0.5244751E+000  0.8466492E+000  0.1531219E+001  0.2725891E+001  0.4468750E+001  0.6021454E+001  0.0000000E+000 -0.1756653E+001
010101999atmosph   5.167    06011999       4  0.0000000E+000 -0.1300000E+002  0.1693241E+000  0.1940000E+001  0.0000000E+000 -0.4535949E+002  0.2711076E+001  0.3665311E+002  0.5995302E+001 -0.4535949E+002  0.2711076E+001  0.3665311E+002  0.5995302E+001 -0.7834167E+000 -0.3855286E+000 -0.1788940E+000 -0.3021240E-002  0.2605286E+000  0.5241394E+000  0.8460083E+000  0.1529999E+001  0.2723816E+001  0.4465454E+001  0.6017670E+001  0.0000000E+000 -0.1759583E+001
010101999atmosph   5.208    06011999       5  0.0000000E+000 -0.1270000E+002  0.1851060E+000  0.1000000E+001  0.0000000E+000 -0.4621268E+002  0.3224931E+001  0.3676142E+002  0.6226337E+001 -0.4621268E+002  0.3224931E+001  0.3676142E+002  0.6226337E+001 -0.7847595E+000 -0.3858948E+000 -0.1786804E+000 -0.3021240E-002  0.2603760E+000  0.5237427E+000  0.8453979E+000  0.1528809E+001  0.2721680E+001  0.4462311E+001  0.6013824E+001  0.0000000E+000 -0.1762054E+001
010101999atmosph   5.250    06011999       6  0.0000000E+000 -0.1150000E+002  0.2060035E+000  0.1940000E+001  0.0000000E+000 -0.4538465E+002  0.3907378E+001  0.3699394E+002  0.4483334E+001 -0.4538465E+002  0.3907378E+001  0.3699394E+002  0.4483334E+001 -0.7858887E+000 -0.3863220E+000 -0.1785278E+000 -0.2960205E-002  0.2601624E+000  0.5234375E+000  0.8447266E+000  0.1527649E+001  0.2719635E+001  0.4459076E+001  0.6010040E+001  0.0000000E+000 -0.1763824E+001
