    DOY     DATE    RESIDUE_N       HUMUS_N         FERTZR_N        NET_PL_EXCH_N   NH4             NO3             SUR_DON+SED_FLX SUB_DON_FLX     SUR_DIN_FLX     SUB_DIN_FLX     N2O_FLUX        NH3_FLUX        N2_FIXN         MICRO_N         NH4_1           NH4_2           NH4_3           NH4_4           NH4_5           NH4_6           NH4_7           NH4_8           NO3_1           NO3_2           NO3_3           NO3_4           NO3_5           NO3_6           NO3_7           NO3_8           NH4_RES         FIRE_SON_LOSS   N2_FLUX         
010101998n_outs    1.000    01011998  0.2201931E+002  0.4985876E+003  0.0000000E+000  0.0000000E+000  0.1598599E+000  0.7578609E+001  0.0000000E+000  0.2066725E-001  0.0000000E+000  0.1008665E+000 -0.1624480E-002 -0.2490517E-005  0.3450300E-006  0.2423364E+002  0.1517155E+000  0.6963944E+000  0.4495852E+000  0.5005867E+000  0.4002232E+000  0.3685863E+000  0.9396877E-001  0.2127899E-001  0.5061396E+000  0.1420641E+001  0.1486168E+001  0.1251312E+001  0.1188131E+001  0.1178929E+001  0.1927559E+001  0.2133013E+001  0.1396360E+002  0.0000000E+000 -0.2178478E+000
010101998n_outs    2.000    02011998  0.2203240E+002  0.4984943E+003  0.0000000E+000  0.0000000E+000  0.1213744E+000  0.7554874E+001  0.0000000E+000  0.2398611E-001  0.0000000E+000  0.1935525E+000 -0.2414722E-002 -0.2762426E-005  0.5112793E-004  0.2440059E+002  0.1003924E+000  0.1014556E+001  0.2535417E+000  0.2559833E+000  0.1857084E+000  0.1707112E+000  0.6729203E-001  0.2754602E-001  0.3528095E+000  0.5907077E+000  0.1829978E+001  0.1581461E+001  0.1325917E+001  0.1234347E+001  0.1694328E+001  0.2037373E+001  0.1630075E+002  0.0000000E+000 -0.2576200E+000
010101998n_outs    3.000    03011998  0.2205500E+002  0.4984123E+003  0.0000000E+000  0.0000000E+000  0.1083386E+000  0.7528944E+001  0.0000000E+000  0.2611592E-001  0.0000000E+000  0.2774931E+000 -0.3898561E-002 -0.1514381E-005  0.1995098E-003  0.2456646E+002  0.8397349E-001  0.5369334E+000  0.1883523E+000  0.1901908E+000  0.1368666E+000  0.1246830E+000  0.6105744E-001  0.3116747E-001  0.3285908E+000  0.1178045E+001  0.2027850E+001  0.1778862E+001  0.1431365E+001  0.1349691E+001  0.1498893E+001  0.1882472E+001  0.1868377E+002  0.0000000E+000 -0.2641609E+000
010101998n_outs    4.000    04011998  0.2207852E+002  0.4983302E+003  0.0000000E+000  0.0000000E+000  0.1042905E+000  0.7504663E+001  0.0000000E+000  0.2769660E-001  0.0000000E+000  0.3563214E+000 -0.5456281E-002  0.4199627E-007  0.3321068E-003  0.2471335E+002  0.7067941E-001  0.3971781E+000  0.1442218E+000  0.1435280E+000  0.1019413E+000  0.9224609E-001  0.5766815E-001  0.3400379E-001  0.3006849E+000  0.1698239E+001  0.2234921E+001  0.1940839E+001  0.1516905E+001  0.1393957E+001  0.1353020E+001  0.1815873E+001  0.2053737E+002  0.0000000E+000 -0.2649201E+000
010101998n_outs    5.000    05011998  0.2209086E+002  0.4982496E+003  0.0000000E+000  0.0000000E+000  0.1023830E+000  0.7495297E+001  0.0000000E+000  0.2889445E-001  0.0000000E+000  0.4288854E+000 -0.7013416E-002  0.1708942E-005  0.4291592E-003  0.2483248E+002  0.6109586E-001  0.3021185E+000  0.1195851E+000  0.1144927E+000  0.7811724E-001  0.7020629E-001  0.5504800E-001  0.3610009E-001  0.2537106E+000  0.2062130E+001  0.2473793E+001  0.2115537E+001  0.1608143E+001  0.1431053E+001  0.1299087E+001  0.1785405E+001  0.2211512E+002  0.0000000E+000 -0.2653038E+000
010101998n_outs    6.000    06011998  0.2210420E+002  0.4981712E+003  0.0000000E+000  0.0000000E+000  0.1012702E+000  0.7490302E+001  0.0000000E+000  0.2976702E-001  0.0000000E+000  0.4929958E+000 -0.8732730E-002  0.3652374E-005  0.5445793E-003  0.2495186E+002  0.5364602E-001  0.2316539E+000  0.1039934E+000  0.9761385E-001  0.6273696E-001  0.5681272E-001  0.5278809E-001  0.3758975E-001  0.2408504E+000  0.2267277E+001  0.2679960E+001  0.2286764E+001  0.1704792E+001  0.1472636E+001  0.1260333E+001  0.1764733E+001  0.2364968E+002  0.0000000E+000 -0.2655794E+000
010101998n_outs    7.000    07011998  0.2212672E+002  0.4980940E+003  0.0000000E+000  0.0000000E+000  0.1007284E+000  0.7483948E+001  0.0000000E+000  0.3038255E-001  0.0000000E+000  0.5472605E+000 -0.1051417E-001  0.5823725E-005  0.6690506E-003  0.2507905E+002  0.4814052E-001  0.1818916E+000  0.9356586E-001  0.8761644E-001  0.5441949E-001  0.4967787E-001  0.5094044E-001  0.3865631E-001  0.2244362E+000  0.2376581E+001  0.2850106E+001  0.2452503E+001  0.1802337E+001  0.1508105E+001  0.1201221E+001  0.1751633E+001  0.2489040E+002  0.0000000E+000 -0.2657887E+000
010101998n_outs    8.000    08011998  0.2215142E+002  0.4980173E+003  0.0000000E+000  0.0000000E+000  0.1004704E+000  0.7485189E+001  0.0000000E+000  0.3088566E-001  0.0000000E+000  0.5910096E+000 -0.1236171E-001  0.8284144E-005  0.7967764E-003  0.2520605E+002  0.4570810E-001  0.1452921E+000  0.8566547E-001  0.8073290E-001  0.4959223E-001  0.4559449E-001  0.4948982E-001  0.3936991E-001  0.1954302E+000  0.2507285E+001  0.3033373E+001  0.2619801E+001  0.1897537E+001  0.1527260E+001  0.1143345E+001  0.1740017E+001  0.2578249E+002  0.0000000E+000 -0.2659841E+000
010101998n_outs    9.000    09011998  0.2217157E+002  0.4979391E+003  0.0000000E+000  0.0000000E+000  0.1002347E+000  0.7498557E+001  0.0000000E+000  0.3128665E-001  0.0000000E+000  0.6286665E+000 -0.1421375E-001  0.1066238E-004  0.9307473E-003  0.2532765E+002  0.4492283E-001  0.1193185E+000  0.8069456E-001  0.7543456E-001  0.4608137E-001  0.4248067E-001  0.4820050E-001  0.3974734E-001  0.1625167E+000  0.2761591E+001  0.3282169E+001  0.2802673E+001  0.1989583E+001  0.1549723E+001  0.1122395E+001  0.1727856E+001  0.2614117E+002  0.0000000E+000 -0.2662197E+000
010101998n_outs   10.000    10011998  0.2218363E+002  0.4978612E+003  0.0000000E+000  0.0000000E+000  0.9985776E-001  0.7524743E+001  0.0000000E+000  0.3160556E-001  0.0000000E+000  0.6617906E+000 -0.1594395E-001  0.1305579E-004  0.1061913E-002  0.2544464E+002  0.4478320E-001  0.1017669E+000  0.7846404E-001  0.7207039E-001  0.4375021E-001  0.4024535E-001  0.4705460E-001  0.3986257E-001  0.1327242E+000  0.3131625E+001  0.3608113E+001  0.2997201E+001  0.2089902E+001  0.1585734E+001  0.1128913E+001  0.1716685E+001  0.2582716E+002  0.0000000E+000 -0.2664933E+000
010101998n_outs   11.000    11011998  0.2218804E+002  0.4977838E+003  0.0000000E+000  0.0000000E+000  0.9936050E-001  0.7562557E+001  0.0000000E+000  0.3186260E-001  0.0000000E+000  0.6906884E+000 -0.1733786E-001  0.1380006E-004  0.1188523E-002  0.2556178E+002  0.4369021E-001  0.9378153E-001  0.7821408E-001  0.7017043E-001  0.4221235E-001  0.3865149E-001  0.4604355E-001  0.3980098E-001  0.1121480E+000  0.3404115E+001  0.4019060E+001  0.3224875E+001  0.2204602E+001  0.1641044E+001  0.1154839E+001  0.1707188E+001  0.2500846E+002  0.0000000E+000 -0.2668068E+000
010101998n_outs   12.000    12011998  0.2219186E+002  0.4977070E+003  0.0000000E+000  0.0000000E+000  0.9882910E-001  0.7603539E+001  0.0000000E+000  0.3208136E-001  0.0000000E+000  0.7167607E+000 -0.1831488E-001  0.1184783E-004  0.1309575E-002  0.2568681E+002  0.4200093E-001  0.8960101E-001  0.7842304E-001  0.6927947E-001  0.4123563E-001  0.3759950E-001  0.4520999E-001  0.3963875E-001  0.8528953E-001  0.3477668E+001  0.4421606E+001  0.3486724E+001  0.2337171E+001  0.1714725E+001  0.1186747E+001  0.1701106E+001  0.2408065E+002  0.0000000E+000 -0.2671439E+000
010101998n_outs   13.000    13011998  0.2219436E+002  0.4976292E+003  0.0000000E+000  0.0000000E+000  0.9841980E-001  0.7648778E+001  0.0000000E+000  0.3227987E-001  0.0000000E+000  0.7409391E+000 -0.1892562E-001  0.1346503E-004  0.1453363E-002  0.2583258E+002  0.3965512E-001  0.8530214E-001  0.7725577E-001  0.6815977E-001  0.4021714E-001  0.3657226E-001  0.4443135E-001  0.3939740E-001  0.5938410E-001  0.3626473E+001  0.4789207E+001  0.3760764E+001  0.2483910E+001  0.1800041E+001  0.1221329E+001  0.1698066E+001  0.2347872E+002  0.0000000E+000 -0.2675444E+000
010101998n_outs   14.000    14011998  0.2219610E+002  0.4975506E+003  0.0000000E+000  0.0000000E+000  0.9810939E-001  0.7697030E+001  0.0000000E+000  0.3246567E-001  0.0000000E+000  0.7637643E+000 -0.1913898E-001  0.8910339E-005  0.1593572E-002  0.2599191E+002  0.3763456E-001  0.8277179E-001  0.7615120E-001  0.6740554E-001  0.3959796E-001  0.3577150E-001  0.4370750E-001  0.3908734E-001  0.5044298E-001  0.3772203E+001  0.5152811E+001  0.4036640E+001  0.2634321E+001  0.1890330E+001  0.1256223E+001  0.1698148E+001  0.2289435E+002  0.0000000E+000 -0.2678795E+000
010101998n_outs   15.000    15011998  0.2219722E+002  0.4974725E+003  0.0000000E+000  0.0000000E+000  0.9772982E-001  0.7746931E+001  0.0000000E+000  0.3264076E-001  0.0000000E+000  0.7853870E+000 -0.1921166E-001  0.4620984E-005  0.1723283E-002  0.2616300E+002  0.3564744E-001  0.8123744E-001  0.7525638E-001  0.6678801E-001  0.3917953E-001  0.3527565E-001  0.4305553E-001  0.3874032E-001  0.4604811E-001  0.3899267E+001  0.5510321E+001  0.4314394E+001  0.2787404E+001  0.1984886E+001  0.1292044E+001  0.1701009E+001  0.2225821E+002  0.0000000E+000 -0.2681115E+000
010101998n_outs   16.000    16011998  0.2219805E+002  0.4973958E+003  0.0000000E+000  0.0000000E+000  0.9726634E-001  0.7797156E+001  0.0000000E+000  0.3280690E-001  0.0000000E+000  0.8058681E+000 -0.1927105E-001  0.4383898E-005  0.1837922E-002  0.2634004E+002  0.3396834E-001  0.8046766E-001  0.7471862E-001  0.6629336E-001  0.3892579E-001  0.3496265E-001  0.4251694E-001  0.3837602E-001  0.4416726E-001  0.4004952E+001  0.5857392E+001  0.4589646E+001  0.2941114E+001  0.2080588E+001  0.1327458E+001  0.1705301E+001  0.2152217E+002  0.0000000E+000 -0.2682692E+000
010101998n_outs   17.000    17011998  0.2219832E+002  0.4973208E+003  0.0000000E+000  0.0000000E+000  0.9674747E-001  0.7847503E+001  0.0000000E+000  0.3296452E-001  0.0000000E+000  0.8251243E+000 -0.1932793E-001  0.3938278E-005  0.1948944E-002  0.2652834E+002  0.3196137E-001  0.7979300E-001  0.7420520E-001  0.6588181E-001  0.3878120E-001  0.3478822E-001  0.4211836E-001  0.3802873E-001  0.4120023E-001  0.4098571E+001  0.6193884E+001  0.4861096E+001  0.3094126E+001  0.2176399E+001  0.1362883E+001  0.1710732E+001  0.2078971E+002  0.0000000E+000 -0.2684047E+000
010101998n_outs   18.000    18011998  0.2219780E+002  0.4972474E+003  0.0000000E+000  0.0000000E+000  0.9616930E-001  0.7898347E+001  0.0000000E+000  0.3311399E-001  0.0000000E+000  0.8431449E+000 -0.1937841E-001  0.4197504E-005  0.2063867E-002  0.2673034E+002  0.2993256E-001  0.7901857E-001  0.7354891E-001  0.6542752E-001  0.3864016E-001  0.3464995E-001  0.4179238E-001  0.3770773E-001  0.3831678E-001  0.4185023E+001  0.6521918E+001  0.5131860E+001  0.3247234E+001  0.2272537E+001  0.1398573E+001  0.1717315E+001  0.2009412E+002  0.0000000E+000 -0.2685248E+000
010101998n_outs   19.000    19011998  0.2219636E+002  0.4971758E+003  0.0000000E+000  0.0000000E+000  0.9554400E-001  0.7950173E+001  0.0000000E+000  0.3325348E-001  0.0000000E+000  0.8595766E+000 -0.1942336E-001  0.5842351E-005  0.2186248E-002  0.2694554E+002  0.2796447E-001  0.7816453E-001  0.7279818E-001  0.6493743E-001  0.3848742E-001  0.3451609E-001  0.4150964E-001  0.3740310E-001  0.3580001E-001  0.4268467E+001  0.6845106E+001  0.5404677E+001  0.3401497E+001  0.2369164E+001  0.1434360E+001  0.1724506E+001  0.1943688E+002  0.0000000E+000 -0.2686370E+000
010101998n_outs   20.000    20011998  0.2219380E+002  0.4971054E+003  0.0000000E+000  0.0000000E+000  0.9488837E-001  0.8002647E+001  0.0000000E+000  0.3338686E-001  0.0000000E+000  0.8748863E+000 -0.1946514E-001  0.7715506E-005  0.2317053E-002  0.2717136E+002  0.2603182E-001  0.7722871E-001  0.7196309E-001  0.6441678E-001  0.3832464E-001  0.3438121E-001  0.4124832E-001  0.3711161E-001  0.3344615E-001  0.4349768E+001  0.7163111E+001  0.5677485E+001  0.3556375E+001  0.2466157E+001  0.1469290E+001  0.1732005E+001  0.1882887E+002  0.0000000E+000 -0.2687421E+000
010101998n_outs   21.000    21011998  0.2219000E+002  0.4970364E+003  0.0000000E+000  0.0000000E+000  0.9423044E-001  0.8055733E+001  0.0000000E+000  0.3351440E-001  0.0000000E+000  0.8892540E+000 -0.1950604E-001  0.7734352E-005  0.2456975E-002  0.2740135E+002  0.2463539E-001  0.7630149E-001  0.7111841E-001  0.6389927E-001  0.3817342E-001  0.3424731E-001  0.4099829E-001  0.3683325E-001  0.3165872E-001  0.4429287E+001  0.7476046E+001  0.5949303E+001  0.3713142E+001  0.2563873E+001  0.1504550E+001  0.1740276E+001  0.1826526E+002  0.0000000E+000 -0.2688435E+000
010101998n_outs   22.000    22011998  0.2218511E+002  0.4969688E+003  0.0000000E+000  0.0000000E+000  0.9359899E-001  0.8109237E+001  0.0000000E+000  0.3363714E-001  0.0000000E+000  0.9027733E+000 -0.1954826E-001  0.3115020E-005  0.2610619E-002  0.2762768E+002  0.2388026E-001  0.7565443E-001  0.7048222E-001  0.6348770E-001  0.3809033E-001  0.3416840E-001  0.4075471E-001  0.3656699E-001  0.3077129E-001  0.4505154E+001  0.7781878E+001  0.6219408E+001  0.3872537E+001  0.2663031E+001  0.1539995E+001  0.1749277E+001  0.1771300E+002  0.0000000E+000 -0.2689397E+000
010101998n_outs   23.000    23011998  0.2217957E+002  0.4969024E+003  0.0000000E+000  0.0000000E+000  0.9296799E-001  0.8162594E+001  0.0000000E+000  0.3375635E-001  0.0000000E+000  0.9155185E+000 -0.1958258E-001 -0.3830748E-006  0.2774293E-002  0.2784090E+002  0.2325378E-001  0.7531489E-001  0.7006738E-001  0.6310908E-001  0.3803616E-001  0.3411553E-001  0.4052187E-001  0.3631093E-001  0.3050799E-001  0.4575363E+001  0.8078396E+001  0.6486150E+001  0.4032842E+001  0.2762233E+001  0.1575586E+001  0.1758709E+001  0.1712638E+002  0.0000000E+000 -0.2690337E+000
010101998n_outs   24.000    24011998  0.2217390E+002  0.4968375E+003  0.0000000E+000  0.0000000E+000  0.9233996E-001  0.8215002E+001  0.0000000E+000  0.3387199E-001  0.0000000E+000  0.9275327E+000 -0.1960928E-001  0.4187252E-006  0.2938390E-002  0.2803342E+002  0.2265659E-001  0.7524839E-001  0.6991323E-001  0.6276966E-001  0.3801763E-001  0.3409024E-001  0.4034870E-001  0.3607093E-001  0.3066223E-001  0.4637491E+001  0.8362231E+001  0.6745639E+001  0.4191599E+001  0.2860236E+001  0.1611059E+001  0.1768255E+001  0.1647749E+002  0.0000000E+000 -0.2691253E+000
010101998n_outs   25.000    25011998  0.2216746E+002  0.4967741E+003  0.0000000E+000  0.0000000E+000  0.9173728E-001  0.8266762E+001  0.0000000E+000  0.3398370E-001  0.0000000E+000  0.9387552E+000 -0.1963801E-001  0.3567244E-006  0.3119917E-002  0.2821716E+002  0.2226620E-001  0.7496685E-001  0.6964095E-001  0.6244451E-001  0.3802424E-001  0.3410282E-001  0.4025284E-001  0.3586623E-001  0.3013557E-001  0.4695772E+001  0.8636634E+001  0.6999320E+001  0.4349167E+001  0.2956927E+001  0.1646229E+001  0.1777816E+001  0.1586580E+002  0.0000000E+000 -0.2692165E+000
010101998n_outs   26.000    26011998  0.2216014E+002  0.4967123E+003  0.0000000E+000  0.0000000E+000  0.9117568E-001  0.8318419E+001  0.0000000E+000  0.3409199E-001  0.0000000E+000  0.9491588E+000 -0.1967178E-001 -0.5420953E-005  0.3324492E-002  0.2839289E+002  0.2196413E-001  0.7468840E-001  0.6937850E-001  0.6219572E-001  0.3807466E-001  0.3415646E-001  0.4017385E-001  0.3569303E-001  0.2964449E-001  0.4753077E+001  0.8905175E+001  0.7249964E+001  0.4506172E+001  0.3053066E+001  0.1681315E+001  0.1787535E+001  0.1529852E+002  0.0000000E+000 -0.2693023E+000
010101998n_outs   27.000    27011998  0.2215233E+002  0.4966516E+003  0.0000000E+000  0.0000000E+000  0.9062636E-001  0.8369813E+001  0.0000000E+000  0.3419762E-001  0.0000000E+000  0.9588751E+000 -0.1969998E-001 -0.1176346E-004  0.3544849E-002  0.2855572E+002  0.2163095E-001  0.7449859E-001  0.6915013E-001  0.6192501E-001  0.3811261E-001  0.3420183E-001  0.4007768E-001  0.3553554E-001  0.2953954E-001  0.4808241E+001  0.9166862E+001  0.7496747E+001  0.4662417E+001  0.3148513E+001  0.1716383E+001  0.1797378E+001  0.1474244E+002  0.0000000E+000 -0.2693836E+000
010101998n_outs   28.000    28011998  0.2214437E+002  0.4965926E+003  0.0000000E+000  0.0000000E+000  0.9007284E-001  0.8420486E+001  0.0000000E+000  0.3430060E-001  0.0000000E+000  0.9679891E+000 -0.1971964E-001 -0.1280468E-004  0.3769713E-002  0.2870308E+002  0.2127589E-001  0.7434537E-001  0.6893513E-001  0.6157236E-001  0.3809920E-001  0.3419876E-001  0.3998855E-001  0.3538479E-001  0.2961407E-001  0.4859356E+001  0.9419517E+001  0.7737795E+001  0.4816785E+001  0.3242807E+001  0.1751327E+001  0.1807283E+001  0.1418213E+002  0.0000000E+000 -0.2694635E+000
010101998n_outs   29.000    29011998  0.2213600E+002  0.4965355E+003  0.0000000E+000  0.0000000E+000  0.8954459E-001  0.8470455E+001  0.0000000E+000  0.3440138E-001  0.0000000E+000  0.9765210E+000 -0.1973957E-001 -0.1299980E-004  0.3991270E-002  0.2883938E+002  0.2099307E-001  0.7409277E-001  0.6867739E-001  0.6122801E-001  0.3809552E-001  0.3420930E-001  0.3994335E-001  0.3525313E-001  0.2945467E-001  0.4907615E+001  0.9663975E+001  0.7973270E+001  0.4969322E+001  0.3335721E+001  0.1786038E+001  0.1817175E+001  0.1364861E+002  0.0000000E+000 -0.2695419E+000
010101998n_outs   30.000    30011998  0.2212698E+002  0.4964801E+003  0.0000000E+000  0.0000000E+000  0.8901491E-001  0.8519663E+001  0.0000000E+000  0.3450160E-001  0.0000000E+000  0.9849092E+000 -0.1975750E-001 -0.1126998E-004  0.4212540E-002  0.2896719E+002  0.2080020E-001  0.7354134E-001  0.6818517E-001  0.6078346E-001  0.3803340E-001  0.3417595E-001  0.3990144E-001  0.3513829E-001  0.2904755E-001  0.4952988E+001  0.9899073E+001  0.8202927E+001  0.5120419E+001  0.3427681E+001  0.1820617E+001  0.1827028E+001  0.1315952E+002  0.0000000E+000 -0.2696198E+000
010101998n_outs   31.000    31011998  0.2211688E+002  0.4964264E+003  0.0000000E+000  0.0000000E+000  0.8847988E-001  0.8569085E+001  0.0000000E+000  0.3459997E-001  0.0000000E+000  0.9927214E+000 -0.1977579E-001 -0.1004707E-004  0.4442030E-002  0.2909046E+002  0.2075916E-001  0.7256745E-001  0.6735907E-001  0.6023048E-001  0.3789788E-001  0.3408781E-001  0.3983811E-001  0.3503177E-001  0.2824719E-001  0.5001604E+001  0.1013274E+002  0.8432102E+001  0.5269980E+001  0.3519443E+001  0.1855201E+001  0.1836848E+001  0.1274202E+002  0.0000000E+000 -0.2696951E+000
010101998n_outs   32.000    01021998  0.2210570E+002  0.4963733E+003  0.0000000E+000  0.0000000E+000  0.8794323E-001  0.8620663E+001  0.0000000E+000  0.3469615E-001  0.0000000E+000  0.9984365E+000 -0.1979301E-001 -0.8620144E-005  0.4679423E-002  0.2920796E+002  0.2074331E-001  0.7148215E-001  0.6638538E-001  0.5959924E-001  0.3769363E-001  0.3393561E-001  0.3971805E-001  0.3491899E-001  0.2760835E-001  0.5054578E+001  0.1036700E+002  0.8662673E+001  0.5420424E+001  0.3611766E+001  0.1889996E+001  0.1846682E+001  0.1238024E+002  0.0000000E+000 -0.2697695E+000
