    DOY     DATE    HOUR    PSI_CAN         TURG_CAN        STOM_RSC        BLYR_RSC        TRANSPN         
010111999surf_wa   0.042    01011999       1 -0.1000000E-002  0.1250000E+001  0.0000000E+000  0.0000000E+000  0.0000000E+000
010111999surf_wa   0.083    01011999       2 -0.1000000E-002  0.1250000E+001  0.0000000E+000  0.0000000E+000  0.0000000E+000
010111999surf_wa   0.125    01011999       3 -0.1000000E-002  0.1250000E+001  0.0000000E+000  0.0000000E+000  0.0000000E+000
010111999surf_wa   0.167    01011999       4 -0.1000000E-002  0.1250000E+001  0.0000000E+000  0.0000000E+000  0.0000000E+000
010111999surf_wa   0.208    01011999       5 -0.1000000E-002  0.1250000E+001  0.0000000E+000  0.0000000E+000  0.0000000E+000
010111999surf_wa   0.250    01011999       6 -0.1000000E-002  0.1250000E+001  0.0000000E+000  0.0000000E+000  0.0000000E+000
010111999surf_wa   0.292    01011999       7 -0.1000000E-002  0.1250000E+001  0.0000000E+000  0.0000000E+000  0.0000000E+000
010111999surf_wa   0.333    01011999       8 -0.1000000E-002  0.1250000E+001  0.0000000E+000  0.0000000E+000  0.0000000E+000
010111999surf_wa   0.375    01011999       9 -0.1000000E-002  0.1250000E+001  0.0000000E+000  0.0000000E+000  0.0000000E+000
010111999surf_wa   0.417    01011999      10 -0.1000000E-002  0.1250000E+001  0.0000000E+000  0.0000000E+000  0.0000000E+000
010111999surf_wa   0.458    01011999      11 -0.1000000E-002  0.1250000E+001  0.0000000E+000  0.0000000E+000  0.0000000E+000
010111999surf_wa   0.500    01011999      12 -0.1000000E-002  0.1250000E+001  0.0000000E+000  0.0000000E+000  0.0000000E+000
010111999surf_wa   0.542    01011999      13 -0.1000000E-002  0.1250000E+001  0.0000000E+000  0.0000000E+000  0.0000000E+000
010111999surf_wa   0.583    01011999      14 -0.1000000E-002  0.1250000E+001  0.0000000E+000  0.0000000E+000  0.0000000E+000
010111999surf_wa   0.625    01011999      15 -0.1000000E-002  0.1250000E+001  0.0000000E+000  0.0000000E+000  0.0000000E+000
010111999surf_wa   0.667    01011999      16 -0.1000000E-002  0.1250000E+001  0.0000000E+000  0.0000000E+000  0.0000000E+000
010111999surf_wa   0.708    01011999      17 -0.1000000E-002  0.1250000E+001  0.0000000E+000  0.0000000E+000  0.0000000E+000
010111999surf_wa   0.750    01011999      18 -0.1000000E-002  0.1250000E+001  0.0000000E+000  0.0000000E+000  0.0000000E+000
010111999surf_wa   0.792    01011999      19 -0.1000000E-002  0.1250000E+001  0.0000000E+000  0.0000000E+000  0.0000000E+000
010111999surf_wa   0.833    01011999      20 -0.1000000E-002  0.1250000E+001  0.0000000E+000  0.0000000E+000  0.0000000E+000
010111999surf_wa   0.875    01011999      21 -0.1000000E-002  0.1250000E+001  0.0000000E+000  0.0000000E+000  0.0000000E+000
010111999surf_wa   0.917    01011999      22 -0.1000000E-002  0.1250000E+001  0.0000000E+000  0.0000000E+000  0.0000000E+000
010111999surf_wa   0.958    01011999      23 -0.1000000E-002  0.1250000E+001  0.0000000E+000  0.0000000E+000  0.0000000E+000
010111999surf_wa   1.000    01011999      24 -0.1000000E-002  0.1250000E+001  0.0000000E+000  0.0000000E+000  0.0000000E+000
010111999surf_wa   1.042    02011999       1 -0.1000000E-002  0.1250000E+001  0.0000000E+000  0.0000000E+000  0.0000000E+000
010111999surf_wa   1.083    02011999       2 -0.1000000E-002  0.1250000E+001  0.0000000E+000  0.0000000E+000  0.0000000E+000
010111999surf_wa   1.125    02011999       3 -0.1000000E-002  0.1250000E+001  0.0000000E+000  0.0000000E+000  0.0000000E+000
010111999surf_wa   1.167    02011999       4 -0.1000000E-002  0.1250000E+001  0.0000000E+000  0.0000000E+000  0.0000000E+000
010111999surf_wa   1.208    02011999       5 -0.1000000E-002  0.1250000E+001  0.0000000E+000  0.0000000E+000  0.0000000E+000
010111999surf_wa   1.250    02011999       6 -0.1000000E-002  0.1250000E+001  0.0000000E+000  0.0000000E+000  0.0000000E+000
010111999surf_wa   1.292    02011999       7 -0.1000000E-002  0.1250000E+001  0.0000000E+000  0.0000000E+000  0.0000000E+000
010111999surf_wa   1.333    02011999       8 -0.1000000E-002  0.1250000E+001  0.0000000E+000  0.0000000E+000  0.0000000E+000
010111999surf_wa   1.375    02011999       9 -0.1000000E-002  0.1250000E+001  0.0000000E+000  0.0000000E+000  0.0000000E+000
010111999surf_wa   1.417    02011999      10 -0.1000000E-002  0.1250000E+001  0.0000000E+000  0.0000000E+000  0.0000000E+000
010111999surf_wa   1.458    02011999      11 -0.1000000E-002  0.1250000E+001  0.0000000E+000  0.0000000E+000  0.0000000E+000
010111999surf_wa   1.500    02011999      12 -0.1000000E-002  0.1250000E+001  0.0000000E+000  0.0000000E+000  0.0000000E+000
010111999surf_wa   1.542    02011999      13 -0.1000000E-002  0.1250000E+001  0.0000000E+000  0.0000000E+000  0.0000000E+000
010111999surf_wa   1.583    02011999      14 -0.1000000E-002  0.1250000E+001  0.0000000E+000  0.0000000E+000  0.0000000E+000
010111999surf_wa   1.625    02011999      15 -0.1000000E-002  0.1250000E+001  0.0000000E+000  0.0000000E+000  0.0000000E+000
010111999surf_wa   1.667    02011999      16 -0.1000000E-002  0.1250000E+001  0.0000000E+000  0.0000000E+000  0.0000000E+000
010111999surf_wa   1.708    02011999      17 -0.1000000E-002  0.1250000E+001  0.0000000E+000  0.0000000E+000  0.0000000E+000
010111999surf_wa   1.750    02011999      18 -0.1000000E-002  0.1250000E+001  0.0000000E+000  0.0000000E+000  0.0000000E+000
010111999surf_wa   1.792    02011999      19 -0.1000000E-002  0.1250000E+001  0.0000000E+000  0.0000000E+000  0.0000000E+000
010111999surf_wa   1.833    02011999      20 -0.1000000E-002  0.1250000E+001  0.0000000E+000  0.0000000E+000  0.0000000E+000
010111999surf_wa   1.875    02011999      21 -0.1000000E-002  0.1250000E+001  0.0000000E+000  0.0000000E+000  0.0000000E+000
010111999surf_wa   1.917    02011999      22 -0.1000000E-002  0.1250000E+001  0.0000000E+000  0.0000000E+000  0.0000000E+000
010111999surf_wa   1.958    02011999      23 -0.1000000E-002  0.1250000E+001  0.0000000E+000  0.0000000E+000  0.0000000E+000
010111999surf_wa   2.000    02011999      24 -0.1000000E-002  0.1250000E+001  0.0000000E+000  0.0000000E+000  0.0000000E+000
010111999surf_wa   2.042    03011999       1 -0.1000000E-002  0.1250000E+001  0.0000000E+000  0.0000000E+000  0.0000000E+000
010111999surf_wa   2.083    03011999       2 -0.1000000E-002  0.1250000E+001  0.0000000E+000  0.0000000E+000  0.0000000E+000
010111999surf_wa   2.125    03011999       3 -0.1000000E-002  0.1250000E+001  0.0000000E+000  0.0000000E+000  0.0000000E+000
010111999surf_wa   2.167    03011999       4 -0.1000000E-002  0.1250000E+001  0.0000000E+000  0.0000000E+000  0.0000000E+000
010111999surf_wa   2.208    03011999       5 -0.1000000E-002  0.1250000E+001  0.0000000E+000  0.0000000E+000  0.0000000E+000
010111999surf_wa   2.250    03011999       6 -0.1000000E-002  0.1250000E+001  0.0000000E+000  0.0000000E+000  0.0000000E+000
010111999surf_wa   2.292    03011999       7 -0.1000000E-002  0.1250000E+001  0.0000000E+000  0.0000000E+000  0.0000000E+000
010111999surf_wa   2.333    03011999       8 -0.1000000E-002  0.1250000E+001  0.0000000E+000  0.0000000E+000  0.0000000E+000
010111999surf_wa   2.375    03011999       9 -0.1000000E-002  0.1250000E+001  0.0000000E+000  0.0000000E+000  0.0000000E+000
010111999surf_wa   2.417    03011999      10 -0.1000000E-002  0.1250000E+001  0.0000000E+000  0.0000000E+000  0.0000000E+000
010111999surf_wa   2.458    03011999      11 -0.1000000E-002  0.1250000E+001  0.0000000E+000  0.0000000E+000  0.0000000E+000
010111999surf_wa   2.500    03011999      12 -0.1000000E-002  0.1250000E+001  0.0000000E+000  0.0000000E+000  0.0000000E+000
010111999surf_wa   2.542    03011999      13 -0.1000000E-002  0.1250000E+001  0.0000000E+000  0.0000000E+000  0.0000000E+000
010111999surf_wa   2.583    03011999      14 -0.1000000E-002  0.1250000E+001  0.0000000E+000  0.0000000E+000  0.0000000E+000
010111999surf_wa   2.625    03011999      15 -0.1000000E-002  0.1250000E+001  0.0000000E+000  0.0000000E+000  0.0000000E+000
010111999surf_wa   2.667    03011999      16 -0.1000000E-002  0.1250000E+001  0.0000000E+000  0.0000000E+000  0.0000000E+000
010111999surf_wa   2.708    03011999      17 -0.1000000E-002  0.1250000E+001  0.0000000E+000  0.0000000E+000  0.0000000E+000
010111999surf_wa   2.750    03011999      18 -0.1000000E-002  0.1250000E+001  0.0000000E+000  0.0000000E+000  0.0000000E+000
010111999surf_wa   2.792    03011999      19 -0.1000000E-002  0.1250000E+001  0.0000000E+000  0.0000000E+000  0.0000000E+000
010111999surf_wa   2.833    03011999      20 -0.1000000E-002  0.1250000E+001  0.0000000E+000  0.0000000E+000  0.0000000E+000
010111999surf_wa   2.875    03011999      21 -0.1000000E-002  0.1250000E+001  0.0000000E+000  0.0000000E+000  0.0000000E+000
010111999surf_wa   2.917    03011999      22 -0.1000000E-002  0.1250000E+001  0.0000000E+000  0.0000000E+000  0.0000000E+000
010111999surf_wa   2.958    03011999      23 -0.1000000E-002  0.1250000E+001  0.0000000E+000  0.0000000E+000  0.0000000E+000
010111999surf_wa   3.000    03011999      24 -0.1000000E-002  0.1250000E+001  0.0000000E+000  0.0000000E+000  0.0000000E+000
010111999surf_wa   3.042    04011999       1 -0.1000000E-002  0.1250000E+001  0.0000000E+000  0.0000000E+000  0.0000000E+000
010111999surf_wa   3.083    04011999       2 -0.1000000E-002  0.1250000E+001  0.0000000E+000  0.0000000E+000  0.0000000E+000
010111999surf_wa   3.125    04011999       3 -0.1000000E-002  0.1250000E+001  0.0000000E+000  0.0000000E+000  0.0000000E+000
010111999surf_wa   3.167    04011999       4 -0.1000000E-002  0.1250000E+001  0.0000000E+000  0.0000000E+000  0.0000000E+000
010111999surf_wa   3.208    04011999       5 -0.1000000E-002  0.1250000E+001  0.0000000E+000  0.0000000E+000  0.0000000E+000
010111999surf_wa   3.250    04011999       6 -0.1000000E-002  0.1250000E+001  0.0000000E+000  0.0000000E+000  0.0000000E+000
010111999surf_wa   3.292    04011999       7 -0.1000000E-002  0.1250000E+001  0.0000000E+000  0.0000000E+000  0.0000000E+000
010111999surf_wa   3.333    04011999       8 -0.1000000E-002  0.1250000E+001  0.0000000E+000  0.0000000E+000  0.0000000E+000
010111999surf_wa   3.375    04011999       9 -0.1000000E-002  0.1250000E+001  0.0000000E+000  0.0000000E+000  0.0000000E+000
010111999surf_wa   3.417    04011999      10 -0.1000000E-002  0.1250000E+001  0.0000000E+000  0.0000000E+000  0.0000000E+000
010111999surf_wa   3.458    04011999      11 -0.1000000E-002  0.1250000E+001  0.0000000E+000  0.0000000E+000  0.0000000E+000
010111999surf_wa   3.500    04011999      12 -0.1000000E-002  0.1250000E+001  0.0000000E+000  0.0000000E+000  0.0000000E+000
010111999surf_wa   3.542    04011999      13 -0.1000000E-002  0.1250000E+001  0.0000000E+000  0.0000000E+000  0.0000000E+000
010111999surf_wa   3.583    04011999      14 -0.1000000E-002  0.1250000E+001  0.0000000E+000  0.0000000E+000  0.0000000E+000
010111999surf_wa   3.625    04011999      15 -0.1000000E-002  0.1250000E+001  0.0000000E+000  0.0000000E+000  0.0000000E+000
010111999surf_wa   3.667    04011999      16 -0.1000000E-002  0.1250000E+001  0.0000000E+000  0.0000000E+000  0.0000000E+000
010111999surf_wa   3.708    04011999      17 -0.1000000E-002  0.1250000E+001  0.0000000E+000  0.0000000E+000  0.0000000E+000
010111999surf_wa   3.750    04011999      18 -0.1000000E-002  0.1250000E+001  0.0000000E+000  0.0000000E+000  0.0000000E+000
010111999surf_wa   3.792    04011999      19 -0.1000000E-002  0.1250000E+001  0.0000000E+000  0.0000000E+000  0.0000000E+000
010111999surf_wa   3.833    04011999      20 -0.1000000E-002  0.1250000E+001  0.0000000E+000  0.0000000E+000  0.0000000E+000
010111999surf_wa   3.875    04011999      21 -0.1000000E-002  0.1250000E+001  0.0000000E+000  0.0000000E+000  0.0000000E+000
010111999surf_wa   3.917    04011999      22 -0.1000000E-002  0.1250000E+001  0.0000000E+000  0.0000000E+000  0.0000000E+000
010111999surf_wa   3.958    04011999      23 -0.1000000E-002  0.1250000E+001  0.0000000E+000  0.0000000E+000  0.0000000E+000
010111999surf_wa   4.000    04011999      24 -0.1000000E-002  0.1250000E+001  0.0000000E+000  0.0000000E+000  0.0000000E+000
010111999surf_wa   4.042    05011999       1 -0.1000000E-002  0.1250000E+001  0.0000000E+000  0.0000000E+000  0.0000000E+000
010111999surf_wa   4.083    05011999       2 -0.1000000E-002  0.1250000E+001  0.0000000E+000  0.0000000E+000  0.0000000E+000
010111999surf_wa   4.125    05011999       3 -0.1000000E-002  0.1250000E+001  0.0000000E+000  0.0000000E+000  0.0000000E+000
010111999surf_wa   4.167    05011999       4 -0.1000000E-002  0.1250000E+001  0.0000000E+000  0.0000000E+000  0.0000000E+000
010111999surf_wa   4.208    05011999       5 -0.1000000E-002  0.1250000E+001  0.0000000E+000  0.0000000E+000  0.0000000E+000
010111999surf_wa   4.250    05011999       6 -0.1000000E-002  0.1250000E+001  0.0000000E+000  0.0000000E+000  0.0000000E+000
010111999surf_wa   4.292    05011999       7 -0.1000000E-002  0.1250000E+001  0.0000000E+000  0.0000000E+000  0.0000000E+000
010111999surf_wa   4.333    05011999       8 -0.1000000E-002  0.1250000E+001  0.0000000E+000  0.0000000E+000  0.0000000E+000
010111999surf_wa   4.375    05011999       9 -0.1000000E-002  0.1250000E+001  0.0000000E+000  0.0000000E+000  0.0000000E+000
010111999surf_wa   4.417    05011999      10 -0.1000000E-002  0.1250000E+001  0.0000000E+000  0.0000000E+000  0.0000000E+000
010111999surf_wa   4.458    05011999      11 -0.1000000E-002  0.1250000E+001  0.0000000E+000  0.0000000E+000  0.0000000E+000
010111999surf_wa   4.500    05011999      12 -0.1000000E-002  0.1250000E+001  0.0000000E+000  0.0000000E+000  0.0000000E+000
010111999surf_wa   4.542    05011999      13 -0.1000000E-002  0.1250000E+001  0.0000000E+000  0.0000000E+000  0.0000000E+000
010111999surf_wa   4.583    05011999      14 -0.1000000E-002  0.1250000E+001  0.0000000E+000  0.0000000E+000  0.0000000E+000
010111999surf_wa   4.625    05011999      15 -0.1000000E-002  0.1250000E+001  0.0000000E+000  0.0000000E+000  0.0000000E+000
010111999surf_wa   4.667    05011999      16 -0.1000000E-002  0.1250000E+001  0.0000000E+000  0.0000000E+000  0.0000000E+000
010111999surf_wa   4.708    05011999      17 -0.1000000E-002  0.1250000E+001  0.0000000E+000  0.0000000E+000  0.0000000E+000
010111999surf_wa   4.750    05011999      18 -0.1000000E-002  0.1250000E+001  0.0000000E+000  0.0000000E+000  0.0000000E+000
010111999surf_wa   4.792    05011999      19 -0.1000000E-002  0.1250000E+001  0.0000000E+000  0.0000000E+000  0.0000000E+000
010111999surf_wa   4.833    05011999      20 -0.1000000E-002  0.1250000E+001  0.0000000E+000  0.0000000E+000  0.0000000E+000
010111999surf_wa   4.875    05011999      21 -0.1000000E-002  0.1250000E+001  0.0000000E+000  0.0000000E+000  0.0000000E+000
010111999surf_wa   4.917    05011999      22 -0.1000000E-002  0.1250000E+001  0.0000000E+000  0.0000000E+000  0.0000000E+000
010111999surf_wa   4.958    05011999      23 -0.1000000E-002  0.1250000E+001  0.0000000E+000  0.0000000E+000  0.0000000E+000
010111999surf_wa   5.000    05011999      24 -0.1000000E-002  0.1250000E+001  0.0000000E+000  0.0000000E+000  0.0000000E+000
010111999surf_wa   5.042    06011999       1 -0.1000000E-002  0.1250000E+001  0.0000000E+000  0.0000000E+000  0.0000000E+000
010111999surf_wa   5.083    06011999       2 -0.1000000E-002  0.1250000E+001  0.0000000E+000  0.0000000E+000  0.0000000E+000
010111999surf_wa   5.125    06011999       3 -0.1000000E-002  0.1250000E+001  0.0000000E+000  0.0000000E+000  0.0000000E+000
010111999surf_wa   5.167    06011999       4 -0.1000000E-002  0.1250000E+001  0.0000000E+000  0.0000000E+000  0.0000000E+000
010111999surf_wa   5.208    06011999       5 -0.1000000E-002  0.1250000E+001  0.0000000E+000  0.0000000E+000  0.0000000E+000
010111999surf_wa   5.250    06011999       6 -0.1000000E-002  0.1250000E+001  0.0000000E+000  0.0000000E+000  0.0000000E+000
010111999surf_wa   5.292    06011999       7 -0.1000000E-002  0.1250000E+001  0.0000000E+000  0.0000000E+000  0.0000000E+000
010111999surf_wa   5.333    06011999       8 -0.1000000E-002  0.1250000E+001  0.0000000E+000  0.0000000E+000  0.0000000E+000
010111999surf_wa   5.375    06011999       9 -0.1000000E-002  0.1250000E+001  0.0000000E+000  0.0000000E+000  0.0000000E+000
010111999surf_wa   5.417    06011999      10 -0.1000000E-002  0.1250000E+001  0.0000000E+000  0.0000000E+000  0.0000000E+000
010111999surf_wa   5.458    06011999      11 -0.1000000E-002  0.1250000E+001  0.0000000E+000  0.0000000E+000  0.0000000E+000
