    DOY     DATE    HOUR    CAN_RN          CAN_LE          CAN_H           CAN_G           CAN_TEMP        TEMP_FN         
010111999atmosph   0.042    01011999       1  0.0000000E+000  0.0000000E+000  0.0000000E+000  0.0000000E+000 -0.2666783E+002  0.1000000E+001
010111999atmosph   0.083    01011999       2  0.0000000E+000  0.0000000E+000  0.0000000E+000  0.0000000E+000 -0.2603363E+002  0.1000000E+001
010111999atmosph   0.125    01011999       3  0.0000000E+000  0.0000000E+000  0.0000000E+000  0.0000000E+000 -0.2557230E+002  0.1000000E+001
010111999atmosph   0.167    01011999       4  0.0000000E+000  0.0000000E+000  0.0000000E+000  0.0000000E+000 -0.2564386E+002  0.1000000E+001
010111999atmosph   0.208    01011999       5  0.0000000E+000  0.0000000E+000  0.0000000E+000  0.0000000E+000 -0.2540665E+002  0.1000000E+001
010111999atmosph   0.250    01011999       6  0.0000000E+000  0.0000000E+000  0.0000000E+000  0.0000000E+000 -0.2539589E+002  0.1000000E+001
010111999atmosph   0.292    01011999       7  0.0000000E+000  0.0000000E+000  0.0000000E+000  0.0000000E+000 -0.2484251E+002  0.1000000E+001
010111999atmosph   0.333    01011999       8  0.0000000E+000  0.0000000E+000  0.0000000E+000  0.0000000E+000 -0.2623909E+002  0.1000000E+001
010111999atmosph   0.375    01011999       9  0.0000000E+000  0.0000000E+000  0.0000000E+000  0.0000000E+000 -0.2374506E+002  0.1000000E+001
010111999atmosph   0.417    01011999      10  0.0000000E+000  0.0000000E+000  0.0000000E+000  0.0000000E+000 -0.2279228E+002  0.1000000E+001
010111999atmosph   0.458    01011999      11  0.0000000E+000  0.0000000E+000  0.0000000E+000  0.0000000E+000 -0.2216153E+002  0.1000000E+001
010111999atmosph   0.500    01011999      12  0.0000000E+000  0.0000000E+000  0.0000000E+000  0.0000000E+000 -0.2078207E+002  0.1000000E+001
010111999atmosph   0.542    01011999      13  0.0000000E+000  0.0000000E+000  0.0000000E+000  0.0000000E+000 -0.2055923E+002  0.1000000E+001
010111999atmosph   0.583    01011999      14  0.0000000E+000  0.0000000E+000  0.0000000E+000  0.0000000E+000 -0.2117049E+002  0.1000000E+001
010111999atmosph   0.625    01011999      15  0.0000000E+000  0.0000000E+000  0.0000000E+000  0.0000000E+000 -0.2298376E+002  0.1000000E+001
010111999atmosph   0.667    01011999      16  0.0000000E+000  0.0000000E+000  0.0000000E+000  0.0000000E+000 -0.2563557E+002  0.1000000E+001
010111999atmosph   0.708    01011999      17  0.0000000E+000  0.0000000E+000  0.0000000E+000  0.0000000E+000 -0.2871362E+002  0.1000000E+001
010111999atmosph   0.750    01011999      18  0.0000000E+000  0.0000000E+000  0.0000000E+000  0.0000000E+000 -0.2949385E+002  0.1000000E+001
010111999atmosph   0.792    01011999      19  0.0000000E+000  0.0000000E+000  0.0000000E+000  0.0000000E+000 -0.2975011E+002  0.1000000E+001
010111999atmosph   0.833    01011999      20  0.0000000E+000  0.0000000E+000  0.0000000E+000  0.0000000E+000 -0.2998511E+002  0.1000000E+001
010111999atmosph   0.875    01011999      21  0.0000000E+000  0.0000000E+000  0.0000000E+000  0.0000000E+000 -0.3021588E+002  0.1000000E+001
010111999atmosph   0.917    01011999      22  0.0000000E+000  0.0000000E+000  0.0000000E+000  0.0000000E+000 -0.3013289E+002  0.1000000E+001
010111999atmosph   0.958    01011999      23  0.0000000E+000  0.0000000E+000  0.0000000E+000  0.0000000E+000 -0.3021465E+002  0.1000000E+001
010111999atmosph   1.000    01011999      24  0.0000000E+000  0.0000000E+000  0.0000000E+000  0.0000000E+000 -0.3050937E+002  0.1000000E+001
010111999atmosph   1.042    02011999       1  0.0000000E+000  0.0000000E+000  0.0000000E+000  0.0000000E+000 -0.3100223E+002  0.1000000E+001
010111999atmosph   1.083    02011999       2  0.0000000E+000  0.0000000E+000  0.0000000E+000  0.0000000E+000 -0.3152502E+002  0.1000000E+001
010111999atmosph   1.125    02011999       3  0.0000000E+000  0.0000000E+000  0.0000000E+000  0.0000000E+000 -0.3070915E+002  0.1000000E+001
010111999atmosph   1.167    02011999       4  0.0000000E+000  0.0000000E+000  0.0000000E+000  0.0000000E+000 -0.3091315E+002  0.1000000E+001
010111999atmosph   1.208    02011999       5  0.0000000E+000  0.0000000E+000  0.0000000E+000  0.0000000E+000 -0.3139445E+002  0.1000000E+001
010111999atmosph   1.250    02011999       6  0.0000000E+000  0.0000000E+000  0.0000000E+000  0.0000000E+000 -0.3153618E+002  0.1000000E+001
010111999atmosph   1.292    02011999       7  0.0000000E+000  0.0000000E+000  0.0000000E+000  0.0000000E+000 -0.3158009E+002  0.1000000E+001
010111999atmosph   1.333    02011999       8  0.0000000E+000  0.0000000E+000  0.0000000E+000  0.0000000E+000 -0.3116139E+002  0.1000000E+001
010111999atmosph   1.375    02011999       9  0.0000000E+000  0.0000000E+000  0.0000000E+000  0.0000000E+000 -0.2713490E+002  0.1000000E+001
010111999atmosph   1.417    02011999      10  0.0000000E+000  0.0000000E+000  0.0000000E+000  0.0000000E+000 -0.2388028E+002  0.1000000E+001
010111999atmosph   1.458    02011999      11  0.0000000E+000  0.0000000E+000  0.0000000E+000  0.0000000E+000 -0.2133371E+002  0.1000000E+001
010111999atmosph   1.500    02011999      12  0.0000000E+000  0.0000000E+000  0.0000000E+000  0.0000000E+000 -0.1909631E+002  0.1000000E+001
010111999atmosph   1.542    02011999      13  0.0000000E+000  0.0000000E+000  0.0000000E+000  0.0000000E+000 -0.1811581E+002  0.1000000E+001
010111999atmosph   1.583    02011999      14  0.0000000E+000  0.0000000E+000  0.0000000E+000  0.0000000E+000 -0.1828429E+002  0.1000000E+001
010111999atmosph   1.625    02011999      15  0.0000000E+000  0.0000000E+000  0.0000000E+000  0.0000000E+000 -0.1910469E+002  0.1000000E+001
010111999atmosph   1.667    02011999      16  0.0000000E+000  0.0000000E+000  0.0000000E+000  0.0000000E+000 -0.2094051E+002  0.1000000E+001
010111999atmosph   1.708    02011999      17  0.0000000E+000  0.0000000E+000  0.0000000E+000  0.0000000E+000 -0.2423503E+002  0.1000000E+001
010111999atmosph   1.750    02011999      18  0.0000000E+000  0.0000000E+000  0.0000000E+000  0.0000000E+000 -0.2425333E+002  0.1000000E+001
010111999atmosph   1.792    02011999      19  0.0000000E+000  0.0000000E+000  0.0000000E+000  0.0000000E+000 -0.2419864E+002  0.1000000E+001
010111999atmosph   1.833    02011999      20  0.0000000E+000  0.0000000E+000  0.0000000E+000  0.0000000E+000 -0.2405357E+002  0.1000000E+001
010111999atmosph   1.875    02011999      21  0.0000000E+000  0.0000000E+000  0.0000000E+000  0.0000000E+000 -0.2386105E+002  0.1000000E+001
010111999atmosph   1.917    02011999      22  0.0000000E+000  0.0000000E+000  0.0000000E+000  0.0000000E+000 -0.2390117E+002  0.1000000E+001
010111999atmosph   1.958    02011999      23  0.0000000E+000  0.0000000E+000  0.0000000E+000  0.0000000E+000 -0.2292804E+002  0.1000000E+001
010111999atmosph   2.000    02011999      24  0.0000000E+000  0.0000000E+000  0.0000000E+000  0.0000000E+000 -0.2252261E+002  0.1000000E+001
010111999atmosph   2.042    03011999       1  0.0000000E+000  0.0000000E+000  0.0000000E+000  0.0000000E+000 -0.2234430E+002  0.1000000E+001
010111999atmosph   2.083    03011999       2  0.0000000E+000  0.0000000E+000  0.0000000E+000  0.0000000E+000 -0.2122116E+002  0.1000000E+001
010111999atmosph   2.125    03011999       3  0.0000000E+000  0.0000000E+000  0.0000000E+000  0.0000000E+000 -0.2052686E+002  0.1000000E+001
010111999atmosph   2.167    03011999       4  0.0000000E+000  0.0000000E+000  0.0000000E+000  0.0000000E+000 -0.2051833E+002  0.1000000E+001
010111999atmosph   2.208    03011999       5  0.0000000E+000  0.0000000E+000  0.0000000E+000  0.0000000E+000 -0.2074486E+002  0.1000000E+001
010111999atmosph   2.250    03011999       6  0.0000000E+000  0.0000000E+000  0.0000000E+000  0.0000000E+000 -0.2042036E+002  0.1000000E+001
010111999atmosph   2.292    03011999       7  0.0000000E+000  0.0000000E+000  0.0000000E+000  0.0000000E+000 -0.1952213E+002  0.1000000E+001
010111999atmosph   2.333    03011999       8  0.0000000E+000  0.0000000E+000  0.0000000E+000  0.0000000E+000 -0.1897136E+002  0.1000000E+001
010111999atmosph   2.375    03011999       9  0.0000000E+000  0.0000000E+000  0.0000000E+000  0.0000000E+000 -0.1695090E+002  0.1000000E+001
010111999atmosph   2.417    03011999      10  0.0000000E+000  0.0000000E+000  0.0000000E+000  0.0000000E+000 -0.1580484E+002  0.1000000E+001
010111999atmosph   2.458    03011999      11  0.0000000E+000  0.0000000E+000  0.0000000E+000  0.0000000E+000 -0.1465039E+002  0.1000000E+001
010111999atmosph   2.500    03011999      12  0.0000000E+000  0.0000000E+000  0.0000000E+000  0.0000000E+000 -0.1282819E+002  0.1000000E+001
010111999atmosph   2.542    03011999      13  0.0000000E+000  0.0000000E+000  0.0000000E+000  0.0000000E+000 -0.1161661E+002  0.1000000E+001
010111999atmosph   2.583    03011999      14  0.0000000E+000  0.0000000E+000  0.0000000E+000  0.0000000E+000 -0.1126587E+002  0.1000000E+001
010111999atmosph   2.625    03011999      15  0.0000000E+000  0.0000000E+000  0.0000000E+000  0.0000000E+000 -0.1086697E+002  0.1000000E+001
010111999atmosph   2.667    03011999      16  0.0000000E+000  0.0000000E+000  0.0000000E+000  0.0000000E+000 -0.1003079E+002  0.1000000E+001
010111999atmosph   2.708    03011999      17  0.0000000E+000  0.0000000E+000  0.0000000E+000  0.0000000E+000 -0.1186469E+002  0.1000000E+001
010111999atmosph   2.750    03011999      18  0.0000000E+000  0.0000000E+000  0.0000000E+000  0.0000000E+000 -0.1204309E+002  0.1000000E+001
010111999atmosph   2.792    03011999      19  0.0000000E+000  0.0000000E+000  0.0000000E+000  0.0000000E+000 -0.1148572E+002  0.1000000E+001
010111999atmosph   2.833    03011999      20  0.0000000E+000  0.0000000E+000  0.0000000E+000  0.0000000E+000 -0.1108429E+002  0.1000000E+001
010111999atmosph   2.875    03011999      21  0.0000000E+000  0.0000000E+000  0.0000000E+000  0.0000000E+000 -0.1167056E+002  0.1000000E+001
010111999atmosph   2.917    03011999      22  0.0000000E+000  0.0000000E+000  0.0000000E+000  0.0000000E+000 -0.1352310E+002  0.1000000E+001
010111999atmosph   2.958    03011999      23  0.0000000E+000  0.0000000E+000  0.0000000E+000  0.0000000E+000 -0.1407547E+002  0.1000000E+001
010111999atmosph   3.000    03011999      24  0.0000000E+000  0.0000000E+000  0.0000000E+000  0.0000000E+000 -0.1342313E+002  0.1000000E+001
010111999atmosph   3.042    04011999       1  0.0000000E+000  0.0000000E+000  0.0000000E+000  0.0000000E+000 -0.1330588E+002  0.1000000E+001
010111999atmosph   3.083    04011999       2  0.0000000E+000  0.0000000E+000  0.0000000E+000  0.0000000E+000 -0.1366260E+002  0.1000000E+001
010111999atmosph   3.125    04011999       3  0.0000000E+000  0.0000000E+000  0.0000000E+000  0.0000000E+000 -0.1526086E+002  0.1000000E+001
010111999atmosph   3.167    04011999       4  0.0000000E+000  0.0000000E+000  0.0000000E+000  0.0000000E+000 -0.1556790E+002  0.1000000E+001
010111999atmosph   3.208    04011999       5  0.0000000E+000  0.0000000E+000  0.0000000E+000  0.0000000E+000 -0.1567990E+002  0.1000000E+001
010111999atmosph   3.250    04011999       6  0.0000000E+000  0.0000000E+000  0.0000000E+000  0.0000000E+000 -0.1630267E+002  0.1000000E+001
010111999atmosph   3.292    04011999       7  0.0000000E+000  0.0000000E+000  0.0000000E+000  0.0000000E+000 -0.1626450E+002  0.1000000E+001
010111999atmosph   3.333    04011999       8  0.0000000E+000  0.0000000E+000  0.0000000E+000  0.0000000E+000 -0.1593027E+002  0.1000000E+001
010111999atmosph   3.375    04011999       9  0.0000000E+000  0.0000000E+000  0.0000000E+000  0.0000000E+000 -0.1342422E+002  0.1000000E+001
010111999atmosph   3.417    04011999      10  0.0000000E+000  0.0000000E+000  0.0000000E+000  0.0000000E+000 -0.1205286E+002  0.1000000E+001
010111999atmosph   3.458    04011999      11  0.0000000E+000  0.0000000E+000  0.0000000E+000  0.0000000E+000 -0.1033057E+002  0.1000000E+001
010111999atmosph   3.500    04011999      12  0.0000000E+000  0.0000000E+000  0.0000000E+000  0.0000000E+000 -0.9075409E+001  0.1000000E+001
010111999atmosph   3.542    04011999      13  0.0000000E+000  0.0000000E+000  0.0000000E+000  0.0000000E+000 -0.9528687E+001  0.1000000E+001
010111999atmosph   3.583    04011999      14  0.0000000E+000  0.0000000E+000  0.0000000E+000  0.0000000E+000 -0.1000415E+002  0.1000000E+001
010111999atmosph   3.625    04011999      15  0.0000000E+000  0.0000000E+000  0.0000000E+000  0.0000000E+000 -0.1137045E+002  0.1000000E+001
010111999atmosph   3.667    04011999      16  0.0000000E+000  0.0000000E+000  0.0000000E+000  0.0000000E+000 -0.1300662E+002  0.1000000E+001
010111999atmosph   3.708    04011999      17  0.0000000E+000  0.0000000E+000  0.0000000E+000  0.0000000E+000 -0.1722218E+002  0.1000000E+001
010111999atmosph   3.750    04011999      18  0.0000000E+000  0.0000000E+000  0.0000000E+000  0.0000000E+000 -0.1883290E+002  0.1000000E+001
010111999atmosph   3.792    04011999      19  0.0000000E+000  0.0000000E+000  0.0000000E+000  0.0000000E+000 -0.2049950E+002  0.1000000E+001
010111999atmosph   3.833    04011999      20  0.0000000E+000  0.0000000E+000  0.0000000E+000  0.0000000E+000 -0.2150700E+002  0.1000000E+001
010111999atmosph   3.875    04011999      21  0.0000000E+000  0.0000000E+000  0.0000000E+000  0.0000000E+000 -0.2168059E+002  0.1000000E+001
010111999atmosph   3.917    04011999      22  0.0000000E+000  0.0000000E+000  0.0000000E+000  0.0000000E+000 -0.2262897E+002  0.1000000E+001
010111999atmosph   3.958    04011999      23  0.0000000E+000  0.0000000E+000  0.0000000E+000  0.0000000E+000 -0.2372514E+002  0.1000000E+001
010111999atmosph   4.000    04011999      24  0.0000000E+000  0.0000000E+000  0.0000000E+000  0.0000000E+000 -0.2467055E+002  0.1000000E+001
010111999atmosph   4.042    05011999       1  0.0000000E+000  0.0000000E+000  0.0000000E+000  0.0000000E+000 -0.2537395E+002  0.1000000E+001
010111999atmosph   4.083    05011999       2  0.0000000E+000  0.0000000E+000  0.0000000E+000  0.0000000E+000 -0.2605907E+002  0.1000000E+001
010111999atmosph   4.125    05011999       3  0.0000000E+000  0.0000000E+000  0.0000000E+000  0.0000000E+000 -0.2694250E+002  0.1000000E+001
010111999atmosph   4.167    05011999       4  0.0000000E+000  0.0000000E+000  0.0000000E+000  0.0000000E+000 -0.2741786E+002  0.1000000E+001
010111999atmosph   4.208    05011999       5  0.0000000E+000  0.0000000E+000  0.0000000E+000  0.0000000E+000 -0.2767957E+002  0.1000000E+001
010111999atmosph   4.250    05011999       6  0.0000000E+000  0.0000000E+000  0.0000000E+000  0.0000000E+000 -0.2814261E+002  0.1000000E+001
010111999atmosph   4.292    05011999       7  0.0000000E+000  0.0000000E+000  0.0000000E+000  0.0000000E+000 -0.2827135E+002  0.1000000E+001
010111999atmosph   4.333    05011999       8  0.0000000E+000  0.0000000E+000  0.0000000E+000  0.0000000E+000 -0.2823807E+002  0.1000000E+001
010111999atmosph   4.375    05011999       9  0.0000000E+000  0.0000000E+000  0.0000000E+000  0.0000000E+000 -0.2625589E+002  0.1000000E+001
010111999atmosph   4.417    05011999      10  0.0000000E+000  0.0000000E+000  0.0000000E+000  0.0000000E+000 -0.2419092E+002  0.1000000E+001
010111999atmosph   4.458    05011999      11  0.0000000E+000  0.0000000E+000  0.0000000E+000  0.0000000E+000 -0.2168796E+002  0.1000000E+001
010111999atmosph   4.500    05011999      12  0.0000000E+000  0.0000000E+000  0.0000000E+000  0.0000000E+000 -0.1877603E+002  0.1000000E+001
010111999atmosph   4.542    05011999      13  0.0000000E+000  0.0000000E+000  0.0000000E+000  0.0000000E+000 -0.1701727E+002  0.1000000E+001
010111999atmosph   4.583    05011999      14  0.0000000E+000  0.0000000E+000  0.0000000E+000  0.0000000E+000 -0.1615988E+002  0.1000000E+001
010111999atmosph   4.625    05011999      15  0.0000000E+000  0.0000000E+000  0.0000000E+000  0.0000000E+000 -0.1575800E+002  0.1000000E+001
010111999atmosph   4.667    05011999      16  0.0000000E+000  0.0000000E+000  0.0000000E+000  0.0000000E+000 -0.1613873E+002  0.1000000E+001
010111999atmosph   4.708    05011999      17  0.0000000E+000  0.0000000E+000  0.0000000E+000  0.0000000E+000 -0.1899870E+002  0.1000000E+001
010111999atmosph   4.750    05011999      18  0.0000000E+000  0.0000000E+000  0.0000000E+000  0.0000000E+000 -0.1974265E+002  0.1000000E+001
010111999atmosph   4.792    05011999      19  0.0000000E+000  0.0000000E+000  0.0000000E+000  0.0000000E+000 -0.2012675E+002  0.1000000E+001
010111999atmosph   4.833    05011999      20  0.0000000E+000  0.0000000E+000  0.0000000E+000  0.0000000E+000 -0.2023271E+002  0.1000000E+001
010111999atmosph   4.875    05011999      21  0.0000000E+000  0.0000000E+000  0.0000000E+000  0.0000000E+000 -0.1978221E+002  0.1000000E+001
010111999atmosph   4.917    05011999      22  0.0000000E+000  0.0000000E+000  0.0000000E+000  0.0000000E+000 -0.2153828E+002  0.1000000E+001
010111999atmosph   4.958    05011999      23  0.0000000E+000  0.0000000E+000  0.0000000E+000  0.0000000E+000 -0.2170618E+002  0.1000000E+001
