    DOY     DATE    TRANSPN         WTR_STRESS      OXY_STRESS      
010112001scwd1     1.000    01012001 -0.0000000E+000  0.0000000E+000  0.0000000E+000
010112001scwd1     2.000    02012001 -0.0000000E+000  0.0000000E+000  0.0000000E+000
010112001scwd1     3.000    03012001 -0.0000000E+000  0.0000000E+000  0.0000000E+000
010112001scwd1     4.000    04012001 -0.0000000E+000  0.0000000E+000  0.0000000E+000
010112001scwd1     5.000    05012001 -0.0000000E+000  0.0000000E+000  0.0000000E+000
010112001scwd1     6.000    06012001 -0.0000000E+000  0.0000000E+000  0.0000000E+000
010112001scwd1     7.000    07012001 -0.0000000E+000  0.0000000E+000  0.0000000E+000
010112001scwd1     8.000    08012001 -0.0000000E+000  0.0000000E+000  0.0000000E+000
010112001scwd1     9.000    09012001 -0.0000000E+000  0.0000000E+000  0.0000000E+000
010112001scwd1    10.000    10012001 -0.0000000E+000  0.0000000E+000  0.0000000E+000
010112001scwd1    11.000    11012001 -0.0000000E+000  0.0000000E+000  0.0000000E+000
010112001scwd1    12.000    12012001 -0.0000000E+000  0.0000000E+000  0.0000000E+000
010112001scwd1    13.000    13012001 -0.0000000E+000  0.0000000E+000  0.0000000E+000
010112001scwd1    14.000    14012001 -0.0000000E+000  0.0000000E+000  0.0000000E+000
010112001scwd1    15.000    15012001 -0.0000000E+000  0.0000000E+000  0.0000000E+000
010112001scwd1    16.000    16012001 -0.0000000E+000  0.0000000E+000  0.0000000E+000
010112001scwd1    17.000    17012001 -0.0000000E+000  0.0000000E+000  0.0000000E+000
010112001scwd1    18.000    18012001 -0.0000000E+000  0.0000000E+000  0.0000000E+000
010112001scwd1    19.000    19012001 -0.0000000E+000  0.0000000E+000  0.0000000E+000
010112001scwd1    20.000    20012001 -0.0000000E+000  0.0000000E+000  0.0000000E+000
010112001scwd1    21.000    21012001 -0.0000000E+000  0.0000000E+000  0.0000000E+000
010112001scwd1    22.000    22012001 -0.0000000E+000  0.0000000E+000  0.0000000E+000
010112001scwd1    23.000    23012001 -0.0000000E+000  0.0000000E+000  0.0000000E+000
010112001scwd1    24.000    24012001 -0.0000000E+000  0.0000000E+000  0.0000000E+000
010112001scwd1    25.000    25012001 -0.0000000E+000  0.0000000E+000  0.0000000E+000
010112001scwd1    26.000    26012001 -0.0000000E+000  0.0000000E+000  0.0000000E+000
010112001scwd1    27.000    27012001 -0.0000000E+000  0.0000000E+000  0.0000000E+000
010112001scwd1    28.000    28012001 -0.0000000E+000  0.0000000E+000  0.0000000E+000
010112001scwd1    29.000    29012001 -0.0000000E+000  0.0000000E+000  0.0000000E+000
010112001scwd1    30.000    30012001 -0.0000000E+000  0.0000000E+000  0.0000000E+000
010112001scwd1    31.000    31012001 -0.0000000E+000  0.0000000E+000  0.0000000E+000
010112001scwd1    32.000    01022001 -0.0000000E+000  0.0000000E+000  0.0000000E+000
010112001scwd1    33.000    02022001 -0.0000000E+000  0.0000000E+000  0.0000000E+000
010112001scwd1    34.000    03022001 -0.0000000E+000  0.0000000E+000  0.0000000E+000
010112001scwd1    35.000    04022001 -0.0000000E+000  0.0000000E+000  0.0000000E+000
010112001scwd1    36.000    05022001 -0.0000000E+000  0.0000000E+000  0.0000000E+000
010112001scwd1    37.000    06022001 -0.0000000E+000  0.0000000E+000  0.0000000E+000
010112001scwd1    38.000    07022001 -0.0000000E+000  0.0000000E+000  0.0000000E+000
010112001scwd1    39.000    08022001 -0.0000000E+000  0.0000000E+000  0.0000000E+000
010112001scwd1    40.000    09022001 -0.0000000E+000  0.0000000E+000  0.0000000E+000
010112001scwd1    41.000    10022001 -0.0000000E+000  0.0000000E+000  0.0000000E+000
010112001scwd1    42.000    11022001 -0.0000000E+000  0.0000000E+000  0.0000000E+000
010112001scwd1    43.000    12022001 -0.0000000E+000  0.0000000E+000  0.0000000E+000
010112001scwd1    44.000    13022001 -0.0000000E+000  0.0000000E+000  0.0000000E+000
010112001scwd1    45.000    14022001 -0.0000000E+000  0.0000000E+000  0.0000000E+000
010112001scwd1    46.000    15022001 -0.0000000E+000  0.0000000E+000  0.0000000E+000
010112001scwd1    47.000    16022001 -0.0000000E+000  0.0000000E+000  0.0000000E+000
010112001scwd1    48.000    17022001 -0.0000000E+000  0.0000000E+000  0.0000000E+000
010112001scwd1    49.000    18022001 -0.0000000E+000  0.0000000E+000  0.0000000E+000
010112001scwd1    50.000    19022001 -0.0000000E+000  0.0000000E+000  0.0000000E+000
010112001scwd1    51.000    20022001 -0.0000000E+000  0.0000000E+000  0.0000000E+000
010112001scwd1    52.000    21022001 -0.0000000E+000  0.0000000E+000  0.0000000E+000
010112001scwd1    53.000    22022001 -0.0000000E+000  0.0000000E+000  0.0000000E+000
010112001scwd1    54.000    23022001 -0.0000000E+000  0.0000000E+000  0.0000000E+000
010112001scwd1    55.000    24022001 -0.0000000E+000  0.0000000E+000  0.0000000E+000
010112001scwd1    56.000    25022001 -0.0000000E+000  0.0000000E+000  0.0000000E+000
010112001scwd1    57.000    26022001 -0.0000000E+000  0.0000000E+000  0.0000000E+000
010112001scwd1    58.000    27022001 -0.0000000E+000  0.0000000E+000  0.0000000E+000
010112001scwd1    59.000    28022001 -0.0000000E+000  0.0000000E+000  0.0000000E+000
010112001scwd1    60.000    01032001 -0.0000000E+000  0.0000000E+000  0.0000000E+000
010112001scwd1    61.000    02032001 -0.0000000E+000  0.0000000E+000  0.0000000E+000
010112001scwd1    62.000    03032001 -0.0000000E+000  0.0000000E+000  0.0000000E+000
010112001scwd1    63.000    04032001 -0.0000000E+000  0.0000000E+000  0.0000000E+000
010112001scwd1    64.000    05032001 -0.0000000E+000  0.0000000E+000  0.0000000E+000
010112001scwd1    65.000    06032001 -0.0000000E+000  0.0000000E+000  0.0000000E+000
010112001scwd1    66.000    07032001 -0.0000000E+000  0.0000000E+000  0.0000000E+000
010112001scwd1    67.000    08032001 -0.0000000E+000  0.0000000E+000  0.0000000E+000
010112001scwd1    68.000    09032001 -0.0000000E+000  0.0000000E+000  0.0000000E+000
010112001scwd1    69.000    10032001 -0.0000000E+000  0.0000000E+000  0.0000000E+000
010112001scwd1    70.000    11032001 -0.0000000E+000  0.0000000E+000  0.0000000E+000
010112001scwd1    71.000    12032001 -0.0000000E+000  0.0000000E+000  0.0000000E+000
010112001scwd1    72.000    13032001 -0.0000000E+000  0.0000000E+000  0.0000000E+000
010112001scwd1    73.000    14032001 -0.0000000E+000  0.0000000E+000  0.0000000E+000
010112001scwd1    74.000    15032001 -0.0000000E+000  0.0000000E+000  0.0000000E+000
010112001scwd1    75.000    16032001 -0.0000000E+000  0.0000000E+000  0.0000000E+000
010112001scwd1    76.000    17032001 -0.0000000E+000  0.0000000E+000  0.0000000E+000
010112001scwd1    77.000    18032001 -0.0000000E+000  0.0000000E+000  0.0000000E+000
010112001scwd1    78.000    19032001 -0.0000000E+000  0.0000000E+000  0.0000000E+000
010112001scwd1    79.000    20032001 -0.0000000E+000  0.0000000E+000  0.0000000E+000
010112001scwd1    80.000    21032001 -0.0000000E+000  0.0000000E+000  0.0000000E+000
010112001scwd1    81.000    22032001 -0.0000000E+000  0.0000000E+000  0.0000000E+000
010112001scwd1    82.000    23032001 -0.0000000E+000  0.0000000E+000  0.0000000E+000
010112001scwd1    83.000    24032001 -0.0000000E+000  0.0000000E+000  0.0000000E+000
010112001scwd1    84.000    25032001 -0.0000000E+000  0.0000000E+000  0.0000000E+000
010112001scwd1    85.000    26032001 -0.0000000E+000  0.0000000E+000  0.0000000E+000
010112001scwd1    86.000    27032001 -0.0000000E+000  0.0000000E+000  0.0000000E+000
010112001scwd1    87.000    28032001 -0.0000000E+000  0.0000000E+000  0.0000000E+000
010112001scwd1    88.000    29032001 -0.0000000E+000  0.0000000E+000  0.0000000E+000
010112001scwd1    89.000    30032001 -0.0000000E+000  0.0000000E+000  0.0000000E+000
010112001scwd1    90.000    31032001 -0.0000000E+000  0.0000000E+000  0.0000000E+000
010112001scwd1    91.000    01042001 -0.0000000E+000  0.0000000E+000  0.0000000E+000
010112001scwd1    92.000    02042001 -0.0000000E+000  0.0000000E+000  0.0000000E+000
010112001scwd1    93.000    03042001 -0.0000000E+000  0.0000000E+000  0.0000000E+000
010112001scwd1    94.000    04042001 -0.0000000E+000  0.0000000E+000  0.0000000E+000
010112001scwd1    95.000    05042001 -0.0000000E+000  0.0000000E+000  0.0000000E+000
010112001scwd1    96.000    06042001 -0.0000000E+000  0.0000000E+000  0.0000000E+000
010112001scwd1    97.000    07042001 -0.0000000E+000  0.0000000E+000  0.0000000E+000
