  101998  0.91400012E-001  0.00000000E+000  0.41148430E+002  0.92776237E+002  0.00000000E+000  0.00000000E+000  0.00000000E+000 -0.18476400E+002  0.11794402E+003  0.11895122E+000 -0.20199642E-002  0.00000000E+000  0.13799469E+003  0.56916126E+002  0.10087289E+001
  0.31643059E+001  0.60369495E-001  0.91400012E-001  0.18279858E-001  0.00000000E+000  0.00000000E+000  0.00000000E+000
  101998  0.00000000E+000  0.00000000E+000  0.00000000E+000  0.00000000E+000  0.00000000E+000  0.00000000E+000  0.00000000E+000  0.00000000E+000  0.00000000E+000  0.00000000E+000  0.00000000E+000  0.00000000E+000  0.00000000E+000  0.00000000E+000  0.00000000E+000
  0.00000000E+000  0.00000000E+000  0.00000000E+000  0.00000000E+000  0.00000000E+000  0.00000000E+000  0.00000000E+000  0.00000000E+000  0.00000000E+000  0.10000000E+001  0.10000000E+001  0.10000000E+001  0.10000000E+001  0.10000000E+001  0.10000000E+001
  0.10000000E+001  0.10000000E+001  0.10000000E+001  0.10000000E+001  0.10000000E+001  0.10000000E+001  0.10000000E+001  0.10000000E+001  0.10000000E+001  0.10000000E+001  0.10000000E+001  0.10000000E+001  0.10000000E+001  0.10000000E+001  0.10000000E+001
  0.10000000E+001  0.10000000E+001  0.10000000E+001  0.10000000E+001  0.10000000E+001  0.10000000E+001  0.10000000E+001  0.10000000E+001  0.10000000E+001  0.10000000E+001  0.10000000E+001  0.10000000E+001  0.10000000E+001  0.10000000E+001  0.10000000E+001
  0.10000000E+001  0.10000000E+001  0.10000000E+001  0.10000000E+001  0.10000000E+001  0.10000000E+001  0.10000000E+001  0.10000000E+001  0.10000000E+001  0.10000000E+001  0.10000000E+001  0.10000000E+001  0.10000000E+001  0.10000000E+001  0.10000000E+001
  0.10000000E+001  0.10000000E+001  0.10000000E+001  0.10000000E+001  0.10000000E+001  0.10000000E+001  0.10000000E+001  0.10000000E+001  0.10000000E+001  0.10000000E+001  0.10000000E+001  0.10000000E+001  0.10000000E+001  0.10000000E+001  0.10000000E+001
  0.10000000E+001  0.10000000E+001  0.10000000E+001  0.10000000E+001  0.10000000E+001  0.10000000E+001  0.10000000E+001  0.10000000E+001  0.10000000E+001  0.10000000E+001  0.10000000E+001  0.10000000E+001  0.10000000E+001  0.10000000E+001  0.10000000E+001
  0.10000000E+001  0.10000000E+001  0.10000000E+001  0.10000000E+001  0.10000000E+001  0.10000000E+001  0.10000000E+001  0.10000000E+001  0.10000000E+001  0.10000000E+001  0.10000000E+001  0.10000000E+001  0.10000000E+001  0.10000000E+001  0.10000000E+001
  101998   0   0   3   0   0   0   1  0.00000000E+000  0.00000000E+000  0.00000000E+000  0.25000000E-001 -0.88875741E-001  0.00000000E+000  0.47362959E-002  0.91400012E-001  0.00000000E+000  0.00000000E+000  0.00000000E+000  0.47362959E-002  0.50188109E-001 -0.18417486E+002 -0.58936078E-001
  0.92776237E+002 -0.26649332E+000 -0.15943946E-001  0.13055792E-004  0.10619134E-002  0.00000000E+000  0.00000000E+000  0.00000000E+000  0.00000000E+000  0.00000000E+000  0.00000000E+000  0.00000000E+000  0.00000000E+000  0.00000000E+000  0.00000000E+000
  0.00000000E+000  0.00000000E+000  0.00000000E+000  0.00000000E+000  0.00000000E+000  0.11895122E+000  0.12413735E+000 -0.20199642E-002  0.00000000E+000  0.00000000E+000  0.36355907E+000  0.00000000E+000  0.31605560E-001  0.00000000E+000  0.11276403E-001
  0.00000000E+000  0.64517522E+000  0.00000000E+000  0.66179061E+000  0.00000000E+000  0.49093466E-001  0.00000000E+000  0.00000000E+000  0.00000000E+000  0.00000000E+000  0.28676771E-001  0.15764032E+000  0.85910605E-002  0.00000000E+000  0.00000000E+000
  0.00000000E+000  0.22593072E-005  0.96323044E-003  0.49389813E-001  0.63288516E+000  0.00000000E+000  0.00000000E+000  0.00000000E+000  0.00000000E+000  0.50000000E+000  0.20000000E+001 -0.19485157E+002  0.17535789E-001  0.00000000E+000  0.00000000E+000
  0.00000000E+000  0.00000000E+000 -0.20992517E+002  0.00000000E+000  0.17996742E+001  0.36232315E+003  0.20999630E+006  0.00000000E+000  0.93187838E+001  0.92978458E+001  0.50000000E+000  0.20000000E+001  0.54460752E+000  0.54460752E+000  0.62942481E+000
  0.26466412E+003  0.24439494E-005  0.26466412E+003  0.24439494E-005  0.00000000E+000  0.50000000E+002  0.00000000E+000  0.50000000E+002  0.00000000E+000  0.10000000E+001  0.00000000E+000  0.10000000E+001
  101998  0.64503704E-002  0.11675277E-001  0.23302736E-001  0.46135433E-001  0.00000000E+000
  101998  0.42836650E-003  0.18202362E-003  0.88386622E-003  0.24970598E-002  0.00000000E+000
  101998  0.21160145E-006  0.25864771E-009  0.23785726E-009  0.47236492E-009  0.00000000E+000
  101998  0.49999874E-001  0.10001487E+000  0.15002503E+000  0.24460749E+000  0.00000000E+000
  101998  0.13012309E+000  0.11694825E+000  0.15624617E+000  0.19055533E+000  0.19055533E+000
  101998  0.50000001E-001  0.10000002E+000  0.14999999E+000  0.24460751E+000  0.00000000E+000
  101998  0.14340421E-001  0.24811795E-001  0.50524808E-001  0.10147010E+000  0.00000000E+000
  101998  0.26125507E+003  0.26802118E+003  0.26966312E+003  0.27135287E+003  0.27135287E+003
  101998 -0.11894928E+002 -0.51288147E+001 -0.34868774E+001 -0.17971191E+001 -0.17971191E+001
  101998  0.24350525E-002  0.00000000E+000  0.15921101E-004  0.33820290E-001  0.00000000E+000
  101998  0.38872253E-006  0.00000000E+000  0.25271871E-008  0.53683602E-005  0.00000000E+000
  101998  0.10234584E+000  0.00000000E+000  0.65795059E-003  0.13976471E+001  0.00000000E+000
  101998  0.16028477E+000  0.00000000E+000  0.10272332E-002  0.21820934E+001  0.00000000E+000
  101998  0.35251655E-005  0.00000000E+000  0.23154856E-007  0.49186547E-004  0.00000000E+000
  101998  0.15921027E-002  0.00000000E+000  0.99416311E-005  0.21118443E-001  0.00000000E+000
  101998  0.90749882E-005  0.00000000E+000  0.56667314E-007  0.12037516E-003  0.00000000E+000
  101998  0.48035337E-002  0.00000000E+000  0.29994915E-004  0.63716494E-001  0.00000000E+000
  101998  0.49023278E-003  0.00000000E+000  0.30611832E-005  0.65026977E-002  0.00000000E+000
  101998  0.79069816E-003  0.00000000E+000  0.49373880E-005  0.10488213E-001  0.00000000E+000
  101998  0.10000006E-001  0.10000059E-001  0.10000033E-001  0.10000096E-001  0.99999998E-002  0.99999998E-002  0.99999998E-002  0.00000000E+000  0.00000000E+000  0.00000000E+000  0.00000000E+000  0.00000000E+000  0.00000000E+000
  101998  0.17535789E-001  0.99999998E-002  0.15000002E-001  0.50000004E-001  0.49999997E-001  0.49999997E-001  0.49999997E-001  0.75000003E-001  0.19999999E+000  0.30000001E+000  0.49999994E+000  0.50000000E+000  0.50000000E+000  0.49997902E+000
  101998  0.20993130E-004  0.10020993E-001  0.25020994E-001  0.75020999E-001  0.12502100E+000  0.17502099E+000  0.22502099E+000  0.30002099E+000  0.50002098E+000  0.80002099E+000  0.13000209E+001  0.18000209E+001  0.23000209E+001  0.28000000E+001
  101998  0.00000000E+000  0.99999998E-002  0.25000000E-001  0.75000003E-001  0.12500000E+000  0.17500000E+000  0.22499999E+000  0.30000001E+000  0.50000000E+000  0.80000001E+000  0.13000000E+001  0.18000000E+001  0.23000000E+001  0.27999790E+001
  101998  0.12800000E+001  0.12800000E+001  0.12800000E+001  0.12800000E+001  0.12800000E+001  0.12800000E+001  0.13000000E+001  0.13000000E+001  0.13000000E+001  0.13000000E+001  0.13000000E+001  0.13000000E+001  0.13000000E+001
  101998  0.12800000E+001  0.12800000E+001  0.12800000E+001  0.12800000E+001  0.12800000E+001  0.12800000E+001  0.13000000E+001  0.13000000E+001  0.13000000E+001  0.13000000E+001  0.13000000E+001  0.13000000E+001  0.13000000E+001
  101998  0.55000000E+006  0.16466125E+005  0.16843723E+005  0.15389474E+005  0.15404975E+005  0.15115703E+005  0.15126763E+005  0.35968557E+004  0.17853535E+004  0.10118655E+004  0.50742368E+003  0.12496134E+003  0.31236713E+002  0.78094764E+001
  101998  0.51133907E+000  0.51113474E+000  0.51180595E+000  0.51179880E+000  0.51193208E+000  0.51192701E+000  0.50963700E+000  0.51046497E+000  0.51081759E+000  0.51104736E+000  0.51122141E+000  0.51126403E+000  0.51127470E+000
  101998  0.28000000E+000  0.28000000E+000  0.28000000E+000  0.28000000E+000  0.28000000E+000  0.28000000E+000  0.33000001E+000  0.33000001E+000  0.33000001E+000  0.33000001E+000  0.33000001E+000  0.33000001E+000  0.33000001E+000
  101998  0.15000001E+000  0.15000001E+000  0.15000001E+000  0.15000001E+000  0.15000001E+000  0.15000001E+000  0.20000000E+000  0.20000000E+000  0.20000000E+000  0.20000000E+000  0.20000000E+000  0.20000000E+000  0.20000000E+000
  101998  0.19792079E+001  0.19792079E+001  0.19792079E+001  0.19792079E+001  0.19792079E+001  0.19792079E+001  0.43658999E+000  0.44099998E+000  0.44099998E+000  0.44099998E+000  0.44099998E+000  0.44099998E+000  0.44099998E+000
  101998  0.19792079E+001  0.19792079E+001  0.19792079E+001  0.19792079E+001  0.19792079E+001  0.19792079E+001  0.43658999E+000  0.44099998E+000  0.44099998E+000  0.44099998E+000  0.44099998E+000  0.44099998E+000  0.44099998E+000
  101998  0.46467031E-002  0.69531505E-002  0.23177303E-001  0.23177687E-001  0.23177268E-001  0.23178432E-001  0.29828303E-001  0.80602556E-001  0.12106949E+000  0.20196621E+000  0.20210406E+000  0.20213851E+000  0.20214714E+000
  101998  0.43377145E-002  0.64908140E-002  0.21635782E-001  0.21637101E-001  0.21636257E-001  0.21637622E-001  0.31362854E-001  0.84749326E-001  0.12729813E+000  0.21235676E+000  0.21250169E+000  0.21253794E+000  0.21254699E+000
  101998  0.33738269E-002  0.50483518E-002  0.16828321E-001  0.16828261E-001  0.16828563E-001  0.16829019E-001  0.34719769E-001  0.93820363E-001  0.14092332E+000  0.23508608E+000  0.23524652E+000  0.23528664E+000  0.23529667E+000
  101998  0.17473816E-002  0.27629831E-002  0.41620014E-002  0.14177136E-001  0.14892307E-001  0.15373548E-001  0.15770994E-001  0.27769288E-001  0.78130260E-001  0.12395443E+000  0.24941278E+000  0.25558707E+000  0.25563201E+000  0.25562662E+000
  101998  0.00000000E+000  0.27593737E-002  0.41608461E-002  0.14176937E-001  0.14891814E-001  0.15373503E-001  0.15770901E-001  0.27769288E-001  0.78130260E-001  0.12395443E+000  0.24941278E+000  0.25558707E+000  0.25563201E+000  0.25562662E+000
  101998  0.58942835E-003  0.97055459E-017  0.14602173E-016  0.00000000E+000  0.00000000E+000  0.00000000E+000  0.00000000E+000  0.00000000E+000  0.00000000E+000  0.00000000E+000  0.00000000E+000  0.00000000E+000  0.00000000E+000  0.00000000E+000
  101998  0.14788083E-001  0.23945544E-002  0.35783483E-002  0.11657255E-001  0.10941734E-001  0.10467079E-001  0.10069392E-001  0.10821269E-001  0.23962744E-001  0.29290855E-001  0.61108768E-002  0.23633242E-004  0.00000000E+000  0.00000000E+000
  101998  0.17125802E-001  0.50622658E-002  0.75903498E-002  0.25334392E-001  0.25334038E-001  0.25340628E-001  0.25340386E-001  0.37840556E-001  0.10209300E+000  0.15324529E+000  0.25552365E+000  0.25561070E+000  0.25563201E+000  0.25562662E+000
  101998  0.17535789E-001  0.99000176E-002  0.14849999E-001  0.49500000E-001  0.49499989E-001  0.49499996E-001  0.49499996E-001  0.74250020E-001  0.19999999E+000  0.30000001E+000  0.49999994E+000  0.50000000E+000  0.50000000E+000  0.49997902E+000
  101998  0.21338081E+001  0.31929069E+001  0.10642924E+002  0.10643571E+002  0.10643131E+002  0.10643837E+002  0.16891912E+002  0.45499916E+002  0.68250000E+002  0.11374998E+003  0.11374999E+003  0.11374999E+003  0.11374999E+003
  101998  0.25402495E+000  0.38010472E+000  0.12670238E+001  0.12670887E+001  0.12670325E+001  0.12671186E+001  0.19305036E+001  0.51999898E+001  0.78000002E+001  0.12999998E+002  0.13000000E+002  0.13000000E+002  0.13000000E+002
  101998  0.29129028E+000  0.87365723E+000  0.11808472E+001  0.13400574E+001  0.15217590E+001  0.17020264E+001  0.18813477E+001  0.20993652E+001  0.25600586E+001  0.33468628E+001  0.42773743E+001  0.49312134E+001  0.52564087E+001  0.53806458E+001
  101998  0.27344128E+003  0.27402365E+003  0.27433084E+003  0.27449005E+003  0.27467175E+003  0.27485202E+003  0.27503134E+003  0.27524936E+003  0.27571005E+003  0.27649686E+003  0.27742737E+003  0.27808121E+003  0.27840640E+003  0.27853064E+003
  101998  0.91888458E-002  0.22383168E-001  0.33600904E-001  0.11320227E+000  0.11620107E+000  0.11820194E+000  0.11987040E+000  0.19974607E+000  0.55233067E+000  0.85703516E+000  0.16080632E+001  0.16341171E+001  0.16343522E+001  0.16343415E+001
  101998  0.00000000E+000  0.10797094E-001  0.16162045E-001  0.53799823E-001  0.53802073E-001  0.53786550E-001  0.53789720E-001  0.83392516E-001  0.22496428E+000  0.33766532E+000  0.56302345E+000  0.56320721E+000  0.56325406E+000  0.56326586E+000
  101998  0.27624604E-002  0.47853547E-002  0.20714831E-001  0.24908636E-001  0.27388522E-001  0.28376350E-001  0.32110117E-001  0.77823438E-001  0.86412191E-001  0.47444934E-002  0.00000000E+000  0.00000000E+000  0.00000000E+000
  101998  0.27097836E-002  0.69303624E-002  0.11334849E-001  0.48150063E-001  0.64071134E-001  0.73743746E-001  0.80117337E-001  0.13774964E+000  0.41572839E+000  0.56480658E+000  0.25260225E+000  0.99976107E-001  0.74303649E-001  0.70813566E-001
  101998  0.79246866E-010  0.16787023E-010  0.42140638E-010  0.46405668E-010  0.39047546E-010  0.37708940E-010  0.62515593E-009  0.00000000E+000  0.00000000E+000  0.00000000E+000  0.00000000E+000  0.00000000E+000  0.00000000E+000
  101998 -0.62786734E-006  0.52348660E-005  0.79527199E-005  0.69146708E-005  0.58924311E-005  0.51191382E-005  0.46164987E-005  0.61930073E-005  0.35915818E-005  0.36539677E-005  0.00000000E+000  0.00000000E+000  0.00000000E+000
  101998  0.99147741E-007  0.80625433E-007 -0.18071461E-006  0.44510838E-007  0.34031071E-007  0.33308083E-007  0.47341700E-007  0.77162277E-007  0.11319213E-006  0.94231638E-007  0.71226427E-005  0.28885136E-003  0.20285464E-004  0.12308333E-004
  101998  0.88723398E-015  0.18115856E-015  0.45368122E-015  0.50153578E-015  0.42564957E-015  0.41170915E-015  0.44437373E-014  0.00000000E+000  0.00000000E+000  0.00000000E+000  0.00000000E+000  0.00000000E+000  0.00000000E+000
  101998  0.00000000E+000  0.26834644E-002  0.39180294E-002  0.11917759E-001  0.10941762E-001  0.85722636E-002  0.73037054E-002  0.52736895E-002  0.58886632E-002  0.39164252E-002  0.40140874E-002  0.00000000E+000  0.00000000E+000  0.00000000E+000
  101998  0.00000000E+000 -0.91341510E-003 -0.11790879E-002 -0.30837948E-002 -0.26081786E-002 -0.18844281E-002 -0.14670913E-002 -0.50140370E-003 -0.55868435E-003  0.26702392E-003  0.43225100E-004  0.00000000E+000  0.00000000E+000  0.00000000E+000
  101998  0.27383642E-001 -0.32358028E-004 -0.58796089E-004 -0.99836921E-004 -0.83175109E-005 -0.25094836E-004 -0.38406528E-004 -0.93092291E-004 -0.15117017E-003 -0.17286929E-003  0.61402483E-004  0.20881282E-004  0.51059286E-008  0.18285198E-011
  101998  0.85975444E-007  0.57216175E-006  0.72116404E-006  0.47800063E-006  0.34620473E-006  0.25375090E-006  0.31465839E-006  0.29750157E-006  0.12355007E-006  0.13969019E-007  0.00000000E+000  0.00000000E+000  0.00000000E+000
  101998 -0.91257155E-010  0.14586578E-009 -0.19396651E-010  0.13732010E-011  0.66386601E-011 -0.11443312E-010 -0.22123883E-010 -0.13913108E-010  0.31117386E-010  0.44259836E-008 -0.31969531E-007  0.43844120E-009  0.13425165E-010
  101998  0.40401013E-009  0.70580752E-009  0.30828342E-008  0.37260222E-008  0.40563863E-008  0.41316404E-008  0.44606834E-008  0.91306100E-008  0.61493446E-008  0.71464019E-004  0.00000000E+000  0.00000000E+000  0.00000000E+000
  101998  0.11349255E-010  0.12578016E-009  0.19924089E-009  0.60608812E-009  0.81358736E-009  0.78345103E-009  0.78063889E-009  0.73249729E-009  0.17520378E-008  0.67873747E-008  0.19337554E-003  0.70179529E-004  0.99708759E-005  0.84316019E-006
  101998  0.73044646E+000  0.10886393E+001  0.35187051E+001  0.32702639E+001  0.31039906E+001  0.29688001E+001  0.31715388E+001  0.70433416E+001  0.88272619E+001  0.20459026E+000  0.00000000E+000  0.00000000E+000  0.00000000E+000
  101998  0.26064454E-001  0.39030172E-001  0.58470130E-001  0.19788578E+000  0.20428897E+000  0.20968588E+000  0.21378937E+000  0.38177654E+000  0.10719923E+001  0.17236257E+001  0.18498906E+000  0.25209638E-002  0.89981324E-006  0.26721217E-009
  101998  0.44396653E-009  0.94104960E-010  0.23627805E-009  0.26027505E-009  0.21912497E-009  0.21175398E-009  0.28613973E-008  0.00000000E+000  0.00000000E+000  0.00000000E+000  0.00000000E+000  0.00000000E+000  0.00000000E+000
  101998  0.27443292E-001  0.26587152E-002  0.36221675E-002  0.94686896E-002  0.78387121E-002  0.54642954E-002  0.41986401E-002  0.13859906E-002  0.13111585E-002  0.76548650E-003  0.38435543E-003  0.13385044E-003  0.49589735E-005  0.66653359E-006
  101998  0.51461662E-004  0.71375449E-004  0.89370529E-004  0.24569902E-003  0.18739079E-003  0.10753198E-003  0.79013807E-004  0.31463023E-004  0.36576592E-004  0.34192588E-004  0.21376965E-004  0.26475183E-006  0.65500392E-011  0.00000000E+000
  101998  0.12713367E-006  0.15171133E-001  0.70885744E-005  0.15159530E-004  0.12803813E-004  0.11791577E-004  0.10541014E-004  0.22232266E-005  0.16749581E-005  0.64026960E-006  0.40790187E-005  0.23444156E-005  0.16657414E-006  0.10543528E-007
  101998  0.16874512E-004  0.40608658E-004  0.90056310E-004  0.25485017E-003  0.19378803E-003  0.11341209E-003  0.82861203E-004  0.32264121E-004  0.33499429E-004  0.36216090E-004  0.24111421E-004  0.14960897E-006  0.18048010E-009  0.10437988E-010
  101998  0.21120607E-005  0.25531511E-006  0.36716521E-007  0.86356572E-007  0.92034242E-007  0.90676153E-007  0.92488236E-007  0.42617337E-007  0.31134419E-007  0.18871770E-007  0.13022714E-006  0.24103624E-007  0.22283981E-008  0.14518968E-009
  101998  0.26662092E-004  0.59861137E-004  0.19779645E-006  0.50789617E-006  0.37826919E-006  0.73739741E-007  0.62226533E-007  0.12640766E-007  0.76861744E-008  0.12403376E-007  0.32930515E-007  0.47185513E-008  0.00000000E+000  0.00000000E+000
  101998  0.00000000E+000  0.15031285E-005  0.10585033E-008  0.30110074E-008  0.25716449E-008  0.64738392E-009  0.61152899E-009  0.39791179E-009  0.26328589E-009  0.43931866E-009  0.11703585E-008  0.16787949E-009  0.00000000E+000  0.00000000E+000
  101998  0.00000000E+000  0.00000000E+000  0.00000000E+000  0.00000000E+000  0.00000000E+000  0.00000000E+000  0.00000000E+000  0.00000000E+000  0.00000000E+000  0.00000000E+000  0.00000000E+000  0.00000000E+000  0.00000000E+000  0.00000000E+000
  101998  0.00000000E+000  0.00000000E+000  0.00000000E+000  0.00000000E+000  0.00000000E+000  0.00000000E+000  0.00000000E+000  0.00000000E+000  0.00000000E+000  0.00000000E+000  0.00000000E+000  0.00000000E+000  0.00000000E+000  0.00000000E+000
  101998  0.00000000E+000  0.00000000E+000  0.00000000E+000  0.00000000E+000  0.00000000E+000  0.00000000E+000  0.00000000E+000  0.00000000E+000  0.00000000E+000  0.00000000E+000  0.00000000E+000  0.00000000E+000  0.00000000E+000  0.00000000E+000
  101998  0.00000000E+000  0.00000000E+000  0.00000000E+000  0.00000000E+000  0.00000000E+000  0.00000000E+000  0.00000000E+000  0.00000000E+000  0.00000000E+000  0.00000000E+000  0.00000000E+000  0.00000000E+000  0.00000000E+000  0.00000000E+000
  101998  0.00000000E+000  0.00000000E+000  0.00000000E+000  0.00000000E+000  0.00000000E+000  0.00000000E+000  0.00000000E+000  0.00000000E+000  0.00000000E+000  0.00000000E+000  0.00000000E+000  0.00000000E+000  0.00000000E+000  0.00000000E+000
  101998  0.00000000E+000  0.00000000E+000  0.00000000E+000  0.00000000E+000  0.00000000E+000  0.00000000E+000  0.00000000E+000  0.00000000E+000  0.00000000E+000  0.00000000E+000  0.00000000E+000  0.00000000E+000  0.00000000E+000  0.00000000E+000  0.10289955E-001
  0.18673051E-003  0.27452654E-003  0.27015342E-003  0.28368755E-003  0.13760978E-003  0.14604047E-003  0.33041400E-004  0.24328850E-004  0.87269536E-005  0.81539811E-005  0.93841601E-013  0.32618102E-032  0.00000000E+000  0.00000000E+000  0.00000000E+000
  0.00000000E+000  0.00000000E+000  0.00000000E+000  0.00000000E+000  0.00000000E+000  0.00000000E+000  0.00000000E+000  0.00000000E+000  0.00000000E+000  0.00000000E+000  0.00000000E+000  0.00000000E+000  0.00000000E+000  0.28655995E-003  0.37898606E-003
  0.10307208E-002  0.82119240E-003  0.30698575E-003  0.23335128E-003  0.63335538E-004  0.59393671E-004  0.35796321E-010  0.17930422E-012  0.16375715E-017  0.28229158E-040  0.00000000E+000  0.00000000E+000  0.58609940E-003  0.78937470E-003  0.20261898E-002
  0.15842884E-002  0.14498896E-002  0.11040230E-002  0.36307480E-003  0.34014194E-003  0.21270412E-003  0.11415953E-003  0.70130159E-005  0.43192253E-006  0.27223711E-007
  101998  0.00000000E+000  0.00000000E+000  0.00000000E+000  0.00000000E+000  0.00000000E+000  0.00000000E+000  0.00000000E+000  0.00000000E+000  0.00000000E+000  0.00000000E+000  0.00000000E+000  0.00000000E+000  0.00000000E+000  0.00000000E+000  0.19534610E-006
  0.16725397E-006  0.12803233E-005  0.89747522E-006  0.98347743E-006  0.56973113E-006  0.55039470E-006  0.59698515E-007  0.33709751E-008  0.22084809E-007  0.65472825E-007  0.12158532E-014  0.19377960E-034  0.00000000E+000  0.00000000E+000  0.00000000E+000
  0.00000000E+000  0.00000000E+000  0.00000000E+000  0.00000000E+000  0.00000000E+000  0.00000000E+000  0.00000000E+000  0.00000000E+000  0.00000000E+000  0.00000000E+000  0.00000000E+000  0.00000000E+000  0.00000000E+000  0.66435587E-006  0.28167019E-005
  0.48584866E-005  0.45306242E-005  0.21469859E-005  0.13141273E-005  0.79094363E-007  0.47620223E-008  0.16035135E-013  0.12961513E-015  0.62305336E-020  0.56051939E-044  0.00000000E+000  0.00000000E+000  0.13245657E-005  0.55657724E-005  0.95835485E-005
  0.96251752E-005  0.83781415E-005  0.60520797E-005  0.39319244E-006  0.24053355E-007  0.12911872E-006  0.14935284E-006  0.21699524E-008  0.27842582E-010  0.43246475E-012
  101998  0.75413098E-009  0.12159070E-016  0.83685842E-018  0.48364162E-016 -0.74430870E-016  0.26020852E-017  0.18341151E-009  0.00000000E+000  0.00000000E+000  0.00000000E+000  0.00000000E+000  0.00000000E+000  0.00000000E+000
  101998  0.47326148E-005  0.13999860E-016  0.00000000E+000  0.00000000E+000  0.00000000E+000  0.00000000E+000  0.00000000E+000  0.00000000E+000  0.00000000E+000  0.00000000E+000  0.00000000E+000  0.00000000E+000  0.00000000E+000
  101998  0.10000024E-003  0.15000087E-003  0.50000160E-003  0.50000462E-003  0.49999997E-003  0.49999997E-003  0.75000018E-003  0.00000000E+000  0.00000000E+000  0.00000000E+000  0.00000000E+000  0.00000000E+000  0.00000000E+000
  101998  0.00000000E+000  0.00000000E+000  0.00000000E+000  0.00000000E+000  0.00000000E+000  0.00000000E+000  0.00000000E+000  0.00000000E+000  0.00000000E+000  0.00000000E+000  0.00000000E+000  0.00000000E+000  0.00000000E+000
  101998  0.00000000E+000  0.00000000E+000  0.00000000E+000  0.00000000E+000  0.00000000E+000  0.00000000E+000  0.00000000E+000  0.00000000E+000  0.00000000E+000  0.00000000E+000  0.99999998E-002
  101998  0.00000000E+000  0.00000000E+000  0.00000000E+000  0.00000000E+000  0.00000000E+000  0.00000000E+000  0.00000000E+000  0.00000000E+000  0.00000000E+000  0.00000000E+000
  101998  0.00000000E+000  0.00000000E+000  0.00000000E+000  0.00000000E+000  0.00000000E+000  0.00000000E+000  0.00000000E+000  0.00000000E+000  0.00000000E+000  0.00000000E+000
  101998  0.00000000E+000  0.00000000E+000  0.00000000E+000  0.00000000E+000  0.00000000E+000  0.00000000E+000  0.00000000E+000  0.00000000E+000  0.00000000E+000  0.00000000E+000
  101998  0.00000000E+000  0.00000000E+000  0.00000000E+000  0.00000000E+000  0.00000000E+000  0.00000000E+000  0.00000000E+000  0.00000000E+000  0.00000000E+000  0.00000000E+000
  101998  0.10000000E+001  0.10000000E+001  0.10000000E+001  0.10000000E+001  0.10000000E+001  0.10000000E+001  0.10000000E+001  0.10000000E+001  0.10000000E+001  0.10000000E+001  0.10000000E+001  0.10000000E+001  0.10000000E+001  0.10000000E+001
  101998  0.00000000E+000  0.00000000E+000  0.00000000E+000  0.00000000E+000  0.00000000E+000  0.00000000E+000  0.00000000E+000  0.00000000E+000  0.00000000E+000  0.00000000E+000  0.00000000E+000  0.00000000E+000  0.00000000E+000  0.00000000E+000
  101998  0.10000000E+001  0.10000000E+001  0.10000000E+001  0.10000000E+001  0.10000000E+001  0.10000000E+001  0.10000000E+001  0.10000000E+001  0.10000000E+001  0.10000000E+001  0.10000000E+001  0.10000000E+001  0.10000000E+001  0.10000000E+001
  101998  0.00000000E+000  0.00000000E+000  0.00000000E+000  0.00000000E+000  0.00000000E+000  0.00000000E+000  0.00000000E+000  0.00000000E+000  0.00000000E+000  0.00000000E+000  0.00000000E+000  0.00000000E+000  0.00000000E+000  0.00000000E+000
  101998  0.10000000E+001  0.10000000E+001  0.10000000E+001  0.10000000E+001  0.10000000E+001  0.10000000E+001  0.10000000E+001  0.10000000E+001  0.10000000E+001  0.10000000E+001  0.10000000E+001  0.10000000E+001  0.10000000E+001  0.10000000E+001
  101998  0.00000000E+000  0.00000000E+000  0.00000000E+000  0.00000000E+000  0.00000000E+000  0.00000000E+000  0.00000000E+000  0.00000000E+000  0.00000000E+000  0.00000000E+000  0.00000000E+000  0.00000000E+000  0.00000000E+000  0.00000000E+000
  101998  0.97046018E-003  0.25203773E-004  0.94193703E-004  0.22178549E-003  0.20452973E-003  0.12415859E-003  0.11402668E-003  0.21640434E-003  0.48615102E-003  0.69266866E-003  0.11410298E-002  0.44053810E-003  0.10562254E-003  0.26575421E-004
  101998  0.00000000E+000  0.00000000E+000  0.00000000E+000  0.00000000E+000  0.00000000E+000  0.00000000E+000  0.00000000E+000  0.00000000E+000  0.00000000E+000  0.00000000E+000  0.00000000E+000  0.00000000E+000  0.00000000E+000  0.00000000E+000
  101998  0.00000000E+000  0.77744560E-004  0.11633073E-003  0.38777810E-003  0.38778447E-003  0.38777865E-003  0.38780886E-003  0.58434731E-002  0.15739935E-001  0.23609934E-001  0.39349884E-001  0.39349888E-001  0.39349888E-001  0.39349888E-001
  101998  0.00000000E+000  0.33044253E-001  0.49445450E-001  0.16481805E+000  0.16482812E+000  0.16482124E+000  0.16483308E+000  0.64964747E+000  0.17498863E+001  0.26248333E+001  0.43747215E+001  0.43747220E+001  0.43747220E+001  0.43747220E+001
  101998  0.00000000E+000  0.22048984E+000  0.32877836E+000  0.10962402E+001  0.10970838E+001  0.10986221E+001  0.10992947E+001  0.12722867E+001  0.34272363E+001  0.51408987E+001  0.85676212E+001  0.85676641E+001  0.85676756E+001  0.85676765E+001
  101998  0.00000000E+000  0.13033406E-007  0.68998780E-007  0.21514754E-006  0.17212368E-006  0.10731309E-006  0.82586951E-007  0.51836224E-006  0.15845939E-005  0.22320642E-005  0.33569877E-005  0.33276267E-005  0.33219897E-005  0.33205079E-005
  101998  0.00000000E+000  0.40958522E-003  0.17641955E-002  0.55984245E-002  0.47512716E-002  0.32310891E-002  0.25870316E-002  0.27032425E-002  0.70742802E-002  0.10582820E-001  0.18169740E-001  0.18141568E-001  0.18128378E-001  0.18127361E-001
  101998  0.00000000E+000  0.00000000E+000  0.00000000E+000  0.00000000E+000  0.00000000E+000  0.00000000E+000  0.00000000E+000  0.00000000E+000  0.00000000E+000  0.00000000E+000  0.00000000E+000  0.00000000E+000  0.00000000E+000  0.00000000E+000
  101998  0.00000000E+000  0.00000000E+000  0.00000000E+000  0.00000000E+000  0.00000000E+000  0.00000000E+000  0.00000000E+000  0.00000000E+000  0.00000000E+000  0.00000000E+000  0.00000000E+000  0.00000000E+000  0.00000000E+000  0.00000000E+000
  101998  0.00000000E+000  0.00000000E+000  0.00000000E+000  0.00000000E+000  0.00000000E+000  0.00000000E+000  0.00000000E+000  0.00000000E+000  0.00000000E+000  0.00000000E+000  0.00000000E+000  0.00000000E+000  0.00000000E+000  0.00000000E+000
  101998  0.00000000E+000  0.00000000E+000  0.00000000E+000  0.00000000E+000  0.00000000E+000  0.00000000E+000  0.00000000E+000  0.00000000E+000  0.00000000E+000  0.00000000E+000  0.00000000E+000  0.00000000E+000  0.00000000E+000  0.00000000E+000
  101998  0.00000000E+000  0.00000000E+000  0.00000000E+000  0.00000000E+000  0.00000000E+000  0.00000000E+000  0.00000000E+000  0.00000000E+000  0.00000000E+000  0.00000000E+000  0.00000000E+000  0.00000000E+000  0.00000000E+000  0.00000000E+000
  101998  0.28001979E-004  0.20930914E-001  0.31430602E-001  0.10481234E+000  0.10469285E+000  0.10452896E+000  0.10446017E+000  0.79997383E-001  0.21531846E+000  0.32258561E+000  0.53692526E+000  0.53688890E+000  0.53688598E+000  0.53688329E+000
  101998  0.24276516E-004  0.15332790E-001  0.23034928E-001  0.76801553E-001  0.76679572E-001  0.76507345E-001  0.76433785E-001  0.00000000E+000  0.00000000E+000  0.00000000E+000  0.00000000E+000  0.00000000E+000  0.00000000E+000  0.00000000E+000
  101998  0.00000000E+000  0.00000000E+000  0.00000000E+000  0.00000000E+000  0.00000000E+000  0.00000000E+000  0.00000000E+000  0.00000000E+000  0.00000000E+000  0.00000000E+000  0.00000000E+000  0.00000000E+000  0.00000000E+000  0.00000000E+000
  101998  0.31951644E-004  0.54118130E-001  0.81121519E-001  0.27058688E+000  0.27042168E+000  0.27027059E+000  0.27021250E+000  0.44720423E+000  0.12045789E+001  0.18068594E+001  0.30115101E+001  0.30115070E+001  0.30115058E+001  0.30115058E+001
  101998  0.00000000E+000  0.00000000E+000  0.00000000E+000  0.00000000E+000  0.00000000E+000  0.00000000E+000  0.00000000E+000  0.00000000E+000  0.00000000E+000  0.00000000E+000  0.00000000E+000  0.00000000E+000  0.00000000E+000  0.00000000E+000
  101998  0.00000000E+000  0.00000000E+000  0.00000000E+000  0.00000000E+000  0.00000000E+000  0.00000000E+000  0.00000000E+000  0.00000000E+000  0.00000000E+000  0.00000000E+000  0.00000000E+000  0.00000000E+000  0.00000000E+000  0.00000000E+000
  101998  0.00000000E+000  0.00000000E+000  0.00000000E+000  0.00000000E+000  0.00000000E+000  0.00000000E+000  0.00000000E+000  0.00000000E+000  0.00000000E+000  0.00000000E+000  0.00000000E+000  0.00000000E+000  0.00000000E+000  0.00000000E+000
  101998  0.00000000E+000  0.00000000E+000  0.00000000E+000  0.00000000E+000  0.00000000E+000  0.00000000E+000  0.00000000E+000  0.00000000E+000  0.00000000E+000  0.00000000E+000  0.00000000E+000  0.00000000E+000  0.00000000E+000  0.00000000E+000
