    DOY     DATE    GROWTH_STG      BRANCH_NO.      NODE_NO.        RUB_ACTVN       LEAF_N/C        LEAF_P/C        MIN_LWP         O2_STRESS       TEMP_STRESS     
   1.000    01012001  NOT_ALIVE                    0  0.00000000E+00  0.00000000E+00  0.00000000E+00  0.00000000E+00  0.00000000E+00  0.00000000E+00  0.00000000E+00  0.00000000E+00  0.00000000E+00
   2.000    02012001  NOT_ALIVE                    0  0.00000000E+00  0.00000000E+00  0.00000000E+00  0.00000000E+00  0.00000000E+00  0.00000000E+00  0.00000000E+00  0.00000000E+00  0.00000000E+00
   3.000    03012001  NOT_ALIVE                    0  0.00000000E+00  0.00000000E+00  0.00000000E+00  0.00000000E+00  0.00000000E+00  0.00000000E+00  0.00000000E+00  0.00000000E+00  0.00000000E+00
   4.000    04012001  NOT_ALIVE                    0  0.00000000E+00  0.00000000E+00  0.00000000E+00  0.00000000E+00  0.00000000E+00  0.00000000E+00  0.00000000E+00  0.00000000E+00  0.00000000E+00
   5.000    05012001  NOT_ALIVE                    0  0.00000000E+00  0.00000000E+00  0.00000000E+00  0.00000000E+00  0.00000000E+00  0.00000000E+00  0.00000000E+00  0.00000000E+00  0.00000000E+00
   6.000    06012001  NOT_ALIVE                    0  0.00000000E+00  0.00000000E+00  0.00000000E+00  0.00000000E+00  0.00000000E+00  0.00000000E+00  0.00000000E+00  0.00000000E+00  0.00000000E+00
   7.000    07012001  NOT_ALIVE                    0  0.00000000E+00  0.00000000E+00  0.00000000E+00  0.00000000E+00  0.00000000E+00  0.00000000E+00  0.00000000E+00  0.00000000E+00  0.00000000E+00
   8.000    08012001  NOT_ALIVE                    0  0.00000000E+00  0.00000000E+00  0.00000000E+00  0.00000000E+00  0.00000000E+00  0.00000000E+00  0.00000000E+00  0.00000000E+00  0.00000000E+00
   9.000    09012001  NOT_ALIVE                    0  0.00000000E+00  0.00000000E+00  0.00000000E+00  0.00000000E+00  0.00000000E+00  0.00000000E+00  0.00000000E+00  0.00000000E+00  0.00000000E+00
  10.000    10012001  NOT_ALIVE                    0  0.00000000E+00  0.00000000E+00  0.00000000E+00  0.00000000E+00  0.00000000E+00  0.00000000E+00  0.00000000E+00  0.00000000E+00  0.00000000E+00
  11.000    11012001  NOT_ALIVE                    0  0.00000000E+00  0.00000000E+00  0.00000000E+00  0.00000000E+00  0.00000000E+00  0.00000000E+00  0.00000000E+00  0.00000000E+00  0.00000000E+00
  12.000    12012001  NOT_ALIVE                    0  0.00000000E+00  0.00000000E+00  0.00000000E+00  0.00000000E+00  0.00000000E+00  0.00000000E+00  0.00000000E+00  0.00000000E+00  0.00000000E+00
  13.000    13012001  NOT_ALIVE                    0  0.00000000E+00  0.00000000E+00  0.00000000E+00  0.00000000E+00  0.00000000E+00  0.00000000E+00  0.00000000E+00  0.00000000E+00  0.00000000E+00
  14.000    14012001  NOT_ALIVE                    0  0.00000000E+00  0.00000000E+00  0.00000000E+00  0.00000000E+00  0.00000000E+00  0.00000000E+00  0.00000000E+00  0.00000000E+00  0.00000000E+00
  15.000    15012001  NOT_ALIVE                    0  0.00000000E+00  0.00000000E+00  0.00000000E+00  0.00000000E+00  0.00000000E+00  0.00000000E+00  0.00000000E+00  0.00000000E+00  0.00000000E+00
  16.000    16012001  NOT_ALIVE                    0  0.00000000E+00  0.00000000E+00  0.00000000E+00  0.00000000E+00  0.00000000E+00  0.00000000E+00  0.00000000E+00  0.00000000E+00  0.00000000E+00
  17.000    17012001  NOT_ALIVE                    0  0.00000000E+00  0.00000000E+00  0.00000000E+00  0.00000000E+00  0.00000000E+00  0.00000000E+00  0.00000000E+00  0.00000000E+00  0.00000000E+00
  18.000    18012001  NOT_ALIVE                    0  0.00000000E+00  0.00000000E+00  0.00000000E+00  0.00000000E+00  0.00000000E+00  0.00000000E+00  0.00000000E+00  0.00000000E+00  0.00000000E+00
  19.000    19012001  NOT_ALIVE                    0  0.00000000E+00  0.00000000E+00  0.00000000E+00  0.00000000E+00  0.00000000E+00  0.00000000E+00  0.00000000E+00  0.00000000E+00  0.00000000E+00
  20.000    20012001  NOT_ALIVE                    0  0.00000000E+00  0.00000000E+00  0.00000000E+00  0.00000000E+00  0.00000000E+00  0.00000000E+00  0.00000000E+00  0.00000000E+00  0.00000000E+00
  21.000    21012001  NOT_ALIVE                    0  0.00000000E+00  0.00000000E+00  0.00000000E+00  0.00000000E+00  0.00000000E+00  0.00000000E+00  0.00000000E+00  0.00000000E+00  0.00000000E+00
  22.000    22012001  NOT_ALIVE                    0  0.00000000E+00  0.00000000E+00  0.00000000E+00  0.00000000E+00  0.00000000E+00  0.00000000E+00  0.00000000E+00  0.00000000E+00  0.00000000E+00
  23.000    23012001  NOT_ALIVE                    0  0.00000000E+00  0.00000000E+00  0.00000000E+00  0.00000000E+00  0.00000000E+00  0.00000000E+00  0.00000000E+00  0.00000000E+00  0.00000000E+00
  24.000    24012001  NOT_ALIVE                    0  0.00000000E+00  0.00000000E+00  0.00000000E+00  0.00000000E+00  0.00000000E+00  0.00000000E+00  0.00000000E+00  0.00000000E+00  0.00000000E+00
  25.000    25012001  NOT_ALIVE                    0  0.00000000E+00  0.00000000E+00  0.00000000E+00  0.00000000E+00  0.00000000E+00  0.00000000E+00  0.00000000E+00  0.00000000E+00  0.00000000E+00
  26.000    26012001  NOT_ALIVE                    0  0.00000000E+00  0.00000000E+00  0.00000000E+00  0.00000000E+00  0.00000000E+00  0.00000000E+00  0.00000000E+00  0.00000000E+00  0.00000000E+00
  27.000    27012001  NOT_ALIVE                    0  0.00000000E+00  0.00000000E+00  0.00000000E+00  0.00000000E+00  0.00000000E+00  0.00000000E+00  0.00000000E+00  0.00000000E+00  0.00000000E+00
  28.000    28012001  NOT_ALIVE                    0  0.00000000E+00  0.00000000E+00  0.00000000E+00  0.00000000E+00  0.00000000E+00  0.00000000E+00  0.00000000E+00  0.00000000E+00  0.00000000E+00
  29.000    29012001  NOT_ALIVE                    0  0.00000000E+00  0.00000000E+00  0.00000000E+00  0.00000000E+00  0.00000000E+00  0.00000000E+00  0.00000000E+00  0.00000000E+00  0.00000000E+00
  30.000    30012001  NOT_ALIVE                    0  0.00000000E+00  0.00000000E+00  0.00000000E+00  0.00000000E+00  0.00000000E+00  0.00000000E+00  0.00000000E+00  0.00000000E+00  0.00000000E+00
  31.000    31012001  NOT_ALIVE                    0  0.00000000E+00  0.00000000E+00  0.00000000E+00  0.00000000E+00  0.00000000E+00  0.00000000E+00  0.00000000E+00  0.00000000E+00  0.00000000E+00
  32.000    01022001  NOT_ALIVE                    0  0.00000000E+00  0.00000000E+00  0.00000000E+00  0.00000000E+00  0.00000000E+00  0.00000000E+00  0.00000000E+00  0.00000000E+00  0.00000000E+00
  33.000    02022001  NOT_ALIVE                    0  0.00000000E+00  0.00000000E+00  0.00000000E+00  0.00000000E+00  0.00000000E+00  0.00000000E+00  0.00000000E+00  0.00000000E+00  0.00000000E+00
  34.000    03022001  NOT_ALIVE                    0  0.00000000E+00  0.00000000E+00  0.00000000E+00  0.00000000E+00  0.00000000E+00  0.00000000E+00  0.00000000E+00  0.00000000E+00  0.00000000E+00
  35.000    04022001  NOT_ALIVE                    0  0.00000000E+00  0.00000000E+00  0.00000000E+00  0.00000000E+00  0.00000000E+00  0.00000000E+00  0.00000000E+00  0.00000000E+00  0.00000000E+00
  36.000    05022001  NOT_ALIVE                    0  0.00000000E+00  0.00000000E+00  0.00000000E+00  0.00000000E+00  0.00000000E+00  0.00000000E+00  0.00000000E+00  0.00000000E+00  0.00000000E+00
  37.000    06022001  NOT_ALIVE                    0  0.00000000E+00  0.00000000E+00  0.00000000E+00  0.00000000E+00  0.00000000E+00  0.00000000E+00  0.00000000E+00  0.00000000E+00  0.00000000E+00
  38.000    07022001  NOT_ALIVE                    0  0.00000000E+00  0.00000000E+00  0.00000000E+00  0.00000000E+00  0.00000000E+00  0.00000000E+00  0.00000000E+00  0.00000000E+00  0.00000000E+00
  39.000    08022001  NOT_ALIVE                    0  0.00000000E+00  0.00000000E+00  0.00000000E+00  0.00000000E+00  0.00000000E+00  0.00000000E+00  0.00000000E+00  0.00000000E+00  0.00000000E+00
  40.000    09022001  NOT_ALIVE                    0  0.00000000E+00  0.00000000E+00  0.00000000E+00  0.00000000E+00  0.00000000E+00  0.00000000E+00  0.00000000E+00  0.00000000E+00  0.00000000E+00
  41.000    10022001  NOT_ALIVE                    0  0.00000000E+00  0.00000000E+00  0.00000000E+00  0.00000000E+00  0.00000000E+00  0.00000000E+00  0.00000000E+00  0.00000000E+00  0.00000000E+00
  42.000    11022001  NOT_ALIVE                    0  0.00000000E+00  0.00000000E+00  0.00000000E+00  0.00000000E+00  0.00000000E+00  0.00000000E+00  0.00000000E+00  0.00000000E+00  0.00000000E+00
  43.000    12022001  NOT_ALIVE                    0  0.00000000E+00  0.00000000E+00  0.00000000E+00  0.00000000E+00  0.00000000E+00  0.00000000E+00  0.00000000E+00  0.00000000E+00  0.00000000E+00
  44.000    13022001  NOT_ALIVE                    0  0.00000000E+00  0.00000000E+00  0.00000000E+00  0.00000000E+00  0.00000000E+00  0.00000000E+00  0.00000000E+00  0.00000000E+00  0.00000000E+00
  45.000    14022001  NOT_ALIVE                    0  0.00000000E+00  0.00000000E+00  0.00000000E+00  0.00000000E+00  0.00000000E+00  0.00000000E+00  0.00000000E+00  0.00000000E+00  0.00000000E+00
  46.000    15022001  NOT_ALIVE                    0  0.00000000E+00  0.00000000E+00  0.00000000E+00  0.00000000E+00  0.00000000E+00  0.00000000E+00  0.00000000E+00  0.00000000E+00  0.00000000E+00
  47.000    16022001  NOT_ALIVE                    0  0.00000000E+00  0.00000000E+00  0.00000000E+00  0.00000000E+00  0.00000000E+00  0.00000000E+00  0.00000000E+00  0.00000000E+00  0.00000000E+00
  48.000    17022001  NOT_ALIVE                    0  0.00000000E+00  0.00000000E+00  0.00000000E+00  0.00000000E+00  0.00000000E+00  0.00000000E+00  0.00000000E+00  0.00000000E+00  0.00000000E+00
  49.000    18022001  NOT_ALIVE                    0  0.00000000E+00  0.00000000E+00  0.00000000E+00  0.00000000E+00  0.00000000E+00  0.00000000E+00  0.00000000E+00  0.00000000E+00  0.00000000E+00
  50.000    19022001  NOT_ALIVE                    0  0.00000000E+00  0.00000000E+00  0.00000000E+00  0.00000000E+00  0.00000000E+00  0.00000000E+00  0.00000000E+00  0.00000000E+00  0.00000000E+00
  51.000    20022001  NOT_ALIVE                    0  0.00000000E+00  0.00000000E+00  0.00000000E+00  0.00000000E+00  0.00000000E+00  0.00000000E+00  0.00000000E+00  0.00000000E+00  0.00000000E+00
  52.000    21022001  NOT_ALIVE                    0  0.00000000E+00  0.00000000E+00  0.00000000E+00  0.00000000E+00  0.00000000E+00  0.00000000E+00  0.00000000E+00  0.00000000E+00  0.00000000E+00
  53.000    22022001  NOT_ALIVE                    0  0.00000000E+00  0.00000000E+00  0.00000000E+00  0.00000000E+00  0.00000000E+00  0.00000000E+00  0.00000000E+00  0.00000000E+00  0.00000000E+00
  54.000    23022001  NOT_ALIVE                    0  0.00000000E+00  0.00000000E+00  0.00000000E+00  0.00000000E+00  0.00000000E+00  0.00000000E+00  0.00000000E+00  0.00000000E+00  0.00000000E+00
  55.000    24022001  NOT_ALIVE                    0  0.00000000E+00  0.00000000E+00  0.00000000E+00  0.00000000E+00  0.00000000E+00  0.00000000E+00  0.00000000E+00  0.00000000E+00  0.00000000E+00
  56.000    25022001  NOT_ALIVE                    0  0.00000000E+00  0.00000000E+00  0.00000000E+00  0.00000000E+00  0.00000000E+00  0.00000000E+00  0.00000000E+00  0.00000000E+00  0.00000000E+00
  57.000    26022001  NOT_ALIVE                    0  0.00000000E+00  0.00000000E+00  0.00000000E+00  0.00000000E+00  0.00000000E+00  0.00000000E+00  0.00000000E+00  0.00000000E+00  0.00000000E+00
  58.000    27022001  NOT_ALIVE                    0  0.00000000E+00  0.00000000E+00  0.00000000E+00  0.00000000E+00  0.00000000E+00  0.00000000E+00  0.00000000E+00  0.00000000E+00  0.00000000E+00
  59.000    28022001  NOT_ALIVE                    0  0.00000000E+00  0.00000000E+00  0.00000000E+00  0.00000000E+00  0.00000000E+00  0.00000000E+00  0.00000000E+00  0.00000000E+00  0.00000000E+00
  60.000    01032001  NOT_ALIVE                    0  0.00000000E+00  0.00000000E+00  0.00000000E+00  0.00000000E+00  0.00000000E+00  0.00000000E+00  0.00000000E+00  0.00000000E+00  0.00000000E+00
  61.000    02032001  NOT_ALIVE                    0  0.00000000E+00  0.00000000E+00  0.00000000E+00  0.00000000E+00  0.00000000E+00  0.00000000E+00  0.00000000E+00  0.00000000E+00  0.00000000E+00
  62.000    03032001  NOT_ALIVE                    0  0.00000000E+00  0.00000000E+00  0.00000000E+00  0.00000000E+00  0.00000000E+00  0.00000000E+00  0.00000000E+00  0.00000000E+00  0.00000000E+00
  63.000    04032001  NOT_ALIVE                    0  0.00000000E+00  0.00000000E+00  0.00000000E+00  0.00000000E+00  0.00000000E+00  0.00000000E+00  0.00000000E+00  0.00000000E+00  0.00000000E+00
  64.000    05032001  NOT_ALIVE                    0  0.00000000E+00  0.00000000E+00  0.00000000E+00  0.00000000E+00  0.00000000E+00  0.00000000E+00  0.00000000E+00  0.00000000E+00  0.00000000E+00
  65.000    06032001  NOT_ALIVE                    0  0.00000000E+00  0.00000000E+00  0.00000000E+00  0.00000000E+00  0.00000000E+00  0.00000000E+00  0.00000000E+00  0.00000000E+00  0.00000000E+00
  66.000    07032001  NOT_ALIVE                    0  0.00000000E+00  0.00000000E+00  0.00000000E+00  0.00000000E+00  0.00000000E+00  0.00000000E+00  0.00000000E+00  0.00000000E+00  0.00000000E+00
  67.000    08032001  NOT_ALIVE                    0  0.00000000E+00  0.00000000E+00  0.00000000E+00  0.00000000E+00  0.00000000E+00  0.00000000E+00  0.00000000E+00  0.00000000E+00  0.00000000E+00
  68.000    09032001  NOT_ALIVE                    0  0.00000000E+00  0.00000000E+00  0.00000000E+00  0.00000000E+00  0.00000000E+00  0.00000000E+00  0.00000000E+00  0.00000000E+00  0.00000000E+00
  69.000    10032001  NOT_ALIVE                    0  0.00000000E+00  0.00000000E+00  0.00000000E+00  0.00000000E+00  0.00000000E+00  0.00000000E+00  0.00000000E+00  0.00000000E+00  0.00000000E+00
  70.000    11032001  NOT_ALIVE                    0  0.00000000E+00  0.00000000E+00  0.00000000E+00  0.00000000E+00  0.00000000E+00  0.00000000E+00  0.00000000E+00  0.00000000E+00  0.00000000E+00
  71.000    12032001  NOT_ALIVE                    0  0.00000000E+00  0.00000000E+00  0.00000000E+00  0.00000000E+00  0.00000000E+00  0.00000000E+00  0.00000000E+00  0.00000000E+00  0.00000000E+00
  72.000    13032001  NOT_ALIVE                    0  0.00000000E+00  0.00000000E+00  0.00000000E+00  0.00000000E+00  0.00000000E+00  0.00000000E+00  0.00000000E+00  0.00000000E+00  0.00000000E+00
  73.000    14032001  NOT_ALIVE                    0  0.00000000E+00  0.00000000E+00  0.00000000E+00  0.00000000E+00  0.00000000E+00  0.00000000E+00  0.00000000E+00  0.00000000E+00  0.00000000E+00
  74.000    15032001  NOT_ALIVE                    0  0.00000000E+00  0.00000000E+00  0.00000000E+00  0.00000000E+00  0.00000000E+00  0.00000000E+00  0.00000000E+00  0.00000000E+00  0.00000000E+00
  75.000    16032001  NOT_ALIVE                    0  0.00000000E+00  0.00000000E+00  0.00000000E+00  0.00000000E+00  0.00000000E+00  0.00000000E+00  0.00000000E+00  0.00000000E+00  0.00000000E+00
  76.000    17032001  NOT_ALIVE                    0  0.00000000E+00  0.00000000E+00  0.00000000E+00  0.00000000E+00  0.00000000E+00  0.00000000E+00  0.00000000E+00  0.00000000E+00  0.00000000E+00
  77.000    18032001  NOT_ALIVE                    0  0.00000000E+00  0.00000000E+00  0.00000000E+00  0.00000000E+00  0.00000000E+00  0.00000000E+00  0.00000000E+00  0.00000000E+00  0.00000000E+00
  78.000    19032001  NOT_ALIVE                    0  0.00000000E+00  0.00000000E+00  0.00000000E+00  0.00000000E+00  0.00000000E+00  0.00000000E+00  0.00000000E+00  0.00000000E+00  0.00000000E+00
  79.000    20032001  NOT_ALIVE                    0  0.00000000E+00  0.00000000E+00  0.00000000E+00  0.00000000E+00  0.00000000E+00  0.00000000E+00  0.00000000E+00  0.00000000E+00  0.00000000E+00
  80.000    21032001  NOT_ALIVE                    0  0.00000000E+00  0.00000000E+00  0.00000000E+00  0.00000000E+00  0.00000000E+00  0.00000000E+00  0.00000000E+00  0.00000000E+00  0.00000000E+00
  81.000    22032001  NOT_ALIVE                    0  0.00000000E+00  0.00000000E+00  0.00000000E+00  0.00000000E+00  0.00000000E+00  0.00000000E+00  0.00000000E+00  0.00000000E+00  0.00000000E+00
  82.000    23032001  NOT_ALIVE                    0  0.00000000E+00  0.00000000E+00  0.00000000E+00  0.00000000E+00  0.00000000E+00  0.00000000E+00  0.00000000E+00  0.00000000E+00  0.00000000E+00
  83.000    24032001  NOT_ALIVE                    0  0.00000000E+00  0.00000000E+00  0.00000000E+00  0.00000000E+00  0.00000000E+00  0.00000000E+00  0.00000000E+00  0.00000000E+00  0.00000000E+00
  84.000    25032001  NOT_ALIVE                    0  0.00000000E+00  0.00000000E+00  0.00000000E+00  0.00000000E+00  0.00000000E+00  0.00000000E+00  0.00000000E+00  0.00000000E+00  0.00000000E+00
  85.000    26032001  NOT_ALIVE                    0  0.00000000E+00  0.00000000E+00  0.00000000E+00  0.00000000E+00  0.00000000E+00  0.00000000E+00  0.00000000E+00  0.00000000E+00  0.00000000E+00
  86.000    27032001  NOT_ALIVE                    0  0.00000000E+00  0.00000000E+00  0.00000000E+00  0.00000000E+00  0.00000000E+00  0.00000000E+00  0.00000000E+00  0.00000000E+00  0.00000000E+00
  87.000    28032001  NOT_ALIVE                    0  0.00000000E+00  0.00000000E+00  0.00000000E+00  0.00000000E+00  0.00000000E+00  0.00000000E+00  0.00000000E+00  0.00000000E+00  0.00000000E+00
  88.000    29032001  NOT_ALIVE                    0  0.00000000E+00  0.00000000E+00  0.00000000E+00  0.00000000E+00  0.00000000E+00  0.00000000E+00  0.00000000E+00  0.00000000E+00  0.00000000E+00
  89.000    30032001  NOT_ALIVE                    0  0.00000000E+00  0.00000000E+00  0.00000000E+00  0.00000000E+00  0.00000000E+00  0.00000000E+00  0.00000000E+00  0.00000000E+00  0.00000000E+00
  90.000    31032001  NOT_ALIVE                    0  0.00000000E+00  0.00000000E+00  0.00000000E+00  0.00000000E+00  0.00000000E+00  0.00000000E+00  0.00000000E+00  0.00000000E+00  0.00000000E+00
  91.000    01042001  NOT_ALIVE                    0  0.00000000E+00  0.00000000E+00  0.00000000E+00  0.00000000E+00  0.00000000E+00  0.00000000E+00  0.00000000E+00  0.00000000E+00  0.00000000E+00
  92.000    02042001  NOT_ALIVE                    0  0.00000000E+00  0.00000000E+00  0.00000000E+00  0.00000000E+00  0.00000000E+00  0.00000000E+00  0.00000000E+00  0.00000000E+00  0.00000000E+00
  93.000    03042001  NOT_ALIVE                    0  0.00000000E+00  0.00000000E+00  0.00000000E+00  0.00000000E+00  0.00000000E+00  0.00000000E+00  0.00000000E+00  0.00000000E+00  0.00000000E+00
  94.000    04042001  NOT_ALIVE                    0  0.00000000E+00  0.00000000E+00  0.00000000E+00  0.00000000E+00  0.00000000E+00  0.00000000E+00  0.00000000E+00  0.00000000E+00  0.00000000E+00
  95.000    05042001  NOT_ALIVE                    0  0.00000000E+00  0.00000000E+00  0.00000000E+00  0.00000000E+00  0.00000000E+00  0.00000000E+00  0.00000000E+00  0.00000000E+00  0.00000000E+00
  96.000    06042001  NOT_ALIVE                    0  0.00000000E+00  0.00000000E+00  0.00000000E+00  0.00000000E+00  0.00000000E+00  0.00000000E+00  0.00000000E+00  0.00000000E+00  0.00000000E+00
  97.000    07042001  NOT_ALIVE                    0  0.00000000E+00  0.00000000E+00  0.00000000E+00  0.00000000E+00  0.00000000E+00  0.00000000E+00  0.00000000E+00  0.00000000E+00  0.00000000E+00
  98.000    08042001  NOT_ALIVE                    0  0.00000000E+00  0.00000000E+00  0.00000000E+00  0.00000000E+00  0.00000000E+00  0.00000000E+00  0.00000000E+00  0.00000000E+00  0.00000000E+00
  99.000    09042001  NOT_ALIVE                    0  0.00000000E+00  0.00000000E+00  0.00000000E+00  0.00000000E+00  0.00000000E+00  0.00000000E+00  0.00000000E+00  0.00000000E+00  0.00000000E+00
 100.000    10042001  NOT_ALIVE                    0  0.00000000E+00  0.00000000E+00  0.00000000E+00  0.00000000E+00  0.00000000E+00  0.00000000E+00  0.00000000E+00  0.00000000E+00  0.00000000E+00
 101.000    11042001  NOT_ALIVE                    0  0.00000000E+00  0.00000000E+00  0.00000000E+00  0.00000000E+00  0.00000000E+00  0.00000000E+00  0.00000000E+00  0.00000000E+00  0.00000000E+00
 102.000    12042001  NOT_ALIVE                    0  0.00000000E+00  0.00000000E+00  0.00000000E+00  0.00000000E+00  0.00000000E+00  0.00000000E+00  0.00000000E+00  0.00000000E+00  0.00000000E+00
 103.000    13042001  NOT_ALIVE                    0  0.00000000E+00  0.00000000E+00  0.00000000E+00  0.00000000E+00  0.00000000E+00  0.00000000E+00  0.00000000E+00  0.00000000E+00  0.00000000E+00
 104.000    14042001  NOT_ALIVE                    0  0.00000000E+00  0.00000000E+00  0.00000000E+00  0.00000000E+00  0.00000000E+00  0.00000000E+00  0.00000000E+00  0.00000000E+00  0.00000000E+00
 105.000    15042001  NOT_ALIVE                    0  0.00000000E+00  0.00000000E+00  0.00000000E+00  0.00000000E+00  0.00000000E+00  0.00000000E+00  0.00000000E+00  0.00000000E+00  0.00000000E+00
 106.000    16042001  NOT_ALIVE                    0  0.00000000E+00  0.00000000E+00  0.00000000E+00  0.00000000E+00  0.00000000E+00  0.00000000E+00  0.00000000E+00  0.00000000E+00  0.00000000E+00
 107.000    17042001  NOT_ALIVE                    0  0.00000000E+00  0.00000000E+00  0.00000000E+00  0.00000000E+00  0.00000000E+00  0.00000000E+00  0.00000000E+00  0.00000000E+00  0.00000000E+00
 108.000    18042001  NOT_ALIVE                    0  0.00000000E+00  0.00000000E+00  0.00000000E+00  0.00000000E+00  0.00000000E+00  0.00000000E+00  0.00000000E+00  0.00000000E+00  0.00000000E+00
 109.000    19042001  NOT_ALIVE                    0  0.00000000E+00  0.00000000E+00  0.00000000E+00  0.00000000E+00  0.00000000E+00  0.00000000E+00  0.00000000E+00  0.00000000E+00  0.00000000E+00
 110.000    20042001  NOT_ALIVE                    0  0.00000000E+00  0.00000000E+00  0.00000000E+00  0.00000000E+00  0.00000000E+00  0.00000000E+00  0.00000000E+00  0.00000000E+00  0.00000000E+00
 111.000    21042001  NOT_ALIVE                    0  0.00000000E+00  0.00000000E+00  0.00000000E+00  0.00000000E+00  0.00000000E+00  0.00000000E+00  0.00000000E+00  0.00000000E+00  0.00000000E+00
 112.000    22042001  NOT_ALIVE                    0  0.00000000E+00  0.00000000E+00  0.00000000E+00  0.00000000E+00  0.00000000E+00  0.00000000E+00  0.00000000E+00  0.00000000E+00  0.00000000E+00
 113.000    23042001  NOT_ALIVE                    0  0.00000000E+00  0.00000000E+00  0.00000000E+00  0.00000000E+00  0.00000000E+00  0.00000000E+00  0.00000000E+00  0.00000000E+00  0.00000000E+00
 114.000    24042001  NOT_ALIVE                    0  0.00000000E+00  0.00000000E+00  0.00000000E+00  0.00000000E+00  0.00000000E+00  0.00000000E+00  0.00000000E+00  0.00000000E+00  0.00000000E+00
 115.000    25042001  NOT_ALIVE                    0  0.00000000E+00  0.00000000E+00  0.00000000E+00  0.00000000E+00  0.00000000E+00  0.00000000E+00  0.00000000E+00  0.00000000E+00  0.00000000E+00
 116.000    26042001  NOT_ALIVE                    0  0.00000000E+00  0.00000000E+00  0.00000000E+00  0.00000000E+00  0.00000000E+00  0.00000000E+00  0.00000000E+00  0.00000000E+00  0.00000000E+00
 117.000    27042001  NOT_ALIVE                    0  0.00000000E+00  0.00000000E+00  0.00000000E+00  0.00000000E+00  0.00000000E+00  0.00000000E+00  0.00000000E+00  0.00000000E+00  0.00000000E+00
 118.000    28042001  NOT_ALIVE                    0  0.00000000E+00  0.00000000E+00  0.00000000E+00  0.00000000E+00  0.00000000E+00  0.00000000E+00  0.00000000E+00  0.00000000E+00  0.00000000E+00
 119.000    29042001  NOT_ALIVE                    0  0.00000000E+00  0.00000000E+00  0.00000000E+00  0.00000000E+00  0.00000000E+00  0.00000000E+00  0.00000000E+00  0.00000000E+00  0.00000000E+00
 120.000    30042001  NOT_ALIVE                    0  0.00000000E+00  0.00000000E+00  0.00000000E+00  0.00000000E+00  0.00000000E+00  0.00000000E+00  0.00000000E+00  0.00000000E+00  0.00000000E+00
 121.000    01052001  NOT_ALIVE                    0  0.00000000E+00  0.00000000E+00  0.00000000E+00  0.00000000E+00  0.00000000E+00  0.00000000E+00  0.00000000E+00  0.00000000E+00  0.00000000E+00
 122.000    02052001  NOT_ALIVE                    0  0.00000000E+00  0.00000000E+00  0.00000000E+00  0.00000000E+00  0.00000000E+00  0.00000000E+00  0.00000000E+00  0.00000000E+00  0.00000000E+00
 123.000    03052001  NOT_ALIVE                    0  0.00000000E+00  0.00000000E+00  0.00000000E+00  0.00000000E+00  0.00000000E+00  0.00000000E+00  0.00000000E+00  0.00000000E+00  0.00000000E+00
 124.000    04052001  NOT_ALIVE                    0  0.00000000E+00  0.00000000E+00  0.00000000E+00  0.00000000E+00  0.00000000E+00  0.00000000E+00  0.00000000E+00  0.00000000E+00  0.00000000E+00
 125.000    05052001  NOT_ALIVE                    0  0.00000000E+00  0.00000000E+00  0.00000000E+00  0.00000000E+00  0.00000000E+00  0.00000000E+00  0.00000000E+00  0.00000000E+00  0.00000000E+00
 126.000    06052001  NOT_ALIVE                    0  0.00000000E+00  0.00000000E+00  0.00000000E+00  0.00000000E+00  0.00000000E+00  0.00000000E+00  0.00000000E+00  0.00000000E+00  0.00000000E+00
 127.000    07052001  NOT_ALIVE                    0  0.00000000E+00  0.00000000E+00  0.00000000E+00  0.00000000E+00  0.00000000E+00  0.00000000E+00  0.00000000E+00  0.00000000E+00  0.00000000E+00
 128.000    08052001  NOT_ALIVE                    0  0.00000000E+00  0.00000000E+00  0.00000000E+00  0.00000000E+00  0.00000000E+00  0.00000000E+00  0.00000000E+00  0.00000000E+00  0.00000000E+00
 129.000    09052001  NOT_ALIVE                    0  0.00000000E+00  0.00000000E+00  0.00000000E+00  0.00000000E+00  0.00000000E+00  0.00000000E+00  0.00000000E+00  0.00000000E+00  0.00000000E+00
 130.000    10052001  NOT_ALIVE                    0  0.00000000E+00  0.00000000E+00  0.00000000E+00  0.00000000E+00  0.00000000E+00  0.00000000E+00  0.00000000E+00  0.00000000E+00  0.00000000E+00
 131.000    11052001  NOT_ALIVE                    0  0.00000000E+00  0.00000000E+00  0.00000000E+00  0.00000000E+00  0.00000000E+00  0.00000000E+00  0.00000000E+00  0.00000000E+00  0.00000000E+00
 132.000    12052001  NOT_ALIVE                    0  0.00000000E+00  0.00000000E+00  0.00000000E+00  0.00000000E+00  0.00000000E+00  0.00000000E+00  0.00000000E+00  0.00000000E+00  0.00000000E+00
 133.000    13052001  NOT_ALIVE                    0  0.00000000E+00  0.00000000E+00  0.00000000E+00  0.00000000E+00  0.00000000E+00  0.00000000E+00  0.00000000E+00  0.00000000E+00  0.00000000E+00
 134.000    14052001  EMERGENCE                    1  0.12471660E+00  0.89438492E+00  0.30601369E-01  0.29056740E-02 -0.29052980E-01  0.19191161E-01  0.83842659E+00  0.00000000E+00  0.00000000E+00
 135.000    15052001  EMERGENCE                    1  0.26989380E+00  0.81302792E+00  0.27215960E-01  0.25609969E-02 -0.28313519E-01  0.24066869E-01  0.80540079E+00  0.00000000E+00  0.00000000E+00
 136.000    16052001  EMERGENCE                    1  0.41809520E+00  0.78894043E+00  0.27599890E-01  0.26037940E-02 -0.27882840E-01  0.36090851E-01  0.72426748E+00  0.00000000E+00  0.00000000E+00
 137.000    17052001  EMERGENCE                    1  0.56410623E+00  0.79344749E+00  0.29268280E-01  0.28038209E-02 -0.27647020E-01  0.55958651E-01  0.60022157E+00  0.00000000E+00  0.00000000E+00
 138.000    18052001  EMERGENCE                    1  0.71090412E+00  0.80508941E+00  0.31029170E-01  0.30725531E-02 -0.27506281E-01  0.10042990E+00  0.46389690E+00  0.00000000E+00  0.00000000E+00
 139.000    19052001  EMERGENCE                    1  0.87270421E+00  0.79184830E+00  0.31839129E-01  0.32958139E-02 -0.28748039E-01  0.11513470E+00  0.39469129E+00  0.00000000E+00  0.00000000E+00
 140.000    20052001  EMERGENCE                    1  0.97547650E+00  0.80418658E+00  0.33132888E-01  0.36371539E-02 -0.50962302E-02  0.16780379E+00  0.32458499E+00  0.00000000E+00  0.00000000E+00
 141.000    21052001  EMERGENCE                    1  0.10697670E+01  0.81088299E+00  0.34136020E-01  0.40678401E-02 -0.82883555E-02  0.29971331E+00  0.25255269E+00  0.00000000E+00  0.00000000E+00
 142.000    22052001  EMERGENCE                    1  0.11820470E+01  0.80528712E+00  0.34130190E-01  0.44411500E-02 -0.13324010E-01  0.33649179E+00  0.22957720E+00  0.00000000E+00  0.00000000E+00
 143.000    23052001  EMERGENCE                    1  0.12689340E+01  0.80923897E+00  0.34766879E-01  0.49119000E-02 -0.30875539E-01  0.46166989E+00  0.20863169E+00  0.00000000E+00  0.00000000E+00
 144.000    24052001  EMERGENCE                    1  0.13695960E+01  0.80788088E+00  0.34961492E-01  0.52542449E-02 -0.15505970E-01  0.43708730E+00  0.30827081E+00  0.00000000E+00  0.00000000E+00
 145.000    25052001  EMERGENCE                    1  0.15105070E+01  0.79024649E+00  0.33749908E-01  0.53054001E-02 -0.26282769E+00  0.33539009E+00  0.37293580E+00  0.00000000E+00  0.00000000E+00
 146.000    26052001  EMERGENCE                    1  0.16629680E+01  0.76855558E+00  0.32127529E-01  0.52647791E-02 -0.11877820E-01  0.28439540E+00  0.37697971E+00  0.00000000E+00  0.00000000E+00
 147.000    27052001  EMERGENCE                    1  0.18459990E+01  0.73499662E+00  0.30037820E-01  0.51700310E-02 -0.12056450E-01  0.24690241E+00  0.45541930E+00  0.00000000E+00  0.00000000E+00
 148.000    28052001  EMERGENCE                    1  0.20257671E+01  0.71813643E+00  0.28697601E-01  0.52379570E-02 -0.12254390E-01  0.23421390E+00  0.49313459E+00  0.00000000E+00  0.00000000E+00
 149.000    29052001  EMERGENCE                    1  0.21766250E+01  0.72262770E+00  0.28462401E-01  0.55120932E-02 -0.51350851E-01  0.26692769E+00  0.52661443E+00  0.00000000E+00  0.00000000E+00
 150.000    30052001  EMERGENCE                    1  0.22949171E+01  0.74239141E+00  0.29084999E-01  0.59411139E-02 -0.33968270E-01  0.41434410E+00  0.29293770E+00  0.00000000E+00  0.00000000E+00
 151.000    31052001  EMERGENCE                    1  0.24185021E+01  0.75177509E+00  0.29284419E-01  0.62374691E-02 -0.26673469E+00  0.52293551E+00  0.23421369E+00  0.00000000E+00  0.00000000E+00
 152.000    01062001  EMERGENCE                    1  0.26031950E+01  0.73490173E+00  0.27905760E-01  0.61675841E-02 -0.10217980E+01  0.41710281E+00  0.29496080E+00  0.00000000E+00  0.00000000E+00
 153.000    02062001  EMERGENCE                    1  0.27676070E+01  0.72932738E+00  0.27302129E-01  0.62496881E-02 -0.89940149E+00  0.31020951E+00  0.41517219E+00  0.00000000E+00  0.00000000E+00
 154.000    03062001  EMERGENCE                    1  0.29287190E+01  0.73883587E+00  0.27633609E-01  0.65608239E-02 -0.48492059E+00  0.41465390E+00  0.38479400E+00  0.00000000E+00  0.00000000E+00
 155.000    04062001  EMERGENCE                    2  0.30617211E+01  0.75235772E+00  0.29014060E-01  0.71351849E-02 -0.15440740E+00  0.45394501E+00  0.36669579E+00  0.00000000E+00  0.00000000E+00
 156.000    05062001  EMERGENCE                    2  0.32204630E+01  0.74377328E+00  0.29971279E-01  0.76267258E-02 -0.20830460E+00  0.49404550E+00  0.36164099E+00  0.00000000E+00  0.00000000E+00
 157.000    06062001  EMERGENCE                    2  0.34141929E+01  0.74257863E+00  0.30298211E-01  0.79980204E-02 -0.48185581E+00  0.45081270E+00  0.52718079E+00  0.00000000E+00  0.00000000E+00
 158.000    07062001  EMERGENCE                    3  0.36357601E+01  0.74314958E+00  0.30361621E-01  0.83715552E-02 -0.12178330E+01  0.36260229E+00  0.54826689E+00  0.00000000E+00  0.00000000E+00
 159.000    08062001  EMERGENCE                    3  0.38515611E+01  0.73922533E+00  0.31035149E-01  0.89760888E-02 -0.13609620E+01  0.33374840E+00  0.61932290E+00  0.00000000E+00  0.00000000E+00
 160.000    09062001  EMERGENCE                    3  0.40827880E+01  0.75608110E+00  0.31974021E-01  0.96647022E-02 -0.15831770E+01  0.32110560E+00  0.77460128E+00  0.00000000E+00  0.00000000E+00
 161.000    10062001  EMERGENCE                    4  0.43424721E+01  0.77298129E+00  0.34502640E-01  0.10843980E-01 -0.17936310E+01  0.35014901E+00  0.10313160E+01  0.00000000E+00  0.00000000E+00
 162.000    11062001  EMERGENCE                    4  0.45954261E+01  0.80639678E+00  0.37916470E-01  0.12087790E-01 -0.20046329E+01  0.32986560E+00  0.11386909E+01  0.00000000E+00  0.00000000E+00
 163.000    12062001  EMERGENCE                    5  0.48747411E+01  0.83726257E+00  0.41873060E-01  0.13458920E-01 -0.19018281E+01  0.40004501E+00  0.12244780E+01  0.00000000E+00  0.00000000E+00
 164.000    13062001  EMERGENCE                    5  0.51768532E+01  0.86378789E+00  0.47122698E-01  0.14956050E-01 -0.18199900E+01  0.48607001E+00  0.67367327E+00  0.00000000E+00  0.00000000E+00
 165.000    14062001  EMERGENCE                    5  0.54011989E+01  0.88818872E+00  0.51917911E-01  0.15986670E-01 -0.99761629E+00  0.65191638E+00  0.45679471E+00  0.00000000E+00  0.00000000E+00
 166.000    15062001  EMERGENCE                    5  0.56481500E+01  0.89594817E+00  0.54731239E-01  0.16275490E-01 -0.18091900E+01  0.58954298E+00  0.60366720E+00  0.00000000E+00  0.00000000E+00
 167.000    16062001  EMERGENCE                    5  0.59047451E+01  0.90236038E+00  0.57906002E-01  0.16336249E-01 -0.19669490E+01  0.56956530E+00  0.79526353E+00  0.00000000E+00  0.00000000E+00
 168.000    17062001  EMERGENCE                    5  0.62029529E+01  0.91276652E+00  0.62802799E-01  0.16562600E-01 -0.19110610E+01  0.50457042E+00  0.13025020E+01  0.00000000E+00  0.00000000E+00
 169.000    18062001  EMERGENCE                    5  0.64863882E+01  0.92317402E+00  0.67807958E-01  0.16590470E-01 -0.21760340E+01  0.66183519E+00  0.59921771E+00  0.00000000E+00  0.00000000E+00
 170.000    19062001  EMERGENCE                    5  0.66748738E+01  0.93504977E+00  0.74594557E-01  0.17036829E-01 -0.69263911E+00  0.84787989E+00  0.47505990E+00  0.00000000E+00  0.00000000E+00
 171.000    20062001  EMERGENCE                    5  0.69048691E+01  0.93865663E+00  0.78144640E-01  0.16886881E-01 -0.11758810E+01  0.86986691E+00  0.39282790E+00  0.00000000E+00  0.00000000E+00
 172.000    21062001  EMERGENCE                    5  0.71430221E+01  0.93538332E+00  0.77421181E-01  0.15828580E-01 -0.18225440E+01  0.83385909E+00  0.38886470E+00  0.00000000E+00  0.00000000E+00
 173.000    22062001  EMERGENCE                    5  0.73656840E+01  0.93557101E+00  0.78521676E-01  0.15110340E-01 -0.18229890E+01  0.85341960E+00  0.40816069E+00  0.00000000E+00  0.00000000E+00
 174.000    23062001  EMERGENCE                    5  0.76426940E+01  0.93818301E+00  0.80999076E-01  0.14619470E-01 -0.19784350E+01  0.84902471E+00  0.82101637E+00  0.00000000E+00  0.00000000E+00
 175.000    24062001  FLORAL_INIT.                 5  0.79980950E+01  0.94554842E+00  0.85911669E-01  0.14480910E-01 -0.21988549E+01  0.88574249E+00  0.96824843E+00  0.00000000E+00  0.00000000E+00
 176.000    25062001  FLORAL_INIT.                 5  0.83790894E+01  0.95193177E+00  0.90683900E-01  0.14337590E-01 -0.21610460E+01  0.82006228E+00  0.93390429E+00  0.00000000E+00  0.00000000E+00
 177.000    26062001  FLORAL_INIT.                 5  0.87516537E+01  0.95345658E+00  0.93132153E-01  0.13953760E-01 -0.19125680E+01  0.96309751E+00  0.80944222E+00  0.00000000E+00  0.00000000E+00
 178.000    27062001  FLORAL_INIT.                 5  0.91223974E+01  0.95344979E+00  0.93710303E-01  0.13407390E-01 -0.20547190E+01  0.96562529E+00  0.82079458E+00  0.00000000E+00  0.00000000E+00
 179.000    28062001  FLORAL_INIT.                 5  0.94911556E+01  0.95246923E+00  0.93590677E-01  0.12814070E-01 -0.20652399E+01  0.96493542E+00  0.81765962E+00  0.00000000E+00  0.00000000E+00
 180.000    29062001  FLORAL_INIT.                 5  0.98432884E+01  0.95490390E+00  0.95339432E-01  0.12506600E-01 -0.21789761E+01  0.96971011E+00  0.83003449E+00  0.00000000E+00  0.00000000E+00
 181.000    30062001  FLORAL_INIT.                 5  0.10199700E+02  0.95830399E+00  0.97853757E-01  0.12313610E-01 -0.22226090E+01  0.96567732E+00  0.94461071E+00  0.00000000E+00  0.00000000E+00
 182.000    01072001  FLORAL_INIT.                 5  0.10488680E+02  0.95972311E+00  0.10063460E+00  0.12180470E-01 -0.17852260E+01  0.96544492E+00  0.44063169E+00  0.00000000E+00  0.00000000E+00
 183.000    02072001  FLORAL_INIT.                 5  0.10799810E+02  0.95951807E+00  0.10042810E+00  0.11770420E-01 -0.21899559E+01  0.85535812E+00  0.11340370E+01  0.00000000E+00  0.00000000E+00
 184.000    03072001  FLORAL_INIT.                 5  0.11165180E+02  0.95524871E+00  0.97278543E-01  0.11062840E-01 -0.18000150E+01  0.96664870E+00  0.75428450E+00  0.00000000E+00  0.00000000E+00
 185.000    04072001  FLORAL_INIT.                 5  0.11519860E+02  0.95419872E+00  0.96328273E-01  0.10658850E-01 -0.20731609E+01  0.97784358E+00  0.81643403E+00  0.00000000E+00  0.00000000E+00
 186.000    05072001  JOINTING                     5  0.11883890E+02  0.95408273E+00  0.96246511E-01  0.10338510E-01 -0.20156009E+01  0.98219651E+00  0.77708972E+00  0.00000000E+00  0.00000000E+00
 187.000    06072001  JOINTING                     5  0.12226640E+02  0.95712918E+00  0.98086737E-01  0.10206830E-01 -0.22435119E+01  0.92499763E+00  0.10684190E+01  0.00000000E+00  0.00000000E+00
 188.000    07072001  JOINTING                     5  0.12596280E+02  0.96113908E+00  0.10077880E+00  0.10134670E-01 -0.22698350E+01  0.87127471E+00  0.11652410E+01  0.00000000E+00  0.00000000E+00
 189.000    08072001  JOINTING                     5  0.13000840E+02  0.96365350E+00  0.10388470E+00  0.10097330E-01 -0.21262269E+01  0.98380709E+00  0.88756591E+00  0.00000000E+00  0.00000000E+00
 190.000    09072001  JOINTING                     5  0.13368710E+02  0.96255797E+00  0.10608500E+00  0.99864341E-02 -0.22625351E+01  0.93101472E+00  0.82913947E+00  0.00000000E+00  0.00000000E+00
 191.000    10072001  JOINTING                     5  0.13734190E+02  0.96198362E+00  0.10858230E+00  0.99189337E-02 -0.22288201E+01  0.98981708E+00  0.74039167E+00  0.00000000E+00  0.00000000E+00
 192.000    11072001  JOINTING                     5  0.14078250E+02  0.95844281E+00  0.10921600E+00  0.97113894E-02 -0.21132309E+01  0.98803788E+00  0.85300863E+00  0.00000000E+00  0.00000000E+00
 193.000    12072001  JOINTING                     5  0.14427980E+02  0.95467192E+00  0.10923870E+00  0.94817644E-02 -0.23164730E+01  0.95643258E+00  0.57908899E+00  0.00000000E+00  0.00000000E+00
 194.000    13072001  JOINTING                     5  0.14762640E+02  0.95579553E+00  0.11180480E+00  0.94931666E-02 -0.24090660E+01  0.94463837E+00  0.61256152E+00  0.00000000E+00  0.00000000E+00
 195.000    14072001  JOINTING                     5  0.15088020E+02  0.95808148E+00  0.11506300E+00  0.95763104E-02 -0.24907999E+01  0.93509799E+00  0.62357742E+00  0.00000000E+00  0.00000000E+00
 196.000    15072001  JOINTING                     5  0.15438490E+02  0.95944041E+00  0.11791890E+00  0.96319532E-02 -0.23681209E+01  0.99122268E+00  0.83056748E+00  0.00000000E+00  0.00000000E+00
 197.000    16072001  ELONGATION                   5  0.15782350E+02  0.96229982E+00  0.12180370E+00  0.97761899E-02 -0.25971141E+01  0.89067662E+00  0.99654722E+00  0.00000000E+00  0.00000000E+00
 198.000    17072001  ELONGATION                   5  0.16107149E+02  0.96739089E+00  0.12849240E+00  0.10126960E-01 -0.26657419E+01  0.99066973E+00  0.78992867E+00  0.00000000E+00  0.00000000E+00
 199.000    18072001  ELONGATION                   5  0.16484510E+02  0.97033751E+00  0.13342430E+00  0.10331350E-01 -0.25568500E+01  0.99075830E+00  0.87305909E+00  0.00000000E+00  0.00000000E+00
 200.000    19072001  ELONGATION                   5  0.16856859E+02  0.97036862E+00  0.13667560E+00  0.10400220E-01 -0.24936020E+01  0.94158089E+00  0.99821782E+00  0.00000000E+00  0.00000000E+00
 201.000    20072001  ELONGATION                   5  0.17242020E+02  0.97150773E+00  0.14040600E+00  0.10509430E-01 -0.25596859E+01  0.99084842E+00  0.10575340E+01  0.00000000E+00  0.00000000E+00
 202.000    21072001  ELONGATION                   5  0.17560801E+02  0.97341818E+00  0.14605869E+00  0.10785470E-01 -0.26609919E+01  0.90663087E+00  0.12441530E+01  0.00000000E+00  0.00000000E+00
 203.000    22072001  ELONGATION                   5  0.17889971E+02  0.97622693E+00  0.15224150E+00  0.11123670E-01 -0.26743391E+01  0.88264090E+00  0.10899971E+01  0.00000000E+00  0.00000000E+00
 204.000    23072001  ELONGATION                   5  0.18242830E+02  0.97680819E+00  0.15528710E+00  0.11262440E-01 -0.26184950E+01  0.99086320E+00  0.99312657E+00  0.00000000E+00  0.00000000E+00
 205.000    24072001  ELONGATION                   5  0.18623091E+02  0.97674233E+00  0.15701281E+00  0.11323900E-01 -0.25219390E+01  0.99072868E+00  0.72031897E+00  0.00000000E+00  0.00000000E+00
 206.000    25072001  ELONGATION                   5  0.18965349E+02  0.97539037E+00  0.15718220E+00  0.11290350E-01 -0.23460469E+01  0.97547722E+00  0.71954799E+00  0.00000000E+00  0.00000000E+00
 207.000    26072001  ELONGATION                   5  0.19308451E+02  0.97482991E+00  0.15729100E+00  0.11281330E-01 -0.23044021E+01  0.97748160E+00  0.71919972E+00  0.00000000E+00  0.00000000E+00
 208.000    27072001  ELONGATION                   5  0.19660931E+02  0.97410363E+00  0.15675309E+00  0.11238440E-01 -0.22832060E+01  0.99092281E+00  0.93064642E+00  0.00000000E+00  0.00000000E+00
 209.000    28072001  ELONGATION                   5  0.20025400E+02  0.97407568E+00  0.15681070E+00  0.11239130E-01 -0.25024819E+01  0.98408282E+00  0.82120383E+00  0.00000000E+00  0.00000000E+00
 210.000    29072001  ELONGATION                   5  0.20353519E+02  0.97580469E+00  0.15929461E+00  0.11423840E-01 -0.25853100E+01  0.89138770E+00  0.10817350E+01  0.00000000E+00  0.00000000E+00
 211.000    30072001  ELONGATION                   5  0.20684860E+02  0.97823203E+00  0.16393261E+00  0.11763840E-01 -0.26562591E+01  0.98461848E+00  0.12797710E+01  0.00000000E+00  0.00000000E+00
 212.000    31072001  ELONGATION                   5  0.21020901E+02  0.98064148E+00  0.16912380E+00  0.12147490E-01 -0.26740410E+01  0.98385751E+00  0.13219560E+01  0.00000000E+00  0.00000000E+00
 213.000    01082001  ELONGATION                   5  0.21353790E+02  0.98184818E+00  0.17349090E+00  0.12474730E-01 -0.26845660E+01  0.88802522E+00  0.11802840E+01  0.00000000E+00  0.00000000E+00
 214.000    02082001  ELONGATION                   5  0.21701880E+02  0.98280019E+00  0.17697050E+00  0.12743590E-01 -0.26334300E+01  0.90268081E+00  0.11896451E+01  0.00000000E+00  0.00000000E+00
 215.000    03082001  ELONGATION                   5  0.22050430E+02  0.98332119E+00  0.18000290E+00  0.12980310E-01 -0.26273839E+01  0.97524577E+00  0.96650189E+00  0.00000000E+00  0.00000000E+00
 216.000    04082001  ELONGATION                   5  0.22371571E+02  0.98376840E+00  0.18385400E+00  0.13273340E-01 -0.27014680E+01  0.89056122E+00  0.11093520E+01  0.00000000E+00  0.00000000E+00
 217.000    05082001  ELONGATION                   5  0.22695829E+02  0.98503208E+00  0.18935940E+00  0.13691460E-01 -0.27220581E+01  0.98949051E+00  0.11986110E+01  0.00000000E+00  0.00000000E+00
 218.000    06082001  ELONGATION                   5  0.23023451E+02  0.98580247E+00  0.19407180E+00  0.14059500E-01 -0.27021980E+01  0.99022132E+00  0.10484550E+01  0.00000000E+00  0.00000000E+00
 219.000    07082001  ANTHESIS                     5  0.23340031E+02  0.98545247E+00  0.19572470E+00  0.14198510E-01 -0.26835940E+01  0.93075001E+00  0.77103621E+00  0.00000000E+00  0.00000000E+00
 220.000    08082001  ANTHESIS                     5  0.23651871E+02  0.98461902E+00  0.19471550E+00  0.14100160E-01 -0.26840370E+01  0.99098778E+00  0.99997538E+00  0.00000000E+00  0.00000000E+00
 221.000    09082001  ANTHESIS                     5  0.24004490E+02  0.98375458E+00  0.19257690E+00  0.13919500E-01 -0.25150120E+01  0.99154389E+00  0.50959581E+00  0.00000000E+00  0.00000000E+00
 222.000    10082001  ANTHESIS                     5  0.24314030E+02  0.98167127E+00  0.18847010E+00  0.13593220E-01 -0.25000360E+01  0.98979962E+00  0.45124090E+00  0.00000000E+00  0.00000000E+00
 223.000    11082001  ANTHESIS                     5  0.24621559E+02  0.98115820E+00  0.18697681E+00  0.13451290E-01 -0.25596819E+01  0.99183261E+00  0.55559409E+00  0.00000000E+00  0.00000000E+00
 224.000    12082001  ANTHESIS                     5  0.24950121E+02  0.98113918E+00  0.18628910E+00  0.13368690E-01 -0.25288141E+01  0.99249512E+00  0.52124763E+00  0.00000000E+00  0.00000000E+00
 225.000    13082001  ANTHESIS                     5  0.25265430E+02  0.98046702E+00  0.18462670E+00  0.13217410E-01 -0.25880229E+01  0.99248612E+00  0.52135098E+00  0.00000000E+00  0.00000000E+00
 226.000    14082001  ANTHESIS                     5  0.25568960E+02  0.97963607E+00  0.18279350E+00  0.13054090E-01 -0.24230869E+01  0.99266291E+00  0.59142709E+00  0.00000000E+00  0.00000000E+00
 227.000    15082001  ANTHESIS                     5  0.25819420E+02  0.97525632E+00  0.17575510E+00  0.12518010E-01 -0.79578942E+00  0.99123019E+00  0.40528151E+00  0.00000000E+00  0.00000000E+00
 228.000    16082001  SEED_FILL                    5  0.26108940E+02  0.97158653E+00  0.16892640E+00  0.11891020E-01 -0.15351779E+01  0.99267977E+00  0.36367419E+00  0.00000000E+00  0.00000000E+00
 229.000    17082001  SEED_FILL                    5  0.26417431E+02  0.97051728E+00  0.16579179E+00  0.11497660E-01 -0.16154000E+01  0.98880303E+00  0.70034218E+00  0.00000000E+00  0.00000000E+00
 230.000    18082001  SEED_FILL                    5  0.26720659E+02  0.96386868E+00  0.15736160E+00  0.10774940E-01 -0.17389270E+01  0.99020362E+00  0.39914680E+00  0.00000000E+00  0.00000000E+00
 231.000    19082001  SEED_FILL                    5  0.27017210E+02  0.95853722E+00  0.15169810E+00  0.10236800E-01 -0.18076251E+01  0.99227852E+00  0.53958672E+00  0.00000000E+00  0.00000000E+00
 232.000    20082001  SEED_FILL                    5  0.27349979E+02  0.95370913E+00  0.14754111E+00  0.98050106E-02 -0.18804730E+01  0.98936349E+00  0.76572621E+00  0.00000000E+00  0.00000000E+00
 233.000    21082001  SEED_FILL                    5  0.27691891E+02  0.94913107E+00  0.14440461E+00  0.94834967E-02 -0.22763629E+01  0.99189079E+00  0.11413070E+01  0.00000000E+00  0.00000000E+00
 234.000    22082001  SEED_FILL                    5  0.28055321E+02  0.94603980E+00  0.14257210E+00  0.92846900E-02 -0.23531010E+01  0.99052751E+00  0.86782950E+00  0.00000000E+00  0.00000000E+00
 235.000    23082001  SEED_FILL                    5  0.28410250E+02  0.93879622E+00  0.13856751E+00  0.89574233E-02 -0.23825650E+01  0.98954922E+00  0.76486480E+00  0.00000000E+00  0.00000000E+00
 236.000    24082001  SEED_NO._SET                 5  0.28727020E+02  0.91546601E+00  0.11389440E+00  0.81497952E-02 -0.10643229E+01  0.93703377E+00  0.68859959E+00  0.00000000E+00  0.00000000E+00
 237.000    25082001  SEED_NO._SET                 5  0.29051390E+02  0.90604007E+00  0.10497610E+00  0.78080650E-02 -0.14767940E+01  0.99184811E+00  0.53552222E+00  0.00000000E+00  0.00000000E+00
 238.000    26082001  SEED_NO._SET                 5  0.29368990E+02  0.90127730E+00  0.10295790E+00  0.75804940E-02 -0.18604450E+01  0.99192822E+00  0.56580698E+00  0.00000000E+00  0.00000000E+00
 239.000    27082001  SEED_NO._SET                 5  0.29687170E+02  0.89689791E+00  0.10288020E+00  0.73887170E-02 -0.20189860E+01  0.99274522E+00  0.49579579E+00  0.00000000E+00  0.00000000E+00
 240.000    28082001  SEED_NO._SET                 5  0.30018990E+02  0.89389282E+00  0.10465700E+00  0.72619691E-02 -0.21684091E+01  0.99216068E+00  0.77813739E+00  0.00000000E+00  0.00000000E+00
 241.000    29082001  SEED_NO._SET                 5  0.30351330E+02  0.89336210E+00  0.10746220E+00  0.71762758E-02 -0.24101140E+01  0.99197692E+00  0.87643272E+00  0.00000000E+00  0.00000000E+00
 242.000    30082001  SEED_NO._SET                 5  0.30665180E+02  0.88247240E+00  0.10623000E+00  0.68433061E-02 -0.20010099E+01  0.99254233E+00  0.42126730E+00  0.00000000E+00  0.00000000E+00
 243.000    31082001  SEED_NO._SET                 5  0.30963070E+02  0.87491667E+00  0.10542240E+00  0.65608239E-02 -0.23153591E+01  0.99274999E+00  0.45876059E+00  0.00000000E+00  0.00000000E+00
 244.000    01092001  SEED_MASS_SET                5  0.31269079E+02  0.87261522E+00  0.10696650E+00  0.64138272E-02 -0.24383790E+01  0.99229789E+00  0.59322989E+00  0.00000000E+00  0.00000000E+00
 245.000    02092001  SEED_MASS_SET                5  0.31580851E+02  0.87761158E+00  0.10902000E+00  0.64133662E-02 -0.26267049E+01  0.99123639E+00  0.69045740E+00  0.00000000E+00  0.00000000E+00
 246.000    03092001  SEED_MASS_SET                5  0.31898251E+02  0.88520777E+00  0.11140120E+00  0.65018609E-02 -0.27170279E+01  0.98895800E+00  0.66529351E+00  0.00000000E+00  0.00000000E+00
 247.000    04092001  SEED_MASS_SET                5  0.32207489E+02  0.89207149E+00  0.11395800E+00  0.66184010E-02 -0.27337899E+01  0.98914921E+00  0.65287250E+00  0.00000000E+00  0.00000000E+00
 248.000    05092001  SEED_MASS_SET                5  0.32553959E+02  0.89475143E+00  0.11549660E+00  0.66779251E-02 -0.26522541E+01  0.98703390E+00  0.88980353E+00  0.00000000E+00  0.00000000E+00
 249.000    06092001  SEED_MASS_SET                5  0.32921921E+02  0.89218903E+00  0.11475080E+00  0.66066948E-02 -0.25743020E+01  0.99182290E+00  0.91167682E+00  0.00000000E+00  0.00000000E+00
 250.000    07092001  SEED_MASS_SET                5  0.33193420E+02  0.88711351E+00  0.11318830E+00  0.64812079E-02 -0.13740250E+01  0.97339749E+00  0.48370460E+00  0.00000000E+00  0.00000000E+00
 251.000    08092001  SEED_MASS_SET                5  0.33414459E+02  0.86980301E+00  0.10479080E+00  0.60282238E-02 -0.11715230E+01  0.98438549E+00  0.35927281E+00  0.00000000E+00  0.00000000E+00
 252.000    09092001  SEED_MASS_SET                5  0.33635109E+02  0.85352331E+00  0.96083581E-01  0.55582072E-02 -0.14166030E+01  0.99221730E+00  0.24859650E+00  0.00000000E+00  0.00000000E+00
 253.000    10092001  SEED_MASS_SET                5  0.33885700E+02  0.84360099E+00  0.90084031E-01  0.52242642E-02 -0.16390930E+01  0.99281383E+00  0.41658431E+00  0.00000000E+00  0.00000000E+00
 254.000    11092001  SEED_MASS_SET                5  0.34158138E+02  0.83692288E+00  0.84852003E-01  0.49534938E-02 -0.17564020E+01  0.99224192E+00  0.38496551E+00  0.00000000E+00  0.00000000E+00
 255.000    12092001  SEED_MASS_SET                5  0.34459621E+02  0.83348989E+00  0.79807557E-01  0.47409711E-02 -0.18633389E+01  0.99244738E+00  0.58747250E+00  0.00000000E+00  0.00000000E+00
 256.000    13092001  SEED_MASS_SET                5  0.34725540E+02  0.83147001E+00  0.75234912E-01  0.45517292E-02 -0.13041270E+01  0.99135017E+00  0.48632449E+00  0.00000000E+00  0.00000000E+00
 257.000    14092001  END_SEED_FILL                5  0.34913750E+02  0.83468151E+00  0.72812587E-01  0.44685872E-02 -0.62707943E+00  0.99691057E+00  0.31846061E+00  0.00000000E+00  0.00000000E+00
 258.000    15092001  END_SEED_FILL                5  0.35074169E+02  0.83644181E+00  0.70570022E-01  0.43709991E-02 -0.34164140E+00  0.98579192E+00  0.31732070E+00  0.00000000E+00  0.00000000E+00
 259.000    16092001  END_SEED_FILL                5  0.35249920E+02  0.83876032E+00  0.69038413E-01  0.43030302E-02 -0.88595420E-01  0.10032880E+01  0.40972191E+00  0.00000000E+00  0.00000000E+00
 260.000    17092001  END_SEED_FILL                5  0.35484261E+02  0.83844429E+00  0.66713542E-01  0.41715321E-02 -0.94610327E+00  0.99411660E+00  0.35336420E+00  0.00000000E+00  0.00000000E+00
 261.000    18092001  END_SEED_FILL                5  0.35670609E+02  0.84044743E+00  0.65424412E-01  0.40947902E-02 -0.18113850E+00  0.99095279E+00  0.34092751E+00  0.00000000E+00  0.00000000E+00
 262.000    19092001  END_SEED_FILL                5  0.35911388E+02  0.84102261E+00  0.63854247E-01  0.39923028E-02 -0.79374188E+00  0.98856533E+00  0.37983570E+00  0.00000000E+00  0.00000000E+00
 263.000    20092001  END_SEED_FILL                5  0.36178761E+02  0.84238249E+00  0.62773228E-01  0.39181379E-02 -0.84336197E+00  0.99331272E+00  0.36466271E+00  0.00000000E+00  0.00000000E+00
 264.000    21092001  END_SEED_FILL                5  0.36444160E+02  0.84425199E+00  0.62119059E-01  0.38733559E-02 -0.68637681E+00  0.99234712E+00  0.36857530E+00  0.00000000E+00  0.00000000E+00
 265.000    22092001  END_SEED_FILL                5  0.36720409E+02  0.84598190E+00  0.61638519E-01  0.38428351E-02 -0.37331799E+00  0.98840868E+00  0.53698802E+00  0.00000000E+00  0.00000000E+00
 266.000    23092001  END_SEED_FILL                5  0.36884850E+02  0.84750879E+00  0.61274730E-01  0.38223821E-02 -0.14530709E+00  0.99581492E+00  0.95911488E-01  0.00000000E+00  0.00000000E+00
 267.000    24092001  END_SEED_FILL                5  0.37031891E+02  0.84875518E+00  0.60963400E-01  0.38069631E-02 -0.15733050E+00  0.99575359E+00  0.12081540E+00  0.00000000E+00  0.00000000E+00
 268.000    25092001  END_SEED_FILL                5  0.37193859E+02  0.84986359E+00  0.60729962E-01  0.37975281E-02 -0.16430090E+00  0.10003000E+01  0.14324979E+00  0.00000000E+00  0.00000000E+00
 269.000    26092001  END_SEED_FILL                5  0.37398941E+02  0.85065550E+00  0.60480218E-01  0.37874870E-02 -0.20268290E+00  0.99611968E+00  0.21893840E+00  0.00000000E+00  0.00000000E+00
 270.000    27092001  END_SEED_FILL                5  0.37644241E+02  0.85126293E+00  0.60238309E-01  0.37777440E-02 -0.22687480E+00  0.98718047E+00  0.33110169E+00  0.00000000E+00  0.00000000E+00
 271.000    28092001  END_SEED_FILL                5  0.37892792E+02  0.85175401E+00  0.60015049E-01  0.37687800E-02 -0.23571999E+00  0.96309757E+00  0.30093339E+00  0.00000000E+00  0.00000000E+00
 272.000    29092001  END_SEED_FILL                5  0.38115250E+02  0.85216242E+00  0.59813201E-01  0.37607180E-02 -0.21495610E+00  0.99390572E+00  0.24062450E+00  0.00000000E+00  0.00000000E+00
 273.000    30092001  END_SEED_FILL                5  0.38352119E+02  0.85250628E+00  0.59632491E-01  0.37535471E-02 -0.24621999E+00  0.98319203E+00  0.34675291E+00  0.00000000E+00  0.00000000E+00
 274.000    01102001  END_SEED_FILL                5  0.38608410E+02  0.85279977E+00  0.59471630E-01  0.37472351E-02 -0.28031370E+00  0.98662472E+00  0.38146219E+00  0.00000000E+00  0.00000000E+00
 275.000    02102001  END_SEED_FILL                5  0.38870369E+02  0.85305351E+00  0.59329089E-01  0.37417349E-02 -0.30808929E+00  0.99491662E+00  0.41997591E+00  0.00000000E+00  0.00000000E+00
 276.000    03102001  END_SEED_FILL                5  0.39087650E+02  0.85327488E+00  0.59203170E-01  0.37369840E-02 -0.23099780E+00  0.99799222E+00  0.27631441E+00  0.00000000E+00  0.00000000E+00
 277.000    04102001  END_SEED_FILL                5  0.39182240E+02  0.85346693E+00  0.59092298E-01  0.37328759E-02 -0.16119760E+00  0.99309063E+00  0.16881271E+00  0.00000000E+00  0.00000000E+00
 278.000    05102001  END_SEED_FILL                5  0.39289879E+02  0.85363251E+00  0.58994871E-01  0.37293241E-02 -0.20069900E+00  0.98668402E+00  0.17199229E-01  0.00000000E+00  0.00000000E+00
 279.000    06102001  END_SEED_FILL                5  0.39430580E+02  0.85377640E+00  0.58909532E-01  0.37262780E-02 -0.23959669E+00  0.98309928E+00  0.12886541E+00  0.00000000E+00  0.00000000E+00
 280.000    07102001  END_SEED_FILL                5  0.39632870E+02  0.85390443E+00  0.58834981E-01  0.37237131E-02 -0.26389560E+00  0.99785292E+00  0.34762710E+00  0.00000000E+00  0.00000000E+00
 281.000    08102001  END_SEED_FILL                5  0.39875099E+02  0.85402107E+00  0.58770180E-01  0.37216090E-02 -0.26420349E+00  0.99145877E+00  0.42970830E+00  0.00000000E+00  0.00000000E+00
 282.000    09102001  END_SEED_FILL                5  0.40109322E+02  0.85412872E+00  0.58714058E-01  0.37199180E-02 -0.19126870E+00  0.99207872E+00  0.40777829E+00  0.00000000E+00  0.00000000E+00
 283.000    10102001  END_SEED_FILL                5  0.40291439E+02  0.85422748E+00  0.58665741E-01  0.37185890E-02 -0.11082740E+00  0.99281943E+00  0.16422211E+00  0.00000000E+00  0.00000000E+00
 284.000    11102001  END_SEED_FILL                5  0.40467350E+02  0.85431713E+00  0.58624350E-01  0.37175580E-02 -0.13609640E+00  0.10006020E+01  0.19767439E+00  0.00000000E+00  0.00000000E+00
 285.000    12102001  END_SEED_FILL                5  0.40593658E+02  0.85439932E+00  0.58589101E-01  0.37167859E-02 -0.73134683E-01  0.99610841E+00  0.20118430E+00  0.00000000E+00  0.00000000E+00
 286.000    13102001  END_SEED_FILL                5  0.40729389E+02  0.85447538E+00  0.58559120E-01  0.37162551E-02 -0.73586687E-01  0.99046677E+00  0.13642640E+00  0.00000000E+00  0.00000000E+00
 287.000    14102001  END_SEED_FILL                5  0.40857792E+02  0.85454613E+00  0.58533851E-01  0.37159349E-02 -0.82420044E-01  0.98557758E+00  0.89803807E-01  0.00000000E+00  0.00000000E+00
 288.000    15102001  END_SEED_FILL                5  0.40941589E+02  0.85461217E+00  0.58512852E-01  0.37157941E-02 -0.63876607E-01  0.99909782E+00  0.18173151E-01  0.00000000E+00  0.00000000E+00
 289.000    16102001  END_SEED_FILL                5  0.41024300E+02  0.85467368E+00  0.58495600E-01  0.37158099E-02 -0.77359937E-01  0.99124467E+00  0.32171641E-01  0.00000000E+00  0.00000000E+00
 290.000    17102001  END_SEED_FILL                5  0.41181728E+02  0.85473138E+00  0.58481619E-01  0.37159619E-02 -0.10804290E+00  0.99102390E+00  0.22662380E+00  0.00000000E+00  0.00000000E+00
 291.000    18102001  END_SEED_FILL                5  0.41312408E+02  0.85478741E+00  0.58470659E-01  0.37162490E-02 -0.97005911E-01  0.10131150E+01  0.46214920E-01  0.00000000E+00  0.00000000E+00
 292.000    19102001  END_SEED_FILL                5  0.41436310E+02  0.85484141E+00  0.58462389E-01  0.37166509E-02 -0.10697450E+00  0.98940229E+00  0.67920133E-01  0.00000000E+00  0.00000000E+00
 293.000    20102001  END_SEED_FILL                5  0.41595421E+02  0.85489303E+00  0.58456279E-01  0.37171431E-02 -0.13403800E+00  0.10052650E+01  0.14023250E+00  0.00000000E+00  0.00000000E+00
 294.000    21102001  END_SEED_FILL                5  0.41770630E+02  0.85494399E+00  0.58452230E-01  0.37177191E-02 -0.12547240E+00  0.10023420E+01  0.18265849E+00  0.00000000E+00  0.00000000E+00
 295.000    22102001  END_SEED_FILL                5  0.41895741E+02  0.85499501E+00  0.58449980E-01  0.37183780E-02 -0.56353088E-01  0.98818469E+00  0.25464901E+00  0.00000000E+00  0.00000000E+00
 296.000    23102001  END_SEED_FILL                5  0.42082710E+02  0.85504597E+00  0.58449280E-01  0.37190949E-02 -0.98593287E-01  0.10043440E+01  0.26925689E+00  0.00000000E+00  0.00000000E+00
 297.000    24102001  END_SEED_FILL                5  0.42182869E+02  0.85509717E+00  0.58449820E-01  0.37198639E-02 -0.71272694E-01  0.99042529E+00  0.82104668E-01  0.00000000E+00  0.00000000E+00
 298.000    25102001  END_SEED_FILL                5  0.42249741E+02  0.85514808E+00  0.58451489E-01  0.37206479E-02 -0.66798382E-01  0.98205549E+00  0.55505361E-01  0.00000000E+00  0.00000000E+00
 299.000    26102001  END_SEED_FILL                5  0.42300419E+02  0.85519832E+00  0.58454100E-01  0.37214421E-02 -0.66551402E-01  0.99016958E+00  0.33378729E-02  0.00000000E+00  0.00000000E+00
 300.000    27102001  END_SEED_FILL                5  0.42373940E+02  0.85524821E+00  0.58457289E-01  0.37222391E-02 -0.78248993E-01  0.97789258E+00  0.10133560E+00  0.00000000E+00  0.00000000E+00
 301.000    28102001  END_SEED_FILL                5  0.42557308E+02  0.85529858E+00  0.58461200E-01  0.37230430E-02 -0.12712540E+00  0.97340918E+00  0.17211750E+00  0.00000000E+00  0.00000000E+00
 302.000    29102001  END_SEED_FILL                5  0.42659618E+02  0.85535097E+00  0.58465701E-01  0.37238691E-02 -0.83819479E-01  0.85584801E+00  0.11355290E+00  0.00000000E+00  0.00000000E+00
 303.000    30102001  NOT_ALIVE                    0  0.00000000E+00  0.00000000E+00  0.00000000E+00  0.00000000E+00  0.00000000E+00  0.00000000E+00  0.00000000E+00  0.00000000E+00  0.00000000E+00
 304.000    31102001  NOT_ALIVE                    0  0.00000000E+00  0.00000000E+00  0.00000000E+00  0.00000000E+00  0.00000000E+00  0.00000000E+00  0.00000000E+00  0.00000000E+00  0.00000000E+00
 305.000    01112001  NOT_ALIVE                    0  0.00000000E+00  0.00000000E+00  0.00000000E+00  0.00000000E+00  0.00000000E+00  0.00000000E+00  0.00000000E+00  0.00000000E+00  0.00000000E+00
 306.000    02112001  NOT_ALIVE                    0  0.00000000E+00  0.00000000E+00  0.00000000E+00  0.00000000E+00  0.00000000E+00  0.00000000E+00  0.00000000E+00  0.00000000E+00  0.00000000E+00
 307.000    03112001  NOT_ALIVE                    0  0.00000000E+00  0.00000000E+00  0.00000000E+00  0.00000000E+00  0.00000000E+00  0.00000000E+00  0.00000000E+00  0.00000000E+00  0.00000000E+00
 308.000    04112001  NOT_ALIVE                    0  0.00000000E+00  0.00000000E+00  0.00000000E+00  0.00000000E+00  0.00000000E+00  0.00000000E+00  0.00000000E+00  0.00000000E+00  0.00000000E+00
 309.000    05112001  NOT_ALIVE                    0  0.00000000E+00  0.00000000E+00  0.00000000E+00  0.00000000E+00  0.00000000E+00  0.00000000E+00  0.00000000E+00  0.00000000E+00  0.00000000E+00
 310.000    06112001  NOT_ALIVE                    0  0.00000000E+00  0.00000000E+00  0.00000000E+00  0.00000000E+00  0.00000000E+00  0.00000000E+00  0.00000000E+00  0.00000000E+00  0.00000000E+00
 311.000    07112001  NOT_ALIVE                    0  0.00000000E+00  0.00000000E+00  0.00000000E+00  0.00000000E+00  0.00000000E+00  0.00000000E+00  0.00000000E+00  0.00000000E+00  0.00000000E+00
 312.000    08112001  NOT_ALIVE                    0  0.00000000E+00  0.00000000E+00  0.00000000E+00  0.00000000E+00  0.00000000E+00  0.00000000E+00  0.00000000E+00  0.00000000E+00  0.00000000E+00
 313.000    09112001  NOT_ALIVE                    0  0.00000000E+00  0.00000000E+00  0.00000000E+00  0.00000000E+00  0.00000000E+00  0.00000000E+00  0.00000000E+00  0.00000000E+00  0.00000000E+00
 314.000    10112001  NOT_ALIVE                    0  0.00000000E+00  0.00000000E+00  0.00000000E+00  0.00000000E+00  0.00000000E+00  0.00000000E+00  0.00000000E+00  0.00000000E+00  0.00000000E+00
 315.000    11112001  NOT_ALIVE                    0  0.00000000E+00  0.00000000E+00  0.00000000E+00  0.00000000E+00  0.00000000E+00  0.00000000E+00  0.00000000E+00  0.00000000E+00  0.00000000E+00
 316.000    12112001  NOT_ALIVE                    0  0.00000000E+00  0.00000000E+00  0.00000000E+00  0.00000000E+00  0.00000000E+00  0.00000000E+00  0.00000000E+00  0.00000000E+00  0.00000000E+00
 317.000    13112001  NOT_ALIVE                    0  0.00000000E+00  0.00000000E+00  0.00000000E+00  0.00000000E+00  0.00000000E+00  0.00000000E+00  0.00000000E+00  0.00000000E+00  0.00000000E+00
 318.000    14112001  NOT_ALIVE                    0  0.00000000E+00  0.00000000E+00  0.00000000E+00  0.00000000E+00  0.00000000E+00  0.00000000E+00  0.00000000E+00  0.00000000E+00  0.00000000E+00
 319.000    15112001  NOT_ALIVE                    0  0.00000000E+00  0.00000000E+00  0.00000000E+00  0.00000000E+00  0.00000000E+00  0.00000000E+00  0.00000000E+00  0.00000000E+00  0.00000000E+00
 320.000    16112001  NOT_ALIVE                    0  0.00000000E+00  0.00000000E+00  0.00000000E+00  0.00000000E+00  0.00000000E+00  0.00000000E+00  0.00000000E+00  0.00000000E+00  0.00000000E+00
 321.000    17112001  NOT_ALIVE                    0  0.00000000E+00  0.00000000E+00  0.00000000E+00  0.00000000E+00  0.00000000E+00  0.00000000E+00  0.00000000E+00  0.00000000E+00  0.00000000E+00
 322.000    18112001  NOT_ALIVE                    0  0.00000000E+00  0.00000000E+00  0.00000000E+00  0.00000000E+00  0.00000000E+00  0.00000000E+00  0.00000000E+00  0.00000000E+00  0.00000000E+00
 323.000    19112001  NOT_ALIVE                    0  0.00000000E+00  0.00000000E+00  0.00000000E+00  0.00000000E+00  0.00000000E+00  0.00000000E+00  0.00000000E+00  0.00000000E+00  0.00000000E+00
 324.000    20112001  NOT_ALIVE                    0  0.00000000E+00  0.00000000E+00  0.00000000E+00  0.00000000E+00  0.00000000E+00  0.00000000E+00  0.00000000E+00  0.00000000E+00  0.00000000E+00
 325.000    21112001  NOT_ALIVE                    0  0.00000000E+00  0.00000000E+00  0.00000000E+00  0.00000000E+00  0.00000000E+00  0.00000000E+00  0.00000000E+00  0.00000000E+00  0.00000000E+00
 326.000    22112001  NOT_ALIVE                    0  0.00000000E+00  0.00000000E+00  0.00000000E+00  0.00000000E+00  0.00000000E+00  0.00000000E+00  0.00000000E+00  0.00000000E+00  0.00000000E+00
 327.000    23112001  NOT_ALIVE                    0  0.00000000E+00  0.00000000E+00  0.00000000E+00  0.00000000E+00  0.00000000E+00  0.00000000E+00  0.00000000E+00  0.00000000E+00  0.00000000E+00
 328.000    24112001  NOT_ALIVE                    0  0.00000000E+00  0.00000000E+00  0.00000000E+00  0.00000000E+00  0.00000000E+00  0.00000000E+00  0.00000000E+00  0.00000000E+00  0.00000000E+00
 329.000    25112001  NOT_ALIVE                    0  0.00000000E+00  0.00000000E+00  0.00000000E+00  0.00000000E+00  0.00000000E+00  0.00000000E+00  0.00000000E+00  0.00000000E+00  0.00000000E+00
 330.000    26112001  NOT_ALIVE                    0  0.00000000E+00  0.00000000E+00  0.00000000E+00  0.00000000E+00  0.00000000E+00  0.00000000E+00  0.00000000E+00  0.00000000E+00  0.00000000E+00
 331.000    27112001  NOT_ALIVE                    0  0.00000000E+00  0.00000000E+00  0.00000000E+00  0.00000000E+00  0.00000000E+00  0.00000000E+00  0.00000000E+00  0.00000000E+00  0.00000000E+00
 332.000    28112001  NOT_ALIVE                    0  0.00000000E+00  0.00000000E+00  0.00000000E+00  0.00000000E+00  0.00000000E+00  0.00000000E+00  0.00000000E+00  0.00000000E+00  0.00000000E+00
 333.000    29112001  NOT_ALIVE                    0  0.00000000E+00  0.00000000E+00  0.00000000E+00  0.00000000E+00  0.00000000E+00  0.00000000E+00  0.00000000E+00  0.00000000E+00  0.00000000E+00
 334.000    30112001  NOT_ALIVE                    0  0.00000000E+00  0.00000000E+00  0.00000000E+00  0.00000000E+00  0.00000000E+00  0.00000000E+00  0.00000000E+00  0.00000000E+00  0.00000000E+00
 335.000    01122001  NOT_ALIVE                    0  0.00000000E+00  0.00000000E+00  0.00000000E+00  0.00000000E+00  0.00000000E+00  0.00000000E+00  0.00000000E+00  0.00000000E+00  0.00000000E+00
 336.000    02122001  NOT_ALIVE                    0  0.00000000E+00  0.00000000E+00  0.00000000E+00  0.00000000E+00  0.00000000E+00  0.00000000E+00  0.00000000E+00  0.00000000E+00  0.00000000E+00
 337.000    03122001  NOT_ALIVE                    0  0.00000000E+00  0.00000000E+00  0.00000000E+00  0.00000000E+00  0.00000000E+00  0.00000000E+00  0.00000000E+00  0.00000000E+00  0.00000000E+00
 338.000    04122001  NOT_ALIVE                    0  0.00000000E+00  0.00000000E+00  0.00000000E+00  0.00000000E+00  0.00000000E+00  0.00000000E+00  0.00000000E+00  0.00000000E+00  0.00000000E+00
 339.000    05122001  NOT_ALIVE                    0  0.00000000E+00  0.00000000E+00  0.00000000E+00  0.00000000E+00  0.00000000E+00  0.00000000E+00  0.00000000E+00  0.00000000E+00  0.00000000E+00
 340.000    06122001  NOT_ALIVE                    0  0.00000000E+00  0.00000000E+00  0.00000000E+00  0.00000000E+00  0.00000000E+00  0.00000000E+00  0.00000000E+00  0.00000000E+00  0.00000000E+00
 341.000    07122001  NOT_ALIVE                    0  0.00000000E+00  0.00000000E+00  0.00000000E+00  0.00000000E+00  0.00000000E+00  0.00000000E+00  0.00000000E+00  0.00000000E+00  0.00000000E+00
 342.000    08122001  NOT_ALIVE                    0  0.00000000E+00  0.00000000E+00  0.00000000E+00  0.00000000E+00  0.00000000E+00  0.00000000E+00  0.00000000E+00  0.00000000E+00  0.00000000E+00
 343.000    09122001  NOT_ALIVE                    0  0.00000000E+00  0.00000000E+00  0.00000000E+00  0.00000000E+00  0.00000000E+00  0.00000000E+00  0.00000000E+00  0.00000000E+00  0.00000000E+00
 344.000    10122001  NOT_ALIVE                    0  0.00000000E+00  0.00000000E+00  0.00000000E+00  0.00000000E+00  0.00000000E+00  0.00000000E+00  0.00000000E+00  0.00000000E+00  0.00000000E+00
 345.000    11122001  NOT_ALIVE                    0  0.00000000E+00  0.00000000E+00  0.00000000E+00  0.00000000E+00  0.00000000E+00  0.00000000E+00  0.00000000E+00  0.00000000E+00  0.00000000E+00
 346.000    12122001  NOT_ALIVE                    0  0.00000000E+00  0.00000000E+00  0.00000000E+00  0.00000000E+00  0.00000000E+00  0.00000000E+00  0.00000000E+00  0.00000000E+00  0.00000000E+00
 347.000    13122001  NOT_ALIVE                    0  0.00000000E+00  0.00000000E+00  0.00000000E+00  0.00000000E+00  0.00000000E+00  0.00000000E+00  0.00000000E+00  0.00000000E+00  0.00000000E+00
 348.000    14122001  NOT_ALIVE                    0  0.00000000E+00  0.00000000E+00  0.00000000E+00  0.00000000E+00  0.00000000E+00  0.00000000E+00  0.00000000E+00  0.00000000E+00  0.00000000E+00
 349.000    15122001  NOT_ALIVE                    0  0.00000000E+00  0.00000000E+00  0.00000000E+00  0.00000000E+00  0.00000000E+00  0.00000000E+00  0.00000000E+00  0.00000000E+00  0.00000000E+00
 350.000    16122001  NOT_ALIVE                    0  0.00000000E+00  0.00000000E+00  0.00000000E+00  0.00000000E+00  0.00000000E+00  0.00000000E+00  0.00000000E+00  0.00000000E+00  0.00000000E+00
 351.000    17122001  NOT_ALIVE                    0  0.00000000E+00  0.00000000E+00  0.00000000E+00  0.00000000E+00  0.00000000E+00  0.00000000E+00  0.00000000E+00  0.00000000E+00  0.00000000E+00
 352.000    18122001  NOT_ALIVE                    0  0.00000000E+00  0.00000000E+00  0.00000000E+00  0.00000000E+00  0.00000000E+00  0.00000000E+00  0.00000000E+00  0.00000000E+00  0.00000000E+00
 353.000    19122001  NOT_ALIVE                    0  0.00000000E+00  0.00000000E+00  0.00000000E+00  0.00000000E+00  0.00000000E+00  0.00000000E+00  0.00000000E+00  0.00000000E+00  0.00000000E+00
 354.000    20122001  NOT_ALIVE                    0  0.00000000E+00  0.00000000E+00  0.00000000E+00  0.00000000E+00  0.00000000E+00  0.00000000E+00  0.00000000E+00  0.00000000E+00  0.00000000E+00
 355.000    21122001  NOT_ALIVE                    0  0.00000000E+00  0.00000000E+00  0.00000000E+00  0.00000000E+00  0.00000000E+00  0.00000000E+00  0.00000000E+00  0.00000000E+00  0.00000000E+00
 356.000    22122001  NOT_ALIVE                    0  0.00000000E+00  0.00000000E+00  0.00000000E+00  0.00000000E+00  0.00000000E+00  0.00000000E+00  0.00000000E+00  0.00000000E+00  0.00000000E+00
 357.000    23122001  NOT_ALIVE                    0  0.00000000E+00  0.00000000E+00  0.00000000E+00  0.00000000E+00  0.00000000E+00  0.00000000E+00  0.00000000E+00  0.00000000E+00  0.00000000E+00
 358.000    24122001  NOT_ALIVE                    0  0.00000000E+00  0.00000000E+00  0.00000000E+00  0.00000000E+00  0.00000000E+00  0.00000000E+00  0.00000000E+00  0.00000000E+00  0.00000000E+00
 359.000    25122001  NOT_ALIVE                    0  0.00000000E+00  0.00000000E+00  0.00000000E+00  0.00000000E+00  0.00000000E+00  0.00000000E+00  0.00000000E+00  0.00000000E+00  0.00000000E+00
 360.000    26122001  NOT_ALIVE                    0  0.00000000E+00  0.00000000E+00  0.00000000E+00  0.00000000E+00  0.00000000E+00  0.00000000E+00  0.00000000E+00  0.00000000E+00  0.00000000E+00
 361.000    27122001  NOT_ALIVE                    0  0.00000000E+00  0.00000000E+00  0.00000000E+00  0.00000000E+00  0.00000000E+00  0.00000000E+00  0.00000000E+00  0.00000000E+00  0.00000000E+00
 362.000    28122001  NOT_ALIVE                    0  0.00000000E+00  0.00000000E+00  0.00000000E+00  0.00000000E+00  0.00000000E+00  0.00000000E+00  0.00000000E+00  0.00000000E+00  0.00000000E+00
 363.000    29122001  NOT_ALIVE                    0  0.00000000E+00  0.00000000E+00  0.00000000E+00  0.00000000E+00  0.00000000E+00  0.00000000E+00  0.00000000E+00  0.00000000E+00  0.00000000E+00
 364.000    30122001  NOT_ALIVE                    0  0.00000000E+00  0.00000000E+00  0.00000000E+00  0.00000000E+00  0.00000000E+00  0.00000000E+00  0.00000000E+00  0.00000000E+00  0.00000000E+00
 365.000    31122001  NOT_ALIVE                    0  0.00000000E+00  0.00000000E+00  0.00000000E+00  0.00000000E+00  0.00000000E+00  0.00000000E+00  0.00000000E+00  0.00000000E+00  0.00000000E+00
