    DOY     DATE    SHOOT_N         LEAF_N          SHTH_N          STALK_N         RESERVE_N       HUSK_N          GRAIN_N         ROOT_N          NDL_N           STORED_N        UPTK_N          LITTER_N        TL_N_FIXED      [SOL_N]         N_STRESS        [SOL_P]         P_STRESS        NH3_FLUX        HVST_N          N_BALANCE       STG_DEAD_N      FIRE_N          SF_LIT_N        
010112001n_flux_ 134.000    14052001  0.5271508E-002  0.1436721E-003  0.2859585E-004  0.0000000E+000  0.0000000E+000  0.0000000E+000  0.0000000E+000  0.5580423E-002  0.0000000E+000  0.3952445E-001  0.7797694E-003  0.3387340E-005  0.0000000E+000  0.1000000E+001  0.3512149E-001  0.2071601E+000  0.3513827E-002 -0.4831016E-008  0.0000000E+000  0.4960001E-001  0.0000000E+000  0.0000000E+000  0.0000000E+000
010112001n_flux_ 135.000    15052001  0.8745819E-002  0.8706969E-003  0.1750476E-003  0.0000000E+000  0.0000000E+000  0.0000000E+000  0.0000000E+000  0.8011167E-002  0.0000000E+000  0.3486475E-001  0.2024992E-002  0.3473935E-005  0.0000000E+000  0.3533038E+000  0.3520753E-001  0.3550707E-001  0.3537345E-002  0.2072870E-006  0.0000000E+000  0.4960003E-001  0.0000000E+000  0.0000000E+000  0.0000000E+000
010112001n_flux_ 136.000    16052001  0.1378293E-001  0.2450087E-002  0.4914309E-003  0.0000000E+000  0.0000000E+000  0.0000000E+000  0.0000000E+000  0.1089171E-001  0.0000000E+000  0.2853516E-001  0.3612515E-002  0.3572701E-005  0.0000000E+000  0.1653835E+000  0.3781752E-001  0.1672021E-001  0.3816627E-002  0.8417554E-006  0.0000000E+000  0.4960003E-001  0.0000000E+000  0.0000000E+000  0.0000000E+000
010112001n_flux_ 137.000    17052001  0.1884340E-001  0.4438801E-002  0.8865098E-003  0.0000000E+000  0.0000000E+000  0.0000000E+000  0.0000000E+000  0.1271110E-001  0.0000000E+000  0.2348882E-001  0.5444812E-002  0.3629111E-005  0.0000000E+000  0.1116897E+000  0.3982285E-001  0.1137543E-001  0.4038707E-002  0.2134186E-005  0.0000000E+000  0.4960003E-001  0.0000000E+000  0.0000000E+000  0.0000000E+000
010112001n_flux_ 138.000    18052001  0.2369284E-001  0.6565344E-002  0.1306166E-002  0.0000000E+000  0.0000000E+000  0.0000000E+000  0.0000000E+000  0.1337774E-001  0.0000000E+000  0.1971335E-001  0.7183496E-002  0.3674222E-005  0.0000000E+000  0.8771475E-001  0.4144187E-001  0.9004529E-002  0.4222972E-002  0.4103691E-005  0.0000000E+000  0.4960005E-001  0.0000000E+000  0.0000000E+000  0.0000000E+000
010112001n_flux_ 139.000    19052001  0.2834590E-001  0.8954980E-002  0.1774287E-002  0.0000000E+000  0.0000000E+000  0.0000000E+000  0.0000000E+000  0.1380117E-001  0.0000000E+000  0.1653175E-001  0.9075874E-002  0.3705204E-005  0.0000000E+000  0.7169791E-001  0.4295804E-001  0.7424063E-002  0.4397871E-002  0.6655992E-005  0.0000000E+000  0.4960005E-001  0.0000000E+000  0.0000000E+000  0.0000000E+000
010112001n_flux_ 140.000    20052001  0.3240436E-001  0.1082530E-001  0.2140000E-002  0.0000000E+000  0.0000000E+000  0.0000000E+000  0.0000000E+000  0.1360128E-001  0.0000000E+000  0.1472036E-001  0.1111855E-001  0.3747839E-005  0.0000000E+000  0.6502291E-001  0.4353388E-001  0.6800831E-002  0.4482953E-002  0.1120763E-004  0.0000000E+000  0.4960005E-001  0.0000000E+000  0.0000000E+000  0.0000000E+000
010112001n_flux_ 141.000    21052001  0.3598122E-001  0.1235333E-001  0.2438471E-002  0.0000000E+000  0.0000000E+000  0.0000000E+000  0.0000000E+000  0.1284835E-001  0.0000000E+000  0.1353362E-001  0.1275130E-001  0.3770731E-005  0.0000000E+000  0.6205089E-001  0.4465270E-001  0.6575348E-002  0.4635230E-002  0.1565694E-004  0.0000000E+000  0.4960006E-001  0.0000000E+000  0.0000000E+000  0.0000000E+000
010112001n_flux_ 142.000    22052001  0.3929045E-001  0.1422415E-001  0.2802521E-002  0.0000000E+000  0.0000000E+000  0.0000000E+000  0.0000000E+000  0.1253436E-001  0.0000000E+000  0.1223447E-001  0.1444200E-001  0.3786063E-005  0.0000000E+000  0.5678158E-001  0.4425270E-001  0.6125578E-002  0.4639928E-002  0.2106927E-004  0.0000000E+000  0.4960007E-001  0.0000000E+000  0.0000000E+000  0.0000000E+000
010112001n_flux_ 143.000    23052001  0.4213328E-001  0.1574847E-001  0.3102295E-002  0.0000000E+000  0.0000000E+000  0.0000000E+000  0.0000000E+000  0.1234995E-001  0.0000000E+000  0.1134212E-001  0.1620273E-001  0.3795670E-005  0.0000000E+000  0.5360737E-001  0.4449077E-001  0.5879023E-002  0.4706841E-002  0.2642233E-004  0.0000000E+000  0.4960007E-001  0.0000000E+000  0.0000000E+000  0.0000000E+000
010112001n_flux_ 144.000    24052001  0.4466061E-001  0.1732690E-001  0.3412985E-002  0.0000000E+000  0.0000000E+000  0.0000000E+000  0.0000000E+000  0.1257536E-001  0.0000000E+000  0.1051567E-001  0.1812374E-001  0.3803120E-005  0.0000000E+000  0.5021897E-001  0.4462730E-001  0.5566933E-002  0.4744311E-002  0.3170817E-004  0.0000000E+000  0.4960007E-001  0.0000000E+000  0.0000000E+000  0.0000000E+000
010112001n_flux_ 145.000    25052001  0.4745970E-001  0.1967634E-001  0.3878612E-002  0.0000000E+000  0.0000000E+000  0.0000000E+000  0.0000000E+000  0.1360124E-001  0.0000000E+000  0.9331748E-002  0.2075777E-001  0.3832939E-005  0.0000000E+000  0.4426489E-001  0.4293714E-001  0.4945976E-002  0.4570335E-002  0.3875709E-004  0.0000000E+000  0.4960009E-001  0.0000000E+000  0.0000000E+000  0.0000000E+000
010112001n_flux_ 146.000    26052001  0.5090537E-001  0.2242993E-001  0.4440307E-002  0.0000000E+000  0.0000000E+000  0.0000000E+000  0.0000000E+000  0.1506186E-001  0.0000000E+000  0.8051876E-002  0.2437619E-001  0.4176831E-005  0.0000000E+000  0.3883040E-001  0.4094441E-001  0.4372522E-002  0.4361678E-002  0.4712518E-004  0.0000000E+000  0.4960008E-001  0.0000000E+000  0.0000000E+000  0.0000000E+000
010112001n_flux_ 147.000    27052001  0.5493353E-001  0.2576227E-001  0.5138609E-002  0.0000000E+000  0.0000000E+000  0.0000000E+000  0.0000000E+000  0.1679233E-001  0.0000000E+000  0.6661530E-002  0.2874096E-001  0.8281539E-005  0.0000000E+000  0.3360017E-001  0.3948280E-001  0.3835594E-002  0.4218803E-002  0.5472483E-004  0.0000000E+000  0.4960012E-001  0.0000000E+000  0.0000000E+000  0.0000000E+000
010112001n_flux_ 148.000    28052001  0.5943417E-001  0.2915433E-001  0.5867534E-002  0.0000000E+000  0.0000000E+000  0.0000000E+000  0.0000000E+000  0.1859591E-001  0.0000000E+000  0.5490891E-002  0.3386980E-001  0.1306706E-004  0.0000000E+000  0.2986259E-001  0.3826335E-001  0.3468903E-002  0.4109137E-002  0.6425516E-004  0.0000000E+000  0.4960013E-001  0.0000000E+000  0.0000000E+000  0.0000000E+000
010112001n_flux_ 149.000    29052001  0.6427263E-001  0.3211927E-001  0.6523830E-002  0.0000000E+000  0.0000000E+000  0.0000000E+000  0.0000000E+000  0.2066657E-001  0.0000000E+000  0.4673637E-002  0.3994970E-001  0.1358240E-004  0.0000000E+000  0.2820067E-001  0.3744798E-001  0.3322229E-002  0.4041390E-002  0.7671042E-004  0.0000000E+000  0.4960017E-001  0.0000000E+000  0.0000000E+000  0.0000000E+000
010112001n_flux_ 150.000    30052001  0.6886231E-001  0.3408774E-001  0.6971880E-002  0.0000000E+000  0.0000000E+000  0.0000000E+000  0.0000000E+000  0.2160806E-001  0.0000000E+000  0.4277071E-002  0.4507308E-001  0.1363527E-004  0.0000000E+000  0.2847624E-001  0.3884391E-001  0.3389580E-002  0.4216954E-002  0.8803300E-004  0.0000000E+000  0.4960014E-001  0.0000000E+000  0.0000000E+000  0.0000000E+000
010112001n_flux_ 151.000    31052001  0.7326503E-001  0.3625013E-001  0.7453102E-002  0.0000000E+000  0.0000000E+000  0.0000000E+000  0.0000000E+000  0.2323152E-001  0.0000000E+000  0.3903787E-002  0.5071347E-001  0.1367254E-004  0.0000000E+000  0.2825657E-001  0.3910513E-001  0.3384307E-002  0.4256954E-002  0.1005750E-003  0.0000000E+000  0.4960013E-001  0.0000000E+000  0.0000000E+000  0.0000000E+000
010112001n_flux_ 152.000    01062001  0.7814632E-001  0.3971707E-001  0.8221232E-002  0.0000000E+000  0.0000000E+000  0.0000000E+000  0.0000000E+000  0.2528982E-001  0.0000000E+000  0.3333743E-002  0.5706507E-001  0.1371889E-004  0.0000000E+000  0.2622166E-001  0.3682913E-001  0.3157313E-002  0.4006672E-002  0.1185581E-003  0.0000000E+000  0.4960017E-001  0.0000000E+000  0.0000000E+000  0.0000000E+000
010112001n_flux_ 153.000    02062001  0.8390512E-001  0.4313770E-001  0.9007104E-002  0.0000000E+000  0.0000000E+000  0.0000000E+000  0.0000000E+000  0.3046341E-001  0.0000000E+000  0.2844816E-002  0.6749739E-001  0.1847570E-004  0.0000000E+000  0.2520573E-001  0.3599352E-001  0.3015270E-002  0.3897525E-002  0.1344642E-003  0.0000000E+000  0.4960018E-001  0.0000000E+000  0.0000000E+000  0.0000000E+000
010112001n_flux_ 154.000    03062001  0.9061380E-001  0.4665024E-001  0.9818648E-002  0.0000000E+000  0.0000000E+000  0.0000000E+000  0.0000000E+000  0.3329914E-001  0.0000000E+000  0.2482366E-002  0.7665958E-001  0.1853217E-004  0.0000000E+000  0.2483796E-001  0.3613373E-001  0.2983097E-002  0.3920477E-002  0.1542860E-003  0.0000000E+000  0.4960020E-001  0.0000000E+000  0.0000000E+000  0.0000000E+000
010112001n_flux_ 155.000    04062001  0.9738734E-001  0.4934374E-001  0.1044890E-001  0.0000000E+000  0.0000000E+000  0.0000000E+000  0.0000000E+000  0.3745059E-001  0.0000000E+000  0.2256762E-002  0.8734290E-001  0.1857642E-004  0.0000000E+000  0.2566022E-001  0.3757614E-001  0.3072395E-002  0.4077142E-002  0.1703867E-003  0.0000000E+000  0.4960020E-001  0.0000000E+000  0.0000000E+000  0.0000000E+000
010112001n_flux_ 156.000    05062001  0.1043811E+000  0.5302707E-001  0.1127182E-001  0.0000000E+000  0.0000000E+000  0.0000000E+000  0.0000000E+000  0.3958773E-001  0.0000000E+000  0.2016947E-002  0.9621668E-001  0.1861468E-004  0.0000000E+000  0.2537219E-001  0.3825153E-001  0.3033266E-002  0.4146249E-002  0.1877475E-003  0.0000000E+000  0.4960016E-001  0.0000000E+000  0.0000000E+000  0.0000000E+000
010112001n_flux_ 157.000    06062001  0.1116581E+000  0.5856317E-001  0.1249869E-001  0.0000000E+000  0.0000000E+000  0.0000000E+000  0.0000000E+000  0.4309572E-001  0.0000000E+000  0.1703015E-002  0.1066628E+000  0.1866087E-004  0.0000000E+000  0.2324195E-001  0.3675298E-001  0.2801609E-002  0.3984421E-002  0.2128142E-003  0.0000000E+000  0.4960016E-001  0.0000000E+000  0.0000000E+000  0.0000000E+000
010112001n_flux_ 158.000    07062001  0.1206264E+000  0.6429213E-001  0.1381172E-001  0.0000000E+000  0.0000000E+000  0.0000000E+000  0.0000000E+000  0.5193353E-001  0.0000000E+000  0.1396895E-002  0.1241400E+000  0.1967577E-004  0.0000000E+000  0.2198851E-001  0.3570781E-001  0.2668630E-002  0.3873233E-002  0.2366268E-003  0.0000000E+000  0.4960021E-001  0.0000000E+000  0.0000000E+000  0.0000000E+000
010112001n_flux_ 159.000    08062001  0.1316776E+000  0.7060684E-001  0.1527402E-001  0.0000000E+000  0.0000000E+000  0.0000000E+000  0.0000000E+000  0.5932602E-001  0.0000000E+000  0.1120601E-002  0.1423609E+000  0.9423125E-004  0.0000000E+000  0.2145455E-001  0.3546755E-001  0.2615633E-002  0.3852704E-002  0.2575641E-003  0.0000000E+000  0.4960032E-001  0.0000000E+000  0.0000000E+000  0.0000000E+000
010112001n_flux_ 160.000    09062001  0.1452221E+000  0.7792025E-001  0.1695544E-001  0.0000000E+000  0.0000000E+000  0.0000000E+000  0.0000000E+000  0.6720883E-001  0.0000000E+000  0.8863437E-003  0.1636372E+000  0.1996604E-003  0.0000000E+000  0.2129286E-001  0.3602747E-001  0.2627898E-002  0.3935039E-002  0.2797243E-003  0.0000000E+000  0.4960031E-001  0.0000000E+000  0.0000000E+000  0.0000000E+000
010112001n_flux_ 161.000    10062001  0.1598585E+000  0.8741696E-001  0.1910663E-001  0.0000000E+000  0.0000000E+000  0.0000000E+000  0.0000000E+000  0.7231426E-001  0.0000000E+000  0.6768140E-003  0.1832030E+000  0.2649533E-003  0.0000000E+000  0.2011094E-001  0.3623263E-001  0.2591382E-002  0.4023010E-002  0.3115121E-003  0.0000000E+000  0.4960035E-001  0.0000000E+000  0.0000000E+000  0.0000000E+000
010112001n_flux_ 162.000    11062001  0.1753911E+000  0.9691358E-001  0.2124361E-001  0.0000000E+000  0.0000000E+000  0.0000000E+000  0.0000000E+000  0.8267922E-001  0.0000000E+000  0.5130749E-003  0.2090477E+000  0.3961648E-003  0.0000000E+000  0.1943050E-001  0.3765604E-001  0.2587761E-002  0.4231235E-002  0.3318979E-003  0.0000000E+000  0.4960024E-001  0.0000000E+000  0.0000000E+000  0.0000000E+000
010112001n_flux_ 163.000    12062001  0.1933545E+000  0.1076258E+000  0.2358431E-001  0.0000000E+000  0.0000000E+000  0.0000000E+000  0.0000000E+000  0.9155399E-001  0.0000000E+000  0.3878380E-003  0.2359337E+000  0.5950899E-003  0.0000000E+000  0.1899922E-001  0.3943159E-001  0.2544201E-002  0.4433408E-002  0.3578026E-003  0.0000000E+000  0.4960030E-001  0.0000000E+000  0.0000000E+000  0.0000000E+000
010112001n_flux_ 164.000    13062001  0.2126746E+000  0.1195280E+000  0.2608078E-001  0.0000000E+000  0.0000000E+000  0.0000000E+000  0.0000000E+000  0.1046609E+000  0.0000000E+000  0.2962456E-003  0.2683811E+000  0.7376852E-003  0.0000000E+000  0.1839026E-001  0.4087033E-001  0.2442990E-002  0.4566860E-002  0.3884332E-003  0.0000000E+000  0.4960026E-001  0.0000000E+000  0.0000000E+000  0.0000000E+000
010112001n_flux_ 165.000    14062001  0.2327090E+000  0.1283506E+000  0.2793868E-001  0.0000000E+000  0.0000000E+000  0.0000000E+000  0.0000000E+000  0.1060518E+000  0.0000000E+000  0.2509051E-003  0.2897134E+000  0.7382514E-003  0.0000000E+000  0.1945771E-001  0.4081292E-001  0.2519587E-002  0.4526705E-002  0.4367735E-003  0.0000000E+000  0.4960028E-001  0.0000000E+000  0.0000000E+000  0.0000000E+000
010112001n_flux_ 166.000    15062001  0.2544260E+000  0.1379803E+000  0.2999027E-001  0.0000000E+000  0.0000000E+000  0.0000000E+000  0.0000000E+000  0.1184400E+000  0.0000000E+000  0.2093984E-003  0.3237456E+000  0.7397209E-003  0.0000000E+000  0.2060525E-001  0.4094690E-001  0.2550810E-002  0.4464693E-002  0.4697759E-003  0.0000000E+000  0.4960021E-001  0.0000000E+000  0.0000000E+000  0.0000000E+000
