    DOY     DATE    TRANSPN         WTR_STRESS      OXY_STRESS      
010112002soil_wa   1.000    01012002 -0.0000000E+000  0.5747500E+003  0.1003479E+001
010112002soil_wa   2.000    02012002 -0.0000000E+000  0.5747500E+003  0.1003479E+001
010112002soil_wa   3.000    03012002 -0.0000000E+000  0.5747500E+003  0.1003479E+001
010112002soil_wa   4.000    04012002 -0.0000000E+000  0.5747500E+003  0.1003479E+001
010112002soil_wa   5.000    05012002 -0.0000000E+000  0.5747500E+003  0.1003479E+001
010112002soil_wa   6.000    06012002 -0.0000000E+000  0.5747500E+003  0.1003479E+001
010112002soil_wa   7.000    07012002 -0.0000000E+000  0.5747500E+003  0.1003479E+001
010112002soil_wa   8.000    08012002 -0.0000000E+000  0.5747500E+003  0.1003479E+001
010112002soil_wa   9.000    09012002 -0.0000000E+000  0.5747500E+003  0.1003479E+001
010112002soil_wa  10.000    10012002 -0.0000000E+000  0.5747500E+003  0.1003479E+001
010112002soil_wa  11.000    11012002 -0.0000000E+000  0.5747500E+003  0.1003479E+001
010112002soil_wa  12.000    12012002 -0.0000000E+000  0.5747500E+003  0.1003479E+001
010112002soil_wa  13.000    13012002 -0.0000000E+000  0.5747500E+003  0.1003479E+001
010112002soil_wa  14.000    14012002 -0.0000000E+000  0.5747500E+003  0.1003479E+001
010112002soil_wa  15.000    15012002 -0.0000000E+000  0.5747500E+003  0.1003479E+001
010112002soil_wa  16.000    16012002 -0.0000000E+000  0.5747500E+003  0.1003479E+001
010112002soil_wa  17.000    17012002 -0.0000000E+000  0.5747500E+003  0.1003479E+001
010112002soil_wa  18.000    18012002 -0.0000000E+000  0.5747500E+003  0.1003479E+001
010112002soil_wa  19.000    19012002 -0.0000000E+000  0.5747500E+003  0.1003479E+001
010112002soil_wa  20.000    20012002 -0.0000000E+000  0.5747500E+003  0.1003479E+001
010112002soil_wa  21.000    21012002 -0.0000000E+000  0.5747500E+003  0.1003479E+001
010112002soil_wa  22.000    22012002 -0.0000000E+000  0.5747500E+003  0.1003479E+001
010112002soil_wa  23.000    23012002 -0.0000000E+000  0.5747500E+003  0.1003479E+001
010112002soil_wa  24.000    24012002 -0.0000000E+000  0.5747500E+003  0.1003479E+001
010112002soil_wa  25.000    25012002 -0.0000000E+000  0.5747500E+003  0.1003479E+001
010112002soil_wa  26.000    26012002 -0.0000000E+000  0.5747500E+003  0.1003479E+001
010112002soil_wa  27.000    27012002 -0.0000000E+000  0.5747500E+003  0.1003479E+001
010112002soil_wa  28.000    28012002 -0.0000000E+000  0.5747500E+003  0.1003479E+001
010112002soil_wa  29.000    29012002 -0.0000000E+000  0.5747500E+003  0.1003479E+001
010112002soil_wa  30.000    30012002 -0.0000000E+000  0.5747500E+003  0.1003479E+001
010112002soil_wa  31.000    31012002 -0.0000000E+000  0.5747500E+003  0.1003479E+001
010112002soil_wa  32.000    01022002 -0.0000000E+000  0.5747500E+003  0.1003479E+001
010112002soil_wa  33.000    02022002 -0.0000000E+000  0.5747500E+003  0.1003479E+001
010112002soil_wa  34.000    03022002 -0.0000000E+000  0.5747500E+003  0.1003479E+001
010112002soil_wa  35.000    04022002 -0.0000000E+000  0.5747500E+003  0.1003479E+001
010112002soil_wa  36.000    05022002 -0.0000000E+000  0.5747500E+003  0.1003479E+001
010112002soil_wa  37.000    06022002 -0.0000000E+000  0.5747500E+003  0.1003479E+001
010112002soil_wa  38.000    07022002 -0.0000000E+000  0.5747500E+003  0.1003479E+001
010112002soil_wa  39.000    08022002 -0.0000000E+000  0.5747500E+003  0.1003479E+001
010112002soil_wa  40.000    09022002 -0.0000000E+000  0.5747500E+003  0.1003479E+001
010112002soil_wa  41.000    10022002 -0.0000000E+000  0.5747500E+003  0.1003479E+001
010112002soil_wa  42.000    11022002 -0.0000000E+000  0.5747500E+003  0.1003479E+001
010112002soil_wa  43.000    12022002 -0.0000000E+000  0.5747500E+003  0.1003479E+001
010112002soil_wa  44.000    13022002 -0.0000000E+000  0.5747500E+003  0.1003479E+001
010112002soil_wa  45.000    14022002 -0.0000000E+000  0.5747500E+003  0.1003479E+001
010112002soil_wa  46.000    15022002 -0.0000000E+000  0.5747500E+003  0.1003479E+001
010112002soil_wa  47.000    16022002 -0.0000000E+000  0.5747500E+003  0.1003479E+001
010112002soil_wa  48.000    17022002 -0.0000000E+000  0.5747500E+003  0.1003479E+001
