    DOY     DATE    TRANSPN         WTR_STRESS      OXY_STRESS      
   1.000    01012001 -0.00000000E+00  0.00000000E+00  0.00000000E+00
   2.000    02012001 -0.00000000E+00  0.00000000E+00  0.00000000E+00
   3.000    03012001 -0.00000000E+00  0.00000000E+00  0.00000000E+00
   4.000    04012001 -0.00000000E+00  0.00000000E+00  0.00000000E+00
   5.000    05012001 -0.00000000E+00  0.00000000E+00  0.00000000E+00
   6.000    06012001 -0.00000000E+00  0.00000000E+00  0.00000000E+00
   7.000    07012001 -0.00000000E+00  0.00000000E+00  0.00000000E+00
   8.000    08012001 -0.00000000E+00  0.00000000E+00  0.00000000E+00
   9.000    09012001 -0.00000000E+00  0.00000000E+00  0.00000000E+00
  10.000    10012001 -0.00000000E+00  0.00000000E+00  0.00000000E+00
  11.000    11012001 -0.00000000E+00  0.00000000E+00  0.00000000E+00
  12.000    12012001 -0.00000000E+00  0.00000000E+00  0.00000000E+00
  13.000    13012001 -0.00000000E+00  0.00000000E+00  0.00000000E+00
  14.000    14012001 -0.00000000E+00  0.00000000E+00  0.00000000E+00
  15.000    15012001 -0.00000000E+00  0.00000000E+00  0.00000000E+00
  16.000    16012001 -0.00000000E+00  0.00000000E+00  0.00000000E+00
  17.000    17012001 -0.00000000E+00  0.00000000E+00  0.00000000E+00
  18.000    18012001 -0.00000000E+00  0.00000000E+00  0.00000000E+00
  19.000    19012001 -0.00000000E+00  0.00000000E+00  0.00000000E+00
  20.000    20012001 -0.00000000E+00  0.00000000E+00  0.00000000E+00
  21.000    21012001 -0.00000000E+00  0.00000000E+00  0.00000000E+00
  22.000    22012001 -0.00000000E+00  0.00000000E+00  0.00000000E+00
  23.000    23012001 -0.00000000E+00  0.00000000E+00  0.00000000E+00
  24.000    24012001 -0.00000000E+00  0.00000000E+00  0.00000000E+00
  25.000    25012001 -0.00000000E+00  0.00000000E+00  0.00000000E+00
  26.000    26012001 -0.00000000E+00  0.00000000E+00  0.00000000E+00
  27.000    27012001 -0.00000000E+00  0.00000000E+00  0.00000000E+00
  28.000    28012001 -0.00000000E+00  0.00000000E+00  0.00000000E+00
  29.000    29012001 -0.00000000E+00  0.00000000E+00  0.00000000E+00
  30.000    30012001 -0.00000000E+00  0.00000000E+00  0.00000000E+00
  31.000    31012001 -0.00000000E+00  0.00000000E+00  0.00000000E+00
  32.000    01022001 -0.00000000E+00  0.00000000E+00  0.00000000E+00
  33.000    02022001 -0.00000000E+00  0.00000000E+00  0.00000000E+00
  34.000    03022001 -0.00000000E+00  0.00000000E+00  0.00000000E+00
  35.000    04022001 -0.00000000E+00  0.00000000E+00  0.00000000E+00
  36.000    05022001 -0.00000000E+00  0.00000000E+00  0.00000000E+00
  37.000    06022001 -0.00000000E+00  0.00000000E+00  0.00000000E+00
  38.000    07022001 -0.00000000E+00  0.00000000E+00  0.00000000E+00
  39.000    08022001 -0.00000000E+00  0.00000000E+00  0.00000000E+00
  40.000    09022001 -0.00000000E+00  0.00000000E+00  0.00000000E+00
  41.000    10022001 -0.00000000E+00  0.00000000E+00  0.00000000E+00
  42.000    11022001 -0.00000000E+00  0.00000000E+00  0.00000000E+00
  43.000    12022001 -0.00000000E+00  0.00000000E+00  0.00000000E+00
  44.000    13022001 -0.00000000E+00  0.00000000E+00  0.00000000E+00
  45.000    14022001 -0.00000000E+00  0.00000000E+00  0.00000000E+00
  46.000    15022001 -0.00000000E+00  0.00000000E+00  0.00000000E+00
  47.000    16022001 -0.00000000E+00  0.00000000E+00  0.00000000E+00
  48.000    17022001 -0.00000000E+00  0.00000000E+00  0.00000000E+00
  49.000    18022001 -0.00000000E+00  0.00000000E+00  0.00000000E+00
  50.000    19022001 -0.00000000E+00  0.00000000E+00  0.00000000E+00
  51.000    20022001 -0.00000000E+00  0.00000000E+00  0.00000000E+00
  52.000    21022001 -0.00000000E+00  0.00000000E+00  0.00000000E+00
  53.000    22022001 -0.00000000E+00  0.00000000E+00  0.00000000E+00
  54.000    23022001 -0.00000000E+00  0.00000000E+00  0.00000000E+00
  55.000    24022001 -0.00000000E+00  0.00000000E+00  0.00000000E+00
  56.000    25022001 -0.00000000E+00  0.00000000E+00  0.00000000E+00
  57.000    26022001 -0.00000000E+00  0.00000000E+00  0.00000000E+00
  58.000    27022001 -0.00000000E+00  0.00000000E+00  0.00000000E+00
  59.000    28022001 -0.00000000E+00  0.00000000E+00  0.00000000E+00
  60.000    01032001 -0.00000000E+00  0.00000000E+00  0.00000000E+00
  61.000    02032001 -0.00000000E+00  0.00000000E+00  0.00000000E+00
  62.000    03032001 -0.00000000E+00  0.00000000E+00  0.00000000E+00
  63.000    04032001 -0.00000000E+00  0.00000000E+00  0.00000000E+00
  64.000    05032001 -0.00000000E+00  0.00000000E+00  0.00000000E+00
  65.000    06032001 -0.00000000E+00  0.00000000E+00  0.00000000E+00
  66.000    07032001 -0.00000000E+00  0.00000000E+00  0.00000000E+00
  67.000    08032001 -0.00000000E+00  0.00000000E+00  0.00000000E+00
  68.000    09032001 -0.00000000E+00  0.00000000E+00  0.00000000E+00
  69.000    10032001 -0.00000000E+00  0.00000000E+00  0.00000000E+00
  70.000    11032001 -0.00000000E+00  0.00000000E+00  0.00000000E+00
  71.000    12032001 -0.00000000E+00  0.00000000E+00  0.00000000E+00
  72.000    13032001 -0.00000000E+00  0.00000000E+00  0.00000000E+00
  73.000    14032001 -0.00000000E+00  0.00000000E+00  0.00000000E+00
  74.000    15032001 -0.00000000E+00  0.00000000E+00  0.00000000E+00
  75.000    16032001 -0.00000000E+00  0.00000000E+00  0.00000000E+00
  76.000    17032001 -0.00000000E+00  0.00000000E+00  0.00000000E+00
  77.000    18032001 -0.00000000E+00  0.00000000E+00  0.00000000E+00
  78.000    19032001 -0.00000000E+00  0.00000000E+00  0.00000000E+00
  79.000    20032001 -0.00000000E+00  0.00000000E+00  0.00000000E+00
  80.000    21032001 -0.00000000E+00  0.00000000E+00  0.00000000E+00
  81.000    22032001 -0.00000000E+00  0.00000000E+00  0.00000000E+00
  82.000    23032001 -0.00000000E+00  0.00000000E+00  0.00000000E+00
  83.000    24032001 -0.00000000E+00  0.00000000E+00  0.00000000E+00
  84.000    25032001 -0.00000000E+00  0.00000000E+00  0.00000000E+00
  85.000    26032001 -0.00000000E+00  0.00000000E+00  0.00000000E+00
  86.000    27032001 -0.00000000E+00  0.00000000E+00  0.00000000E+00
  87.000    28032001 -0.00000000E+00  0.00000000E+00  0.00000000E+00
  88.000    29032001 -0.00000000E+00  0.00000000E+00  0.00000000E+00
  89.000    30032001 -0.00000000E+00  0.00000000E+00  0.00000000E+00
  90.000    31032001 -0.00000000E+00  0.00000000E+00  0.00000000E+00
  91.000    01042001 -0.00000000E+00  0.00000000E+00  0.00000000E+00
  92.000    02042001 -0.00000000E+00  0.00000000E+00  0.00000000E+00
  93.000    03042001 -0.00000000E+00  0.00000000E+00  0.00000000E+00
  94.000    04042001 -0.00000000E+00  0.00000000E+00  0.00000000E+00
  95.000    05042001 -0.00000000E+00  0.00000000E+00  0.00000000E+00
  96.000    06042001 -0.00000000E+00  0.00000000E+00  0.00000000E+00
  97.000    07042001 -0.00000000E+00  0.00000000E+00  0.00000000E+00
  98.000    08042001 -0.00000000E+00  0.00000000E+00  0.00000000E+00
  99.000    09042001 -0.00000000E+00  0.00000000E+00  0.00000000E+00
 100.000    10042001 -0.00000000E+00  0.00000000E+00  0.00000000E+00
 101.000    11042001 -0.00000000E+00  0.00000000E+00  0.00000000E+00
 102.000    12042001 -0.00000000E+00  0.00000000E+00  0.00000000E+00
 103.000    13042001 -0.00000000E+00  0.00000000E+00  0.00000000E+00
 104.000    14042001 -0.00000000E+00  0.00000000E+00  0.00000000E+00
 105.000    15042001 -0.00000000E+00  0.00000000E+00  0.00000000E+00
 106.000    16042001 -0.00000000E+00  0.00000000E+00  0.00000000E+00
 107.000    17042001 -0.00000000E+00  0.00000000E+00  0.00000000E+00
 108.000    18042001 -0.00000000E+00  0.00000000E+00  0.00000000E+00
 109.000    19042001 -0.00000000E+00  0.00000000E+00  0.00000000E+00
 110.000    20042001 -0.00000000E+00  0.00000000E+00  0.00000000E+00
 111.000    21042001 -0.00000000E+00  0.00000000E+00  0.00000000E+00
 112.000    22042001 -0.00000000E+00  0.00000000E+00  0.00000000E+00
 113.000    23042001 -0.00000000E+00  0.00000000E+00  0.00000000E+00
 114.000    24042001 -0.00000000E+00  0.00000000E+00  0.00000000E+00
 115.000    25042001 -0.00000000E+00  0.00000000E+00  0.00000000E+00
 116.000    26042001 -0.00000000E+00  0.00000000E+00  0.00000000E+00
 117.000    27042001 -0.00000000E+00  0.00000000E+00  0.00000000E+00
 118.000    28042001 -0.00000000E+00  0.00000000E+00  0.00000000E+00
 119.000    29042001 -0.00000000E+00  0.00000000E+00  0.00000000E+00
 120.000    30042001 -0.00000000E+00  0.00000000E+00  0.00000000E+00
 121.000    01052001 -0.00000000E+00  0.00000000E+00  0.00000000E+00
 122.000    02052001 -0.00000000E+00  0.00000000E+00  0.00000000E+00
 123.000    03052001 -0.00000000E+00  0.00000000E+00  0.00000000E+00
 124.000    04052001 -0.00000000E+00  0.00000000E+00  0.00000000E+00
 125.000    05052001 -0.00000000E+00  0.00000000E+00  0.00000000E+00
 126.000    06052001 -0.00000000E+00  0.00000000E+00  0.00000000E+00
 127.000    07052001 -0.00000000E+00  0.00000000E+00  0.00000000E+00
 128.000    08052001 -0.00000000E+00  0.00000000E+00  0.00000000E+00
 129.000    09052001 -0.00000000E+00  0.00000000E+00  0.00000000E+00
 130.000    10052001 -0.00000000E+00  0.00000000E+00  0.00000000E+00
 131.000    11052001 -0.00000000E+00  0.00000000E+00  0.00000000E+00
 132.000    12052001 -0.00000000E+00  0.00000000E+00  0.00000000E+00
 133.000    13052001 -0.00000000E+00  0.00000000E+00  0.00000000E+00
 134.000    14052001 -0.00000000E+00  0.00000000E+00  0.19191161E-01
 135.000    15052001 -0.00000000E+00  0.00000000E+00  0.24066869E-01
 136.000    16052001 -0.00000000E+00  0.00000000E+00  0.36090851E-01
 137.000    17052001 -0.00000000E+00  0.00000000E+00  0.55958651E-01
 138.000    18052001 -0.00000000E+00  0.00000000E+00  0.10042990E+00
 139.000    19052001  0.30085521E-04  0.00000000E+00  0.11513470E+00
 140.000    20052001  0.10494550E-01  0.00000000E+00  0.16780379E+00
 141.000    21052001  0.11134010E-01  0.00000000E+00  0.29971331E+00
 142.000    22052001  0.13295120E-01  0.00000000E+00  0.33649179E+00
 143.000    23052001  0.29030200E-01  0.00000000E+00  0.46166989E+00
 144.000    24052001  0.36544319E-01  0.00000000E+00  0.43708730E+00
 145.000    25052001  0.40360469E-01  0.00000000E+00  0.33539009E+00
 146.000    26052001  0.41251589E-01  0.00000000E+00  0.28439540E+00
 147.000    27052001  0.41251589E-01  0.00000000E+00  0.24690241E+00
 148.000    28052001  0.41251589E-01  0.00000000E+00  0.23421390E+00
 149.000    29052001  0.42095169E-01  0.00000000E+00  0.26692769E+00
 150.000    30052001  0.13507280E+00  0.00000000E+00  0.41434410E+00
 151.000    31052001  0.17948000E+00  0.00000000E+00  0.52293551E+00
 152.000    01062001  0.25269070E+00  0.00000000E+00  0.41710281E+00
 153.000    02062001  0.32873851E+00  0.00000000E+00  0.31020951E+00
 154.000    03062001  0.40143621E+00  0.00000000E+00  0.41465390E+00
 155.000    04062001  0.43942639E+00  0.00000000E+00  0.45394501E+00
 156.000    05062001  0.50083858E+00  0.00000000E+00  0.49404550E+00
 157.000    06062001  0.55319941E+00  0.00000000E+00  0.45081270E+00
 158.000    07062001  0.71191609E+00  0.00000000E+00  0.36260229E+00
 159.000    08062001  0.92542988E+00  0.00000000E+00  0.33374840E+00
 160.000    09062001  0.12066280E+01  0.00000000E+00  0.32110560E+00
 161.000    10062001  0.15766940E+01  0.00000000E+00  0.35014901E+00
 162.000    11062001  0.20351980E+01  0.75000000E+00  0.32986560E+00
 163.000    12062001  0.24802301E+01  0.75000000E+00  0.40004501E+00
 164.000    13062001  0.29036880E+01  0.75000000E+00  0.48607001E+00
 165.000    14062001  0.32116461E+01  0.75000000E+00  0.65191638E+00
 166.000    15062001  0.37347829E+01  0.75000000E+00  0.58954298E+00
 167.000    16062001  0.43898201E+01  0.75000000E+00  0.56956530E+00
 168.000    17062001  0.50631990E+01  0.75000000E+00  0.50457042E+00
 169.000    18062001  0.60760732E+01  0.77500000E+01  0.66183519E+00
 170.000    19062001  0.65763998E+01  0.77500000E+01  0.84787989E+00
 171.000    20062001  0.71494088E+01  0.77500000E+01  0.86986691E+00
 172.000    21062001  0.80632706E+01  0.77500000E+01  0.83385909E+00
 173.000    22062001  0.90252934E+01  0.77500000E+01  0.85341960E+00
 174.000    23062001  0.10249080E+02  0.77500000E+01  0.84902471E+00
 175.000    24062001  0.11763440E+02  0.15250000E+02  0.88574249E+00
 176.000    25062001  0.13524880E+02  0.22750000E+02  0.82006228E+00
 177.000    26062001  0.14918560E+02  0.22750000E+02  0.96309751E+00
 178.000    27062001  0.16734961E+02  0.29250000E+02  0.96562529E+00
 179.000    28062001  0.18673571E+02  0.34500000E+02  0.96493542E+00
 180.000    29062001  0.20829439E+02  0.42250000E+02  0.96971011E+00
 181.000    30062001  0.23126249E+02  0.48750000E+02  0.96567732E+00
 182.000    01072001  0.24453150E+02  0.48750000E+02  0.96544492E+00
 183.000    02072001  0.26581820E+02  0.54250000E+02  0.85535812E+00
 184.000    03072001  0.29927490E+02  0.54250000E+02  0.96664870E+00
 185.000    04072001  0.33070808E+02  0.59250000E+02  0.97784358E+00
 186.000    05072001  0.36212429E+02  0.61750000E+02  0.98219651E+00
 187.000    06072001  0.39605511E+02  0.68250000E+02  0.92499763E+00
 188.000    07072001  0.42758999E+02  0.74500000E+02  0.87127471E+00
 189.000    08072001  0.45193470E+02  0.78750000E+02  0.98380709E+00
 190.000    09072001  0.47752171E+02  0.88250000E+02  0.93101472E+00
 191.000    10072001  0.49597618E+02  0.92500000E+02  0.98981708E+00
 192.000    11072001  0.51565460E+02  0.93750000E+02  0.98803788E+00
 193.000    12072001  0.53611160E+02  0.10375000E+03  0.95643258E+00
 194.000    13072001  0.55529072E+02  0.11475000E+03  0.94463837E+00
 195.000    14072001  0.57229988E+02  0.12650000E+03  0.93509799E+00
 196.000    15072001  0.58492130E+02  0.13800000E+03  0.99122268E+00
 197.000    16072001  0.60099010E+02  0.15025000E+03  0.89067662E+00
 198.000    17072001  0.62025311E+02  0.16225000E+03  0.99066973E+00
 199.000    18072001  0.63536610E+02  0.17425000E+03  0.99075830E+00
 200.000    19072001  0.65419189E+02  0.18400000E+03  0.94158089E+00
 201.000    20072001  0.66992691E+02  0.19600000E+03  0.99084842E+00
 202.000    21072001  0.68740547E+02  0.20875000E+03  0.90663087E+00
 203.000    22072001  0.70529900E+02  0.22125000E+03  0.88264090E+00
 204.000    23072001  0.72436073E+02  0.23200000E+03  0.99086320E+00
 205.000    24072001  0.73696373E+02  0.24125000E+03  0.99072868E+00
 206.000    25072001  0.74674858E+02  0.24925000E+03  0.97547722E+00
 207.000    26072001  0.75611313E+02  0.25425000E+03  0.97748160E+00
 208.000    27072001  0.77240807E+02  0.25950000E+03  0.99092281E+00
 209.000    28072001  0.79027092E+02  0.27025000E+03  0.98408282E+00
 210.000    29072001  0.80815483E+02  0.28150000E+03  0.89138770E+00
 211.000    30072001  0.82717407E+02  0.29350000E+03  0.98461848E+00
 212.000    31072001  0.84615318E+02  0.30600000E+03  0.98385751E+00
 213.000    01082001  0.86451660E+02  0.31825000E+03  0.88802522E+00
 214.000    02082001  0.88162727E+02  0.33050000E+03  0.90268081E+00
 215.000    03082001  0.89788673E+02  0.34225000E+03  0.97524577E+00
 216.000    04082001  0.91614883E+02  0.35425000E+03  0.89056122E+00
 217.000    05082001  0.93438530E+02  0.36625000E+03  0.98949051E+00
 218.000    06082001  0.95193764E+02  0.37825000E+03  0.99022132E+00
 219.000    07082001  0.96932838E+02  0.39000000E+03  0.93075001E+00
 220.000    08082001  0.98659973E+02  0.40150000E+03  0.99098778E+00
 221.000    09082001  0.10012440E+03  0.41300000E+03  0.99154389E+00
 222.000    10082001  0.10157940E+03  0.42400000E+03  0.98979962E+00
 223.000    11082001  0.10313170E+03  0.43525000E+03  0.99183261E+00
 224.000    12082001  0.10456950E+03  0.44650000E+03  0.99249512E+00
 225.000    13082001  0.10611380E+03  0.45750000E+03  0.99248612E+00
 226.000    14082001  0.10736240E+03  0.46575000E+03  0.99266291E+00
 227.000    15082001  0.10919130E+03  0.46575000E+03  0.99123019E+00
 228.000    16082001  0.11291710E+03  0.46575000E+03  0.99267977E+00
 229.000    17082001  0.11643020E+03  0.46575000E+03  0.98880303E+00
 230.000    18082001  0.12000540E+03  0.46575000E+03  0.99020362E+00
 231.000    19082001  0.12335930E+03  0.46575000E+03  0.99227852E+00
 232.000    20082001  0.12661580E+03  0.46575000E+03  0.98936349E+00
 233.000    21082001  0.13031351E+03  0.47325000E+03  0.99189079E+00
 234.000    22082001  0.13278560E+03  0.48075000E+03  0.99052751E+00
 235.000    23082001  0.13481931E+03  0.48975000E+03  0.98954922E+00
 236.000    24082001  0.13690581E+03  0.48975000E+03  0.93703377E+00
 237.000    25082001  0.13931500E+03  0.48975000E+03  0.99184811E+00
 238.000    26082001  0.14279260E+03  0.48975000E+03  0.99192822E+00
 239.000    27082001  0.14597510E+03  0.49025000E+03  0.99274522E+00
 240.000    28082001  0.14896710E+03  0.49625000E+03  0.99216068E+00
 241.000    29082001  0.15172610E+03  0.50475000E+03  0.99197692E+00
 242.000    30082001  0.15467790E+03  0.50500000E+03  0.99254233E+00
 243.000    31082001  0.15692149E+03  0.51300000E+03  0.99274999E+00
 244.000    01092001  0.15870000E+03  0.52225000E+03  0.99229789E+00
 245.000    02092001  0.16039110E+03  0.53275000E+03  0.99123639E+00
 246.000    03092001  0.16199690E+03  0.54375000E+03  0.98895800E+00
 247.000    04092001  0.16348940E+03  0.55475000E+03  0.98914921E+00
 248.000    05092001  0.16477609E+03  0.56575000E+03  0.98703390E+00
 249.000    06092001  0.16603130E+03  0.57475000E+03  0.99182290E+00
 250.000    07092001  0.16797670E+03  0.57475000E+03  0.97339749E+00
 251.000    08092001  0.17034711E+03  0.57475000E+03  0.98438549E+00
 252.000    09092001  0.17303951E+03  0.57475000E+03  0.99221730E+00
 253.000    10092001  0.17605490E+03  0.57475000E+03  0.99281383E+00
 254.000    11092001  0.17925790E+03  0.57475000E+03  0.99224192E+00
 255.000    12092001  0.18213879E+03  0.57475000E+03  0.99244738E+00
 256.000    13092001  0.18388789E+03  0.57475000E+03  0.99135017E+00
 257.000    14092001  0.18484010E+03  0.57475000E+03  0.99691057E+00
 258.000    15092001  0.18569431E+03  0.57475000E+03  0.98579192E+00
 259.000    16092001  0.18648590E+03  0.57475000E+03  0.10032880E+01
 260.000    17092001  0.18797940E+03  0.57475000E+03  0.99411660E+00
 261.000    18092001  0.18885609E+03  0.57475000E+03  0.99095279E+00
 262.000    19092001  0.18976669E+03  0.57475000E+03  0.98856533E+00
 263.000    20092001  0.19069270E+03  0.57475000E+03  0.99331272E+00
 264.000    21092001  0.19145160E+03  0.57475000E+03  0.99234712E+00
 265.000    22092001  0.19256261E+03  0.57475000E+03  0.98840868E+00
 266.000    23092001  0.19265140E+03  0.57475000E+03  0.99581492E+00
 267.000    24092001  0.19278419E+03  0.57475000E+03  0.99575359E+00
 268.000    25092001  0.19291850E+03  0.57475000E+03  0.10003000E+01
 269.000    26092001  0.19310220E+03  0.57475000E+03  0.99611968E+00
 270.000    27092001  0.19332590E+03  0.57475000E+03  0.98718047E+00
 271.000    28092001  0.19356190E+03  0.57475000E+03  0.96309757E+00
 272.000    29092001  0.19374240E+03  0.57475000E+03  0.99390572E+00
 273.000    30092001  0.19396001E+03  0.57475000E+03  0.98319203E+00
 274.000    01102001  0.19424690E+03  0.57475000E+03  0.98662472E+00
 275.000    02102001  0.19459810E+03  0.57475000E+03  0.99491662E+00
 276.000    03102001  0.19477890E+03  0.57475000E+03  0.99799222E+00
 277.000    04102001  0.19513420E+03  0.57475000E+03  0.99309063E+00
 278.000    05102001  0.19569411E+03  0.57475000E+03  0.98668402E+00
 279.000    06102001  0.19583720E+03  0.57475000E+03  0.98309928E+00
 280.000    07102001  0.19602510E+03  0.57475000E+03  0.99785292E+00
 281.000    08102001  0.19621651E+03  0.57475000E+03  0.99145877E+00
 282.000    09102001  0.19713870E+03  0.57475000E+03  0.99207872E+00
 283.000    10102001  0.19789639E+03  0.57475000E+03  0.99281943E+00
 284.000    11102001  0.19803461E+03  0.57475000E+03  0.10006020E+01
 285.000    12102001  0.19806190E+03  0.57475000E+03  0.99610841E+00
 286.000    13102001  0.19882120E+03  0.57475000E+03  0.99046677E+00
 287.000    14102001  0.19891879E+03  0.57475000E+03  0.98557758E+00
 288.000    15102001  0.19896001E+03  0.57475000E+03  0.99909782E+00
 289.000    16102001  0.19903529E+03  0.57475000E+03  0.99124467E+00
 290.000    17102001  0.19919299E+03  0.57475000E+03  0.99102390E+00
 291.000    18102001  0.19926750E+03  0.57475000E+03  0.10131150E+01
 292.000    19102001  0.19936430E+03  0.57475000E+03  0.98940229E+00
 293.000    20102001  0.19951700E+03  0.57475000E+03  0.10052650E+01
 294.000    21102001  0.19966119E+03  0.57475000E+03  0.10023420E+01
 295.000    22102001  0.19999809E+03  0.57475000E+03  0.98818469E+00
 296.000    23102001  0.20052940E+03  0.57475000E+03  0.10043440E+01
 297.000    24102001  0.20084550E+03  0.57475000E+03  0.99042529E+00
 298.000    25102001  0.20089951E+03  0.57475000E+03  0.98205549E+00
 299.000    26102001  0.20091090E+03  0.57475000E+03  0.99016958E+00
 300.000    27102001  0.20101311E+03  0.57475000E+03  0.97789258E+00
 301.000    28102001  0.20116440E+03  0.57475000E+03  0.97340918E+00
 302.000    29102001  0.20118610E+03  0.57475000E+03  0.85584801E+00
 303.000    30102001  0.20123950E+03  0.57475000E+03  0.10034790E+01
 304.000    31102001  0.20123950E+03  0.57475000E+03  0.10034790E+01
 305.000    01112001  0.20123950E+03  0.57475000E+03  0.10034790E+01
 306.000    02112001  0.20123950E+03  0.57475000E+03  0.10034790E+01
 307.000    03112001  0.20123950E+03  0.57475000E+03  0.10034790E+01
 308.000    04112001  0.20123950E+03  0.57475000E+03  0.10034790E+01
 309.000    05112001  0.20123950E+03  0.57475000E+03  0.10034790E+01
 310.000    06112001  0.20123950E+03  0.57475000E+03  0.10034790E+01
 311.000    07112001  0.20123950E+03  0.57475000E+03  0.10034790E+01
 312.000    08112001  0.20123950E+03  0.57475000E+03  0.10034790E+01
 313.000    09112001  0.20123950E+03  0.57475000E+03  0.10034790E+01
 314.000    10112001  0.20123950E+03  0.57475000E+03  0.10034790E+01
 315.000    11112001  0.20123950E+03  0.57475000E+03  0.10034790E+01
 316.000    12112001  0.20123950E+03  0.57475000E+03  0.10034790E+01
 317.000    13112001  0.20123950E+03  0.57475000E+03  0.10034790E+01
 318.000    14112001  0.20123950E+03  0.57475000E+03  0.10034790E+01
 319.000    15112001  0.20123950E+03  0.57475000E+03  0.10034790E+01
 320.000    16112001  0.20123950E+03  0.57475000E+03  0.10034790E+01
 321.000    17112001  0.20123950E+03  0.57475000E+03  0.10034790E+01
 322.000    18112001  0.20123950E+03  0.57475000E+03  0.10034790E+01
 323.000    19112001  0.20123950E+03  0.57475000E+03  0.10034790E+01
 324.000    20112001  0.20123950E+03  0.57475000E+03  0.10034790E+01
 325.000    21112001  0.20123950E+03  0.57475000E+03  0.10034790E+01
 326.000    22112001  0.20123950E+03  0.57475000E+03  0.10034790E+01
 327.000    23112001  0.20123950E+03  0.57475000E+03  0.10034790E+01
 328.000    24112001  0.20123950E+03  0.57475000E+03  0.10034790E+01
 329.000    25112001  0.20123950E+03  0.57475000E+03  0.10034790E+01
 330.000    26112001  0.20123950E+03  0.57475000E+03  0.10034790E+01
 331.000    27112001  0.20123950E+03  0.57475000E+03  0.10034790E+01
 332.000    28112001  0.20123950E+03  0.57475000E+03  0.10034790E+01
 333.000    29112001  0.20123950E+03  0.57475000E+03  0.10034790E+01
 334.000    30112001  0.20123950E+03  0.57475000E+03  0.10034790E+01
 335.000    01122001  0.20123950E+03  0.57475000E+03  0.10034790E+01
 336.000    02122001  0.20123950E+03  0.57475000E+03  0.10034790E+01
 337.000    03122001  0.20123950E+03  0.57475000E+03  0.10034790E+01
 338.000    04122001  0.20123950E+03  0.57475000E+03  0.10034790E+01
 339.000    05122001  0.20123950E+03  0.57475000E+03  0.10034790E+01
 340.000    06122001  0.20123950E+03  0.57475000E+03  0.10034790E+01
 341.000    07122001  0.20123950E+03  0.57475000E+03  0.10034790E+01
 342.000    08122001  0.20123950E+03  0.57475000E+03  0.10034790E+01
 343.000    09122001  0.20123950E+03  0.57475000E+03  0.10034790E+01
 344.000    10122001  0.20123950E+03  0.57475000E+03  0.10034790E+01
 345.000    11122001  0.20123950E+03  0.57475000E+03  0.10034790E+01
 346.000    12122001  0.20123950E+03  0.57475000E+03  0.10034790E+01
 347.000    13122001  0.20123950E+03  0.57475000E+03  0.10034790E+01
 348.000    14122001  0.20123950E+03  0.57475000E+03  0.10034790E+01
 349.000    15122001  0.20123950E+03  0.57475000E+03  0.10034790E+01
 350.000    16122001  0.20123950E+03  0.57475000E+03  0.10034790E+01
 351.000    17122001  0.20123950E+03  0.57475000E+03  0.10034790E+01
 352.000    18122001  0.20123950E+03  0.57475000E+03  0.10034790E+01
 353.000    19122001  0.20123950E+03  0.57475000E+03  0.10034790E+01
 354.000    20122001  0.20123950E+03  0.57475000E+03  0.10034790E+01
 355.000    21122001  0.20123950E+03  0.57475000E+03  0.10034790E+01
 356.000    22122001  0.20123950E+03  0.57475000E+03  0.10034790E+01
 357.000    23122001  0.20123950E+03  0.57475000E+03  0.10034790E+01
 358.000    24122001  0.20123950E+03  0.57475000E+03  0.10034790E+01
 359.000    25122001  0.20123950E+03  0.57475000E+03  0.10034790E+01
 360.000    26122001  0.20123950E+03  0.57475000E+03  0.10034790E+01
 361.000    27122001  0.20123950E+03  0.57475000E+03  0.10034790E+01
 362.000    28122001  0.20123950E+03  0.57475000E+03  0.10034790E+01
 363.000    29122001  0.20123950E+03  0.57475000E+03  0.10034790E+01
 364.000    30122001  0.20123950E+03  0.57475000E+03  0.10034790E+01
 365.000    31122001  0.20123950E+03  0.57475000E+03  0.10034790E+01
