    DOY     DATE    SHOOT_P         LEAF_P          SHTH_P          STALK_P         RESERVE_P       HUSK_P          GRAIN_P         ROOT_P          NDL_P           STORED_P        UPTK_P          LITTER_P        [SOL_P]         P_STRESS        HVST_P          P_BALANCE       STG_DEAD_P      FIRE_P          SF_LIT_P        
010112001p_flux_ 134.000    14052001  0.5274011E-003  0.1436721E-004  0.2859585E-005  0.0000000E+000  0.0000000E+000  0.0000000E+000  0.0000000E+000  0.5615860E-003  0.0000000E+000  0.3952444E-002  0.8177530E-004  0.3433341E-006  0.2071601E+000  0.3513827E-002  0.0000000E+000  0.4959999E-002  0.0000000E+000  0.0000000E+000  0.0000000E+000
010112001p_flux_ 135.000    15052001  0.8786209E-003  0.8706970E-004  0.1750476E-004  0.0000000E+000  0.0000000E+000  0.0000000E+000  0.0000000E+000  0.8201972E-003  0.0000000E+000  0.3486473E-002  0.2256444E-003  0.3520585E-006  0.3550707E-001  0.3537345E-002  0.0000000E+000  0.4959999E-002  0.0000000E+000  0.0000000E+000  0.0000000E+000
010112001p_flux_ 136.000    16052001  0.1390550E-002  0.2450087E-003  0.4914309E-004  0.0000000E+000  0.0000000E+000  0.0000000E+000  0.0000000E+000  0.1125169E-002  0.0000000E+000  0.2853515E-002  0.4095979E-003  0.3620528E-006  0.1672021E-001  0.3816627E-002  0.0000000E+000  0.4959998E-002  0.0000000E+000  0.0000000E+000  0.0000000E+000
010112001p_flux_ 137.000    17052001  0.1909781E-002  0.4438802E-003  0.8865097E-004  0.0000000E+000  0.0000000E+000  0.0000000E+000  0.0000000E+000  0.1322826E-002  0.0000000E+000  0.2348881E-002  0.6218594E-003  0.3677767E-006  0.1137543E-001  0.4038707E-002  0.0000000E+000  0.4959997E-002  0.0000000E+000  0.0000000E+000  0.0000000E+000
010112001p_flux_ 138.000    18052001  0.2411844E-002  0.6565345E-003  0.1306166E-003  0.0000000E+000  0.0000000E+000  0.0000000E+000  0.0000000E+000  0.1401808E-002  0.0000000E+000  0.1971334E-002  0.8253608E-003  0.3723672E-006  0.9004529E-002  0.4222972E-002  0.0000000E+000  0.4959997E-002  0.0000000E+000  0.0000000E+000  0.0000000E+000
010112001p_flux_ 139.000    19052001  0.2897724E-002  0.8954980E-003  0.1774287E-003  0.0000000E+000  0.0000000E+000  0.0000000E+000  0.0000000E+000  0.1462159E-002  0.0000000E+000  0.1653175E-002  0.1053435E-002  0.3755371E-006  0.7424063E-002  0.4397871E-002  0.0000000E+000  0.4959998E-002  0.0000000E+000  0.0000000E+000  0.0000000E+000
010112001p_flux_ 140.000    20052001  0.3330510E-002  0.1082530E-002  0.2140000E-003  0.0000000E+000  0.0000000E+000  0.0000000E+000  0.0000000E+000  0.1463464E-002  0.0000000E+000  0.1472036E-002  0.1306392E-002  0.3799074E-006  0.6800831E-002  0.4482953E-002  0.0000000E+000  0.4959997E-002  0.0000000E+000  0.0000000E+000  0.0000000E+000
010112001p_flux_ 141.000    21052001  0.3725793E-002  0.1235333E-002  0.2438471E-003  0.0000000E+000  0.0000000E+000  0.0000000E+000  0.0000000E+000  0.1420149E-002  0.0000000E+000  0.1353361E-002  0.1539689E-002  0.3822705E-006  0.6575348E-002  0.4635230E-002  0.0000000E+000  0.4959997E-002  0.0000000E+000  0.0000000E+000  0.0000000E+000
010112001p_flux_ 142.000    22052001  0.4106038E-002  0.1422414E-002  0.2802523E-003  0.0000000E+000  0.0000000E+000  0.0000000E+000  0.0000000E+000  0.1421279E-002  0.0000000E+000  0.1223446E-002  0.1791150E-002  0.3839254E-006  0.6125578E-002  0.4639928E-002  0.0000000E+000  0.4959996E-002  0.0000000E+000  0.0000000E+000  0.0000000E+000
010112001p_flux_ 143.000    23052001  0.4439460E-002  0.1574846E-002  0.3102296E-003  0.0000000E+000  0.0000000E+000  0.0000000E+000  0.0000000E+000  0.1397016E-002  0.0000000E+000  0.1134211E-002  0.2011075E-002  0.3850022E-006  0.5879023E-002  0.4706841E-002  0.0000000E+000  0.4959997E-002  0.0000000E+000  0.0000000E+000  0.0000000E+000
010112001p_flux_ 144.000    24052001  0.4726318E-002  0.1732690E-002  0.3412986E-003  0.0000000E+000  0.0000000E+000  0.0000000E+000  0.0000000E+000  0.1403421E-002  0.0000000E+000  0.1051566E-002  0.2221692E-002  0.3857959E-006  0.5566933E-002  0.4744311E-002  0.0000000E+000  0.4959998E-002  0.0000000E+000  0.0000000E+000  0.0000000E+000
010112001p_flux_ 145.000    25052001  0.5026738E-002  0.1967634E-002  0.3878612E-003  0.0000000E+000  0.0000000E+000  0.0000000E+000  0.0000000E+000  0.1493514E-002  0.0000000E+000  0.9331738E-003  0.2493818E-002  0.3888635E-006  0.4945976E-002  0.4570335E-002  0.0000000E+000  0.4959997E-002  0.0000000E+000  0.0000000E+000  0.0000000E+000
010112001p_flux_ 146.000    26052001  0.5393807E-002  0.2242993E-002  0.4440308E-003  0.0000000E+000  0.0000000E+000  0.0000000E+000  0.0000000E+000  0.1660764E-002  0.0000000E+000  0.8051867E-003  0.2900186E-002  0.4251523E-006  0.4372522E-002  0.4361678E-002  0.0000000E+000  0.4959998E-002  0.0000000E+000  0.0000000E+000  0.0000000E+000
010112001p_flux_ 147.000    27052001  0.5834532E-002  0.2576226E-002  0.5138610E-003  0.0000000E+000  0.0000000E+000  0.0000000E+000  0.0000000E+000  0.1886914E-002  0.0000000E+000  0.6661522E-003  0.3428478E-002  0.8806221E-006  0.3835594E-002  0.4218803E-002  0.0000000E+000  0.4960000E-002  0.0000000E+000  0.0000000E+000  0.0000000E+000
010112001p_flux_ 148.000    28052001  0.6339326E-002  0.2915433E-002  0.5867535E-003  0.0000000E+000  0.0000000E+000  0.0000000E+000  0.0000000E+000  0.2119681E-002  0.0000000E+000  0.5490885E-003  0.4049521E-002  0.1425631E-005  0.3468903E-002  0.4109137E-002  0.0000000E+000  0.4959999E-002  0.0000000E+000  0.0000000E+000  0.0000000E+000
010112001p_flux_ 149.000    29052001  0.6884639E-002  0.3211926E-002  0.6523832E-003  0.0000000E+000  0.0000000E+000  0.0000000E+000  0.0000000E+000  0.2330606E-002  0.0000000E+000  0.4673632E-003  0.4724091E-002  0.1483065E-005  0.3322229E-002  0.4041390E-002  0.0000000E+000  0.4960000E-002  0.0000000E+000  0.0000000E+000  0.0000000E+000
010112001p_flux_ 150.000    30052001  0.7416107E-002  0.3408773E-002  0.6971883E-003  0.0000000E+000  0.0000000E+000  0.0000000E+000  0.0000000E+000  0.2482637E-002  0.0000000E+000  0.4277069E-003  0.5367940E-002  0.1488458E-005  0.3389580E-002  0.4216954E-002  0.0000000E+000  0.4959999E-002  0.0000000E+000  0.0000000E+000  0.0000000E+000
010112001p_flux_ 151.000    31052001  0.7909546E-002  0.3625013E-002  0.7453106E-003  0.0000000E+000  0.0000000E+000  0.0000000E+000  0.0000000E+000  0.2558806E-002  0.0000000E+000  0.3903787E-003  0.5900225E-002  0.1492233E-005  0.3384307E-002  0.4256954E-002  0.0000000E+000  0.4959997E-002  0.0000000E+000  0.0000000E+000  0.0000000E+000
010112001p_flux_ 152.000    01062001  0.8429335E-002  0.3971708E-002  0.8221237E-003  0.0000000E+000  0.0000000E+000  0.0000000E+000  0.0000000E+000  0.2725108E-002  0.0000000E+000  0.3333742E-003  0.6529316E-002  0.1496891E-005  0.3157313E-002  0.4006672E-002  0.0000000E+000  0.4959998E-002  0.0000000E+000  0.0000000E+000  0.0000000E+000
010112001p_flux_ 153.000    02062001  0.9010972E-002  0.4313769E-002  0.9007106E-003  0.0000000E+000  0.0000000E+000  0.0000000E+000  0.0000000E+000  0.3167500E-002  0.0000000E+000  0.2844816E-003  0.7505006E-002  0.2051574E-005  0.3015270E-002  0.3897525E-002  0.0000000E+000  0.4960000E-002  0.0000000E+000  0.0000000E+000  0.0000000E+000
010112001p_flux_ 154.000    03062001  0.9748067E-002  0.4665023E-002  0.9818651E-003  0.0000000E+000  0.0000000E+000  0.0000000E+000  0.0000000E+000  0.3690986E-002  0.0000000E+000  0.2482365E-003  0.8729345E-002  0.2057247E-005  0.2983097E-002  0.3920477E-002  0.0000000E+000  0.4960001E-002  0.0000000E+000  0.0000000E+000  0.0000000E+000
010112001p_flux_ 155.000    04062001  0.1047801E-001  0.4934371E-002  0.1044889E-002  0.0000000E+000  0.0000000E+000  0.0000000E+000  0.0000000E+000  0.3973453E-002  0.0000000E+000  0.2256762E-003  0.9719196E-002  0.2061691E-005  0.3072395E-002  0.4077142E-002  0.0000000E+000  0.4960007E-002  0.0000000E+000  0.0000000E+000  0.0000000E+000
010112001p_flux_ 156.000    05062001  0.1121970E-001  0.5302703E-002  0.1127181E-002  0.0000000E+000  0.0000000E+000  0.0000000E+000  0.0000000E+000  0.4215790E-002  0.0000000E+000  0.2016947E-003  0.1067925E-001  0.2065582E-005  0.3033266E-002  0.4146249E-002  0.0000000E+000  0.4960000E-002  0.0000000E+000  0.0000000E+000  0.0000000E+000
010112001p_flux_ 157.000    06062001  0.1199982E-001  0.5856311E-002  0.1249869E-002  0.0000000E+000  0.0000000E+000  0.0000000E+000  0.0000000E+000  0.4660648E-002  0.0000000E+000  0.1703016E-003  0.1187284E-001  0.2070361E-005  0.2801609E-002  0.3984421E-002  0.0000000E+000  0.4960004E-002  0.0000000E+000  0.0000000E+000  0.0000000E+000
010112001p_flux_ 158.000    07062001  0.1296739E-001  0.6429208E-002  0.1381171E-002  0.0000000E+000  0.0000000E+000  0.0000000E+000  0.0000000E+000  0.5427056E-002  0.0000000E+000  0.1396896E-003  0.1357633E-001  0.2189357E-005  0.2668630E-002  0.3873233E-002  0.0000000E+000  0.4959995E-002  0.0000000E+000  0.0000000E+000  0.0000000E+000
010112001p_flux_ 159.000    08062001  0.1417188E-001  0.7060676E-002  0.1527401E-002  0.0000000E+000  0.0000000E+000  0.0000000E+000  0.0000000E+000  0.6427337E-002  0.0000000E+000  0.1120602E-003  0.1576107E-001  0.9789755E-005  0.2615633E-002  0.3852704E-002  0.0000000E+000  0.4959997E-002  0.0000000E+000  0.0000000E+000  0.0000000E+000
