    DOY     DATE    GROWTH_STG      BRANCH_NO.      NODE_NO.        RUB_ACTVN       LEAF_rNC        LEAF_rPC        MIN_LWP         O2_STRESS       TEMP_STRESS     
010112001temp_ou 134.000    14052001  EMERGENCE                    1  0.5200163E-002  0.7795962E+000  0.3512149E-001  0.3513827E-002 -0.2102617E+001  0.3522257E-001  0.6879637E+000
010112001temp_ou 135.000    15052001  EMERGENCE                    1  0.6726328E-001  0.7680963E+000  0.3520753E-001  0.3537345E-002 -0.3432363E+001  0.2934538E-001  0.6664172E+000
010112001temp_ou 136.000    16052001  EMERGENCE                    1  0.1288717E+000  0.7772889E+000  0.3781752E-001  0.3816627E-002 -0.3181954E+001  0.3331385E-001  0.5960531E+000
010112001temp_ou 137.000    17052001  EMERGENCE                    1  0.1892804E+000  0.7834256E+000  0.3982285E-001  0.4038707E-002 -0.3044797E+001  0.3530437E-001  0.4812166E+000
010112001temp_ou 138.000    18052001  EMERGENCE                    1  0.2457121E+000  0.7884866E+000  0.4144187E-001  0.4222972E-002 -0.2986135E+001  0.3941799E-001  0.3652667E+000
010112001temp_ou 139.000    19052001  EMERGENCE                    1  0.3085597E+000  0.7933941E+000  0.4295804E-001  0.4397871E-002 -0.3013377E+001  0.5310077E-001  0.3590570E+000
010112001temp_ou 140.000    20052001  EMERGENCE                    1  0.3606254E+000  0.7955041E+000  0.4353388E-001  0.4482953E-002 -0.2104002E+001  0.1058504E+000  0.1677591E+000
010112001temp_ou 141.000    21052001  EMERGENCE                    1  0.4085019E+000  0.8012806E+000  0.4465270E-001  0.4635230E-002 -0.1499509E+001  0.1541396E+000  0.1022706E+000
010112001temp_ou 142.000    22052001  EMERGENCE                    1  0.4713908E+000  0.7981160E+000  0.4425270E-001  0.4639928E-002 -0.2092903E+001  0.1695978E+000  0.1144985E+000
010112001temp_ou 143.000    23052001  EMERGENCE                    1  0.5238148E+000  0.7993547E+000  0.4449077E-001  0.4706841E-002 -0.1330994E+001  0.2069865E+000  0.9096377E-001
010112001temp_ou 144.000    24052001  EMERGENCE                    1  0.5792239E+000  0.7991578E+000  0.4462730E-001  0.4744311E-002 -0.1368963E+001  0.2362957E+000  0.1971707E+000
010112001temp_ou 145.000    25052001  EMERGENCE                    1  0.6606036E+000  0.7861243E+000  0.4293714E-001  0.4570335E-002 -0.2483088E+001  0.2081356E+000  0.2712496E+000
010112001temp_ou 146.000    26052001  EMERGENCE                    1  0.7657458E+000  0.7688830E+000  0.4094441E-001  0.4361678E-002 -0.2574322E+001  0.2338982E+000  0.2825430E+000
010112001temp_ou 147.000    27052001  EMERGENCE                    1  0.8892075E+000  0.7535748E+000  0.3948280E-001  0.4218803E-002 -0.2876579E+001  0.2483527E+000  0.3995206E+000
010112001temp_ou 148.000    28052001  EMERGENCE                    1  0.1021518E+001  0.7397317E+000  0.3826335E-001  0.4109137E-002 -0.2830333E+001  0.2683456E+000  0.4263385E+000
010112001temp_ou 149.000    29052001  EMERGENCE                    1  0.1143780E+001  0.7307441E+000  0.3744798E-001  0.4041390E-002 -0.2559920E+001  0.3217893E+000  0.4710720E+000
010112001temp_ou 150.000    30052001  EMERGENCE                    1  0.1221034E+001  0.7463496E+000  0.3884391E-001  0.4216954E-002 -0.1777655E+000  0.3883547E+000  0.2187226E+000
010112001temp_ou 151.000    31052001  EMERGENCE                    1  0.1312941E+001  0.7493202E+000  0.3910513E-001  0.4256954E-002 -0.6582538E+000  0.4704812E+000  0.1140222E+000
010112001temp_ou 152.000    01062001  EMERGENCE                    1  0.1446815E+001  0.7261301E+000  0.3682913E-001  0.4006672E-002 -0.2212245E+001  0.4924666E+000  0.2226786E+000
010112001temp_ou 153.000    02062001  EMERGENCE                    1  0.1599039E+001  0.7159457E+000  0.3599352E-001  0.3897525E-002 -0.2616065E+001  0.4575403E+000  0.3594472E+000
010112001temp_ou 154.000    03062001  EMERGENCE                    1  0.1713362E+001  0.7183089E+000  0.3613373E-001  0.3920477E-002 -0.1439737E+001  0.5465345E+000  0.3077404E+000
010112001temp_ou 155.000    04062001  EMERGENCE                    1  0.1816015E+001  0.7349141E+000  0.3757614E-001  0.4077142E-002 -0.7425778E+000  0.4349162E+000  0.2357085E+000
010112001temp_ou 156.000    05062001  EMERGENCE                    1  0.1928208E+001  0.7420499E+000  0.3825153E-001  0.4146249E-002 -0.3178377E+000  0.5318152E+000  0.2190795E+000
