    DOY     DATE    SHOOT_P         LEAF_P          SHTH_P          STALK_P         RESERVE_P       HUSK_P          GRAIN_P         ROOT_P          NDL_P           STORED_P        UPTK_P          LITTER_P        [SOL_P]         P_STRESS        HVST_P          P_BALANCE       STG_DEAD_P      FIRE_P_LOSS     SF_LIT_P        
010112002p_flux_   1.000    01012002  0.9979849E-006  0.7038470E-006  0.9081850E-007  0.0000000E+000  0.0000000E+000  0.0000000E+000  0.0000000E+000  0.0000000E+000  0.0000000E+000  0.0000000E+000  0.0000000E+000  0.0000000E+000  0.2192282E-002  0.0000000E+000  0.0000000E+000  0.4957557E-002  0.0000000E+000  0.0000000E+000  0.0000000E+000
010112002p_flux_   2.000    02012002  0.9979849E-006  0.7038470E-006  0.9081850E-007  0.0000000E+000  0.0000000E+000  0.0000000E+000  0.0000000E+000  0.0000000E+000  0.0000000E+000  0.0000000E+000  0.0000000E+000  0.0000000E+000  0.2192282E-002  0.0000000E+000  0.0000000E+000  0.4957557E-002  0.0000000E+000  0.0000000E+000  0.0000000E+000
010112002p_flux_   3.000    03012002  0.9979849E-006  0.7038470E-006  0.9081850E-007  0.0000000E+000  0.0000000E+000  0.0000000E+000  0.0000000E+000  0.0000000E+000  0.0000000E+000  0.0000000E+000  0.0000000E+000  0.0000000E+000  0.2192282E-002  0.0000000E+000  0.0000000E+000  0.4957557E-002  0.0000000E+000  0.0000000E+000  0.0000000E+000
010112002p_flux_   4.000    04012002  0.9979849E-006  0.7038470E-006  0.9081850E-007  0.0000000E+000  0.0000000E+000  0.0000000E+000  0.0000000E+000  0.0000000E+000  0.0000000E+000  0.0000000E+000  0.0000000E+000  0.0000000E+000  0.2192282E-002  0.0000000E+000  0.0000000E+000  0.4957557E-002  0.0000000E+000  0.0000000E+000  0.0000000E+000
010112002p_flux_   5.000    05012002  0.9979849E-006  0.7038470E-006  0.9081850E-007  0.0000000E+000  0.0000000E+000  0.0000000E+000  0.0000000E+000  0.0000000E+000  0.0000000E+000  0.0000000E+000  0.0000000E+000  0.0000000E+000  0.2192282E-002  0.0000000E+000  0.0000000E+000  0.4957557E-002  0.0000000E+000  0.0000000E+000  0.0000000E+000
010112002p_flux_   6.000    06012002  0.9979849E-006  0.7038470E-006  0.9081850E-007  0.0000000E+000  0.0000000E+000  0.0000000E+000  0.0000000E+000  0.0000000E+000  0.0000000E+000  0.0000000E+000  0.0000000E+000  0.0000000E+000  0.2192282E-002  0.0000000E+000  0.0000000E+000  0.4957557E-002  0.0000000E+000  0.0000000E+000  0.0000000E+000
010112002p_flux_   7.000    07012002  0.9979849E-006  0.7038470E-006  0.9081850E-007  0.0000000E+000  0.0000000E+000  0.0000000E+000  0.0000000E+000  0.0000000E+000  0.0000000E+000  0.0000000E+000  0.0000000E+000  0.0000000E+000  0.2192282E-002  0.0000000E+000  0.0000000E+000  0.4957557E-002  0.0000000E+000  0.0000000E+000  0.0000000E+000
010112002p_flux_   8.000    08012002  0.9979849E-006  0.7038470E-006  0.9081850E-007  0.0000000E+000  0.0000000E+000  0.0000000E+000  0.0000000E+000  0.0000000E+000  0.0000000E+000  0.0000000E+000  0.0000000E+000  0.0000000E+000  0.2192282E-002  0.0000000E+000  0.0000000E+000  0.4957557E-002  0.0000000E+000  0.0000000E+000  0.0000000E+000
010112002p_flux_   9.000    09012002  0.9979849E-006  0.7038470E-006  0.9081850E-007  0.0000000E+000  0.0000000E+000  0.0000000E+000  0.0000000E+000  0.0000000E+000  0.0000000E+000  0.0000000E+000  0.0000000E+000  0.0000000E+000  0.2192282E-002  0.0000000E+000  0.0000000E+000  0.4957557E-002  0.0000000E+000  0.0000000E+000  0.0000000E+000
010112002p_flux_  10.000    10012002  0.9979849E-006  0.7038470E-006  0.9081850E-007  0.0000000E+000  0.0000000E+000  0.0000000E+000  0.0000000E+000  0.0000000E+000  0.0000000E+000  0.0000000E+000  0.0000000E+000  0.0000000E+000  0.2192282E-002  0.0000000E+000  0.0000000E+000  0.4957557E-002  0.0000000E+000  0.0000000E+000  0.0000000E+000
010112002p_flux_  11.000    11012002  0.9979849E-006  0.7038470E-006  0.9081850E-007  0.0000000E+000  0.0000000E+000  0.0000000E+000  0.0000000E+000  0.0000000E+000  0.0000000E+000  0.0000000E+000  0.0000000E+000  0.0000000E+000  0.2192282E-002  0.0000000E+000  0.0000000E+000  0.4957557E-002  0.0000000E+000  0.0000000E+000  0.0000000E+000
010112002p_flux_  12.000    12012002  0.9979849E-006  0.7038470E-006  0.9081850E-007  0.0000000E+000  0.0000000E+000  0.0000000E+000  0.0000000E+000  0.0000000E+000  0.0000000E+000  0.0000000E+000  0.0000000E+000  0.0000000E+000  0.2192282E-002  0.0000000E+000  0.0000000E+000  0.4957557E-002  0.0000000E+000  0.0000000E+000  0.0000000E+000
010112002p_flux_  13.000    13012002  0.9979849E-006  0.7038470E-006  0.9081850E-007  0.0000000E+000  0.0000000E+000  0.0000000E+000  0.0000000E+000  0.0000000E+000  0.0000000E+000  0.0000000E+000  0.0000000E+000  0.0000000E+000  0.2192282E-002  0.0000000E+000  0.0000000E+000  0.4957557E-002  0.0000000E+000  0.0000000E+000  0.0000000E+000
010112002p_flux_  14.000    14012002  0.9979849E-006  0.7038470E-006  0.9081850E-007  0.0000000E+000  0.0000000E+000  0.0000000E+000  0.0000000E+000  0.0000000E+000  0.0000000E+000  0.0000000E+000  0.0000000E+000  0.0000000E+000  0.2192282E-002  0.0000000E+000  0.0000000E+000  0.4957557E-002  0.0000000E+000  0.0000000E+000  0.0000000E+000
010112002p_flux_  15.000    15012002  0.9979849E-006  0.7038470E-006  0.9081850E-007  0.0000000E+000  0.0000000E+000  0.0000000E+000  0.0000000E+000  0.0000000E+000  0.0000000E+000  0.0000000E+000  0.0000000E+000  0.0000000E+000  0.2192282E-002  0.0000000E+000  0.0000000E+000  0.4957557E-002  0.0000000E+000  0.0000000E+000  0.0000000E+000
010112002p_flux_  16.000    16012002  0.9979849E-006  0.7038470E-006  0.9081850E-007  0.0000000E+000  0.0000000E+000  0.0000000E+000  0.0000000E+000  0.0000000E+000  0.0000000E+000  0.0000000E+000  0.0000000E+000  0.0000000E+000  0.2192282E-002  0.0000000E+000  0.0000000E+000  0.4957557E-002  0.0000000E+000  0.0000000E+000  0.0000000E+000
010112002p_flux_  17.000    17012002  0.9979849E-006  0.7038470E-006  0.9081850E-007  0.0000000E+000  0.0000000E+000  0.0000000E+000  0.0000000E+000  0.0000000E+000  0.0000000E+000  0.0000000E+000  0.0000000E+000  0.0000000E+000  0.2192282E-002  0.0000000E+000  0.0000000E+000  0.4957557E-002  0.0000000E+000  0.0000000E+000  0.0000000E+000
010112002p_flux_  18.000    18012002  0.9979849E-006  0.7038470E-006  0.9081850E-007  0.0000000E+000  0.0000000E+000  0.0000000E+000  0.0000000E+000  0.0000000E+000  0.0000000E+000  0.0000000E+000  0.0000000E+000  0.0000000E+000  0.2192282E-002  0.0000000E+000  0.0000000E+000  0.4957557E-002  0.0000000E+000  0.0000000E+000  0.0000000E+000
010112002p_flux_  19.000    19012002  0.9979849E-006  0.7038470E-006  0.9081850E-007  0.0000000E+000  0.0000000E+000  0.0000000E+000  0.0000000E+000  0.0000000E+000  0.0000000E+000  0.0000000E+000  0.0000000E+000  0.0000000E+000  0.2192282E-002  0.0000000E+000  0.0000000E+000  0.4957557E-002  0.0000000E+000  0.0000000E+000  0.0000000E+000
010112002p_flux_  20.000    20012002  0.9979849E-006  0.7038470E-006  0.9081850E-007  0.0000000E+000  0.0000000E+000  0.0000000E+000  0.0000000E+000  0.0000000E+000  0.0000000E+000  0.0000000E+000  0.0000000E+000  0.0000000E+000  0.2192282E-002  0.0000000E+000  0.0000000E+000  0.4957557E-002  0.0000000E+000  0.0000000E+000  0.0000000E+000
010112002p_flux_  21.000    21012002  0.9979849E-006  0.7038470E-006  0.9081850E-007  0.0000000E+000  0.0000000E+000  0.0000000E+000  0.0000000E+000  0.0000000E+000  0.0000000E+000  0.0000000E+000  0.0000000E+000  0.0000000E+000  0.2192282E-002  0.0000000E+000  0.0000000E+000  0.4957557E-002  0.0000000E+000  0.0000000E+000  0.0000000E+000
010112002p_flux_  22.000    22012002  0.9979849E-006  0.7038470E-006  0.9081850E-007  0.0000000E+000  0.0000000E+000  0.0000000E+000  0.0000000E+000  0.0000000E+000  0.0000000E+000  0.0000000E+000  0.0000000E+000  0.0000000E+000  0.2192282E-002  0.0000000E+000  0.0000000E+000  0.4957557E-002  0.0000000E+000  0.0000000E+000  0.0000000E+000
010112002p_flux_  23.000    23012002  0.9979849E-006  0.7038470E-006  0.9081850E-007  0.0000000E+000  0.0000000E+000  0.0000000E+000  0.0000000E+000  0.0000000E+000  0.0000000E+000  0.0000000E+000  0.0000000E+000  0.0000000E+000  0.2192282E-002  0.0000000E+000  0.0000000E+000  0.4957557E-002  0.0000000E+000  0.0000000E+000  0.0000000E+000
010112002p_flux_  24.000    24012002  0.9979849E-006  0.7038470E-006  0.9081850E-007  0.0000000E+000  0.0000000E+000  0.0000000E+000  0.0000000E+000  0.0000000E+000  0.0000000E+000  0.0000000E+000  0.0000000E+000  0.0000000E+000  0.2192282E-002  0.0000000E+000  0.0000000E+000  0.4957557E-002  0.0000000E+000  0.0000000E+000  0.0000000E+000
010112002p_flux_  25.000    25012002  0.9979849E-006  0.7038470E-006  0.9081850E-007  0.0000000E+000  0.0000000E+000  0.0000000E+000  0.0000000E+000  0.0000000E+000  0.0000000E+000  0.0000000E+000  0.0000000E+000  0.0000000E+000  0.2192282E-002  0.0000000E+000  0.0000000E+000  0.4957557E-002  0.0000000E+000  0.0000000E+000  0.0000000E+000
010112002p_flux_  26.000    26012002  0.9979849E-006  0.7038470E-006  0.9081850E-007  0.0000000E+000  0.0000000E+000  0.0000000E+000  0.0000000E+000  0.0000000E+000  0.0000000E+000  0.0000000E+000  0.0000000E+000  0.0000000E+000  0.2192282E-002  0.0000000E+000  0.0000000E+000  0.4957557E-002  0.0000000E+000  0.0000000E+000  0.0000000E+000
010112002p_flux_  27.000    27012002  0.9979849E-006  0.7038470E-006  0.9081850E-007  0.0000000E+000  0.0000000E+000  0.0000000E+000  0.0000000E+000  0.0000000E+000  0.0000000E+000  0.0000000E+000  0.0000000E+000  0.0000000E+000  0.2192282E-002  0.0000000E+000  0.0000000E+000  0.4957557E-002  0.0000000E+000  0.0000000E+000  0.0000000E+000
010112002p_flux_  28.000    28012002  0.9979849E-006  0.7038470E-006  0.9081850E-007  0.0000000E+000  0.0000000E+000  0.0000000E+000  0.0000000E+000  0.0000000E+000  0.0000000E+000  0.0000000E+000  0.0000000E+000  0.0000000E+000  0.2192282E-002  0.0000000E+000  0.0000000E+000  0.4957557E-002  0.0000000E+000  0.0000000E+000  0.0000000E+000
010112002p_flux_  29.000    29012002  0.9979849E-006  0.7038470E-006  0.9081850E-007  0.0000000E+000  0.0000000E+000  0.0000000E+000  0.0000000E+000  0.0000000E+000  0.0000000E+000  0.0000000E+000  0.0000000E+000  0.0000000E+000  0.2192282E-002  0.0000000E+000  0.0000000E+000  0.4957557E-002  0.0000000E+000  0.0000000E+000  0.0000000E+000
010112002p_flux_  30.000    30012002  0.9979849E-006  0.7038470E-006  0.9081850E-007  0.0000000E+000  0.0000000E+000  0.0000000E+000  0.0000000E+000  0.0000000E+000  0.0000000E+000  0.0000000E+000  0.0000000E+000  0.0000000E+000  0.2192282E-002  0.0000000E+000  0.0000000E+000  0.4957557E-002  0.0000000E+000  0.0000000E+000  0.0000000E+000
010112002p_flux_  31.000    31012002  0.9979849E-006  0.7038470E-006  0.9081850E-007  0.0000000E+000  0.0000000E+000  0.0000000E+000  0.0000000E+000  0.0000000E+000  0.0000000E+000  0.0000000E+000  0.0000000E+000  0.0000000E+000  0.2192282E-002  0.0000000E+000  0.0000000E+000  0.4957557E-002  0.0000000E+000  0.0000000E+000  0.0000000E+000
010112002p_flux_  32.000    01022002  0.9979849E-006  0.7038470E-006  0.9081850E-007  0.0000000E+000  0.0000000E+000  0.0000000E+000  0.0000000E+000  0.0000000E+000  0.0000000E+000  0.0000000E+000  0.0000000E+000  0.0000000E+000  0.2192282E-002  0.0000000E+000  0.0000000E+000  0.4957557E-002  0.0000000E+000  0.0000000E+000  0.0000000E+000
010112002p_flux_  33.000    02022002  0.9979849E-006  0.7038470E-006  0.9081850E-007  0.0000000E+000  0.0000000E+000  0.0000000E+000  0.0000000E+000  0.0000000E+000  0.0000000E+000  0.0000000E+000  0.0000000E+000  0.0000000E+000  0.2192282E-002  0.0000000E+000  0.0000000E+000  0.4957557E-002  0.0000000E+000  0.0000000E+000  0.0000000E+000
010112002p_flux_  34.000    03022002  0.9979849E-006  0.7038470E-006  0.9081850E-007  0.0000000E+000  0.0000000E+000  0.0000000E+000  0.0000000E+000  0.0000000E+000  0.0000000E+000  0.0000000E+000  0.0000000E+000  0.0000000E+000  0.2192282E-002  0.0000000E+000  0.0000000E+000  0.4957557E-002  0.0000000E+000  0.0000000E+000  0.0000000E+000
010112002p_flux_  35.000    04022002  0.9979849E-006  0.7038470E-006  0.9081850E-007  0.0000000E+000  0.0000000E+000  0.0000000E+000  0.0000000E+000  0.0000000E+000  0.0000000E+000  0.0000000E+000  0.0000000E+000  0.0000000E+000  0.2192282E-002  0.0000000E+000  0.0000000E+000  0.4957557E-002  0.0000000E+000  0.0000000E+000  0.0000000E+000
010112002p_flux_  36.000    05022002  0.9979849E-006  0.7038470E-006  0.9081850E-007  0.0000000E+000  0.0000000E+000  0.0000000E+000  0.0000000E+000  0.0000000E+000  0.0000000E+000  0.0000000E+000  0.0000000E+000  0.0000000E+000  0.2192282E-002  0.0000000E+000  0.0000000E+000  0.4957557E-002  0.0000000E+000  0.0000000E+000  0.0000000E+000
010112002p_flux_  37.000    06022002  0.9979849E-006  0.7038470E-006  0.9081850E-007  0.0000000E+000  0.0000000E+000  0.0000000E+000  0.0000000E+000  0.0000000E+000  0.0000000E+000  0.0000000E+000  0.0000000E+000  0.0000000E+000  0.2192282E-002  0.0000000E+000  0.0000000E+000  0.4957557E-002  0.0000000E+000  0.0000000E+000  0.0000000E+000
010112002p_flux_  38.000    07022002  0.9979849E-006  0.7038470E-006  0.9081850E-007  0.0000000E+000  0.0000000E+000  0.0000000E+000  0.0000000E+000  0.0000000E+000  0.0000000E+000  0.0000000E+000  0.0000000E+000  0.0000000E+000  0.2192282E-002  0.0000000E+000  0.0000000E+000  0.4957557E-002  0.0000000E+000  0.0000000E+000  0.0000000E+000
010112002p_flux_  39.000    08022002  0.9979849E-006  0.7038470E-006  0.9081850E-007  0.0000000E+000  0.0000000E+000  0.0000000E+000  0.0000000E+000  0.0000000E+000  0.0000000E+000  0.0000000E+000  0.0000000E+000  0.0000000E+000  0.2192282E-002  0.0000000E+000  0.0000000E+000  0.4957557E-002  0.0000000E+000  0.0000000E+000  0.0000000E+000
010112002p_flux_  40.000    09022002  0.9979849E-006  0.7038470E-006  0.9081850E-007  0.0000000E+000  0.0000000E+000  0.0000000E+000  0.0000000E+000  0.0000000E+000  0.0000000E+000  0.0000000E+000  0.0000000E+000  0.0000000E+000  0.2192282E-002  0.0000000E+000  0.0000000E+000  0.4957557E-002  0.0000000E+000  0.0000000E+000  0.0000000E+000
010112002p_flux_  41.000    10022002  0.9979849E-006  0.7038470E-006  0.9081850E-007  0.0000000E+000  0.0000000E+000  0.0000000E+000  0.0000000E+000  0.0000000E+000  0.0000000E+000  0.0000000E+000  0.0000000E+000  0.0000000E+000  0.2192282E-002  0.0000000E+000  0.0000000E+000  0.4957557E-002  0.0000000E+000  0.0000000E+000  0.0000000E+000
010112002p_flux_  42.000    11022002  0.9979849E-006  0.7038470E-006  0.9081850E-007  0.0000000E+000  0.0000000E+000  0.0000000E+000  0.0000000E+000  0.0000000E+000  0.0000000E+000  0.0000000E+000  0.0000000E+000  0.0000000E+000  0.2192282E-002  0.0000000E+000  0.0000000E+000  0.4957557E-002  0.0000000E+000  0.0000000E+000  0.0000000E+000
010112002p_flux_  43.000    12022002  0.9979849E-006  0.7038470E-006  0.9081850E-007  0.0000000E+000  0.0000000E+000  0.0000000E+000  0.0000000E+000  0.0000000E+000  0.0000000E+000  0.0000000E+000  0.0000000E+000  0.0000000E+000  0.2192282E-002  0.0000000E+000  0.0000000E+000  0.4957557E-002  0.0000000E+000  0.0000000E+000  0.0000000E+000
010112002p_flux_  44.000    13022002  0.9979849E-006  0.7038470E-006  0.9081850E-007  0.0000000E+000  0.0000000E+000  0.0000000E+000  0.0000000E+000  0.0000000E+000  0.0000000E+000  0.0000000E+000  0.0000000E+000  0.0000000E+000  0.2192282E-002  0.0000000E+000  0.0000000E+000  0.4957557E-002  0.0000000E+000  0.0000000E+000  0.0000000E+000
010112002p_flux_  45.000    14022002  0.9979849E-006  0.7038470E-006  0.9081850E-007  0.0000000E+000  0.0000000E+000  0.0000000E+000  0.0000000E+000  0.0000000E+000  0.0000000E+000  0.0000000E+000  0.0000000E+000  0.0000000E+000  0.2192282E-002  0.0000000E+000  0.0000000E+000  0.4957557E-002  0.0000000E+000  0.0000000E+000  0.0000000E+000
010112002p_flux_  46.000    15022002  0.9979849E-006  0.7038470E-006  0.9081850E-007  0.0000000E+000  0.0000000E+000  0.0000000E+000  0.0000000E+000  0.0000000E+000  0.0000000E+000  0.0000000E+000  0.0000000E+000  0.0000000E+000  0.2192282E-002  0.0000000E+000  0.0000000E+000  0.4957557E-002  0.0000000E+000  0.0000000E+000  0.0000000E+000
010112002p_flux_  47.000    16022002  0.9979849E-006  0.7038470E-006  0.9081850E-007  0.0000000E+000  0.0000000E+000  0.0000000E+000  0.0000000E+000  0.0000000E+000  0.0000000E+000  0.0000000E+000  0.0000000E+000  0.0000000E+000  0.2192282E-002  0.0000000E+000  0.0000000E+000  0.4957557E-002  0.0000000E+000  0.0000000E+000  0.0000000E+000
010112002p_flux_  48.000    17022002  0.9979849E-006  0.7038470E-006  0.9081850E-007  0.0000000E+000  0.0000000E+000  0.0000000E+000  0.0000000E+000  0.0000000E+000  0.0000000E+000  0.0000000E+000  0.0000000E+000  0.0000000E+000  0.2192282E-002  0.0000000E+000  0.0000000E+000  0.4957557E-002  0.0000000E+000  0.0000000E+000  0.0000000E+000
010112002p_flux_  49.000    18022002  0.9979849E-006  0.7038470E-006  0.9081850E-007  0.0000000E+000  0.0000000E+000  0.0000000E+000  0.0000000E+000  0.0000000E+000  0.0000000E+000  0.0000000E+000  0.0000000E+000  0.0000000E+000  0.2192282E-002  0.0000000E+000  0.0000000E+000  0.4957557E-002  0.0000000E+000  0.0000000E+000  0.0000000E+000
010112002p_flux_  50.000    19022002  0.9979849E-006  0.7038470E-006  0.9081850E-007  0.0000000E+000  0.0000000E+000  0.0000000E+000  0.0000000E+000  0.0000000E+000  0.0000000E+000  0.0000000E+000  0.0000000E+000  0.0000000E+000  0.2192282E-002  0.0000000E+000  0.0000000E+000  0.4957557E-002  0.0000000E+000  0.0000000E+000  0.0000000E+000
010112002p_flux_  51.000    20022002  0.9979849E-006  0.7038470E-006  0.9081850E-007  0.0000000E+000  0.0000000E+000  0.0000000E+000  0.0000000E+000  0.0000000E+000  0.0000000E+000  0.0000000E+000  0.0000000E+000  0.0000000E+000  0.2192282E-002  0.0000000E+000  0.0000000E+000  0.4957557E-002  0.0000000E+000  0.0000000E+000  0.0000000E+000
