  102001   1   0   0   0
  102001   1  0.00000000E+000  0.00000000E+000  0.00000000E+000  0.00000000E+000  0.00000000E+000  0.00000000E+000  0.00000000E+000  0.00000000E+000  0.00000000E+000  0.00000000E+000  0.00000000E+000  0.00000000E+000
  202001   1   0   0   0
  202001   1  0.00000000E+000  0.00000000E+000  0.00000000E+000  0.00000000E+000  0.00000000E+000  0.00000000E+000  0.00000000E+000  0.00000000E+000  0.00000000E+000  0.00000000E+000  0.00000000E+000  0.00000000E+000
  302001   1   0   0   0
  302001   1  0.00000000E+000  0.00000000E+000  0.00000000E+000  0.00000000E+000  0.00000000E+000  0.00000000E+000  0.00000000E+000  0.00000000E+000  0.00000000E+000  0.00000000E+000  0.00000000E+000  0.00000000E+000
  402001   1   0   0   0
  402001   1  0.00000000E+000  0.00000000E+000  0.00000000E+000  0.00000000E+000  0.00000000E+000  0.00000000E+000  0.00000000E+000  0.00000000E+000  0.00000000E+000  0.00000000E+000  0.00000000E+000  0.00000000E+000
  502001   1   0   0   0
  502001   1  0.00000000E+000  0.00000000E+000  0.00000000E+000  0.00000000E+000  0.00000000E+000  0.00000000E+000  0.00000000E+000  0.00000000E+000  0.00000000E+000  0.00000000E+000  0.00000000E+000  0.00000000E+000
  602001   1   0   0   0
  602001   1  0.00000000E+000  0.00000000E+000  0.00000000E+000  0.00000000E+000  0.00000000E+000  0.00000000E+000  0.00000000E+000  0.00000000E+000  0.00000000E+000  0.00000000E+000  0.00000000E+000  0.00000000E+000
  702001   1   0   0   0
  702001   1  0.00000000E+000  0.00000000E+000  0.00000000E+000  0.00000000E+000  0.00000000E+000  0.00000000E+000  0.00000000E+000  0.00000000E+000  0.00000000E+000  0.00000000E+000  0.00000000E+000  0.00000000E+000
  802001   1   0   0   0
  802001   1  0.00000000E+000  0.00000000E+000  0.00000000E+000  0.00000000E+000  0.00000000E+000  0.00000000E+000  0.00000000E+000  0.00000000E+000  0.00000000E+000  0.00000000E+000  0.00000000E+000  0.00000000E+000
  902001   1   0   0   0
  902001   1  0.00000000E+000  0.00000000E+000  0.00000000E+000  0.00000000E+000  0.00000000E+000  0.00000000E+000  0.00000000E+000  0.00000000E+000  0.00000000E+000  0.00000000E+000  0.00000000E+000  0.00000000E+000
 1002001   1   0   0   0
 1002001   1  0.00000000E+000  0.00000000E+000  0.00000000E+000  0.00000000E+000  0.00000000E+000  0.00000000E+000  0.00000000E+000  0.00000000E+000  0.00000000E+000  0.00000000E+000  0.00000000E+000  0.00000000E+000
 1102001   1   0   0   0
 1102001   1  0.00000000E+000  0.00000000E+000  0.00000000E+000  0.00000000E+000  0.00000000E+000  0.00000000E+000  0.00000000E+000  0.00000000E+000  0.00000000E+000  0.00000000E+000  0.00000000E+000  0.00000000E+000
 1202001   1   0   0   0
 1202001   1  0.00000000E+000  0.00000000E+000  0.00000000E+000  0.00000000E+000  0.00000000E+000  0.00000000E+000  0.00000000E+000  0.00000000E+000  0.00000000E+000  0.00000000E+000  0.00000000E+000  0.00000000E+000
 1302001   1   0   0   0
 1302001   1  0.00000000E+000  0.00000000E+000  0.00000000E+000  0.00000000E+000  0.00000000E+000  0.00000000E+000  0.00000000E+000  0.00000000E+000  0.00000000E+000  0.00000000E+000  0.00000000E+000  0.00000000E+000
 1402001   1   1   1   0
 1402001   1  0.00000000E+000  0.00000000E+000  0.00000000E+000  0.00000000E+000  0.00000000E+000  0.00000000E+000  0.00000000E+000  0.00000000E+000  0.00000000E+000  0.00000000E+000  0.00000000E+000  0.00000000E+000
 1402001   1    2001     134    2000     303   2   0   0   1   1   1   0   1   4   2   4
 1402001   1 -0.16044525E-002  0.17370570E-003  0.11118549E-001  0.37478392E-005  0.13063917E-002  0.37990745E-006  0.00000000E+000 -0.14476423E+000 -0.48797432E-004  0.24183916E+000  0.83514404E+001  0.28150143E+003  0.83514404E+001  0.28150143E+003  0.16775908E+000
  0.00000000E+000  0.18227707E-005 -0.62380418E-001 -0.17113414E+001  0.16489609E+001  0.25063885E-001  0.23250770E-001  0.00000000E+000  0.61999998E+001  0.00000000E+000  0.00000000E+000  0.00000000E+000  0.00000000E+000  0.00000000E+000  0.00000000E+000
 -0.13659787E+000  0.00000000E+000  0.00000000E+000  0.00000000E+000  0.11207627E-004  0.00000000E+000  0.61999998E+001  0.61999998E+001  0.00000000E+000  0.00000000E+000  0.00000000E+000  0.30237824E+000  0.00000000E+000  0.89999998E+000  0.00000000E+000
  0.00000000E+000  0.00000000E+000  0.00000000E+000  0.00000000E+000  0.00000000E+000
 1402001   1  0.13000000E+002
 1402001   1  0.56010437E+001
 1402001   1  0.50000000E+001
 1402001   1  0.00000000E+000
 1402001   1  0.36062545E+000
 1402001   1  0.00000000E+000
 1402001   1  0.00000000E+000
 1402001   1  0.00000000E+000
 1402001   1  0.00000000E+000
 1402001   1  0.00000000E+000
 1402001   1  0.14800000E+003
 1402001   1  0.00000000E+000
 1402001   1  0.14800000E+003
 1402001   1  0.00000000E+000
 1402001   1  0.11984498E+003
 1402001   1  0.00000000E+000
 1402001   1  0.00000000E+000
 1402001   1     1
 1402001   1     0
 1402001   1     0
 1402001   1     0
 1402001   1     0
 1402001   1     0
 1402001   1     0
 1402001   1     1
 1402001   1     1
 1402001   1     1
 1402001   1   134
 1402001   1     0
 1402001   1     0
 1402001   1     0
 1402001   1     0
 1402001   1     0
 1402001   1     0
 1402001   1     0
 1402001   1     0
 1402001   1     0
 1502001   1   1   1   0
 1502001   1  0.00000000E+000  0.00000000E+000  0.00000000E+000  0.00000000E+000  0.00000000E+000  0.00000000E+000  0.00000000E+000  0.00000000E+000  0.00000000E+000  0.00000000E+000  0.00000000E+000  0.00000000E+000
 1502001   1    2001     134    2000     303   2   0   0   1   1   1   0   2   6   2   6   3
 1502001   1 -0.47109206E-002  0.96564897E-003  0.45073077E-001  0.13635267E-004  0.53679398E-002  0.14884583E-005  0.00000000E+000 -0.56383097E+000 -0.33956731E-003  0.18846332E+001  0.10003479E+002  0.28315347E+003  0.10003479E+002  0.28315347E+003  0.21872264E+000
  0.00000000E+000  0.60508164E-005 -0.13752180E-001 -0.16864452E+001  0.16726930E+001  0.65928869E-001  0.64181834E-001  0.00000000E+000  0.61999998E+001  0.00000000E+000  0.00000000E+000  0.00000000E+000  0.00000000E+000  0.00000000E+000  0.00000000E+000
 -0.49669608E+000  0.00000000E+000  0.00000000E+000  0.00000000E+000  0.88032997E-004  0.00000000E+000  0.61999998E+001  0.61999998E+001  0.00000000E+000  0.00000000E+000  0.00000000E+000  0.49751449E+000  0.15489297E-004  0.89999998E+000  0.00000000E+000
  0.00000000E+000  0.00000000E+000  0.00000000E+000  0.00000000E+000  0.00000000E+000
 1502001   1  0.13000000E+002
 1502001   1  0.70350595E+001
 1502001   1  0.50000000E+001
 1502001   1  0.00000000E+000
 1502001   1  0.12210337E+001
 1502001   1  0.00000000E+000
 1502001   1  0.00000000E+000
 1502001   1  0.00000000E+000
 1502001   1  0.00000000E+000
 1502001   1  0.00000000E+000
 1502001   1  0.38800000E+003
 1502001   1  0.00000000E+000
 1502001   1  0.38800000E+003
 1502001   1  0.00000000E+000
 1502001   1  0.24215709E+003
 1502001   1  0.00000000E+000
 1502001   1  0.00000000E+000
 1502001   1     1
 1502001   1     0
 1502001   1     0
 1502001   1     0
 1502001   1     0
 1502001   1     0
 1502001   1     0
 1502001   1     2
 1502001   1     2
 1502001   1     1
 1502001   1   134
 1502001   1     0
 1502001   1     0
 1502001   1     0
 1502001   1     0
 1502001   1     0
 1502001   1     0
 1502001   1     0
 1502001   1     0
 1502001   1     0
 1602001   1   1   1   0
 1602001   1  0.00000000E+000  0.00000000E+000  0.00000000E+000  0.00000000E+000  0.00000000E+000  0.00000000E+000  0.00000000E+000  0.00000000E+000  0.00000000E+000  0.00000000E+000  0.00000000E+000  0.00000000E+000
 1602001   1    2001     134    2000     303   2   0   0   1   1   1   0   5   6   2   6   5   4   3   2
 1602001   1 -0.11112792E-001  0.14181120E-001  0.16363721E+000  0.19966040E-003  0.18295659E-001  0.20705123E-004  0.00000000E+000 -0.16793300E+001 -0.10630779E-002  0.60808077E+001  0.20895142E+002  0.29404514E+003  0.20895142E+002  0.29404514E+003  0.70526904E+000
  0.00000000E+000  0.13730168E-004 -0.22938932E+000 -0.18133422E+001  0.15839529E+001  0.18336216E+000  0.12890272E+000  0.00000000E+000  0.61999998E+001  0.00000000E+000  0.00000000E+000  0.00000000E+000  0.00000000E+000  0.00000000E+000  0.00000000E+000
 -0.13418149E+001  0.00000000E+000  0.00000000E+000  0.00000000E+000  0.27972428E-003  0.00000000E+000  0.61999998E+001  0.61999998E+001  0.00000000E+000  0.00000000E+000  0.00000000E+000  0.59319645E+000  0.00000000E+000  0.89999998E+000  0.00000000E+000
  0.00000000E+000  0.00000000E+000  0.00000000E+000  0.00000000E+000  0.00000000E+000
 1602001   1  0.13000000E+002
 1602001   1  0.93630819E+001
 1602001   1  0.50000000E+001
 1602001   1  0.00000000E+000
 1602001   1  0.26178484E+001
 1602001   1  0.00000000E+000
 1602001   1  0.00000000E+000
 1602001   1  0.00000000E+000
 1602001   1  0.00000000E+000
 1602001   1  0.00000000E+000
 1602001   1  0.62800000E+003
 1602001   1  0.00000000E+000
 1602001   1  0.62800000E+003
 1602001   1  0.00000000E+000
 1602001   1  0.39753549E+003
 1602001   1  0.00000000E+000
 1602001   1  0.00000000E+000
 1602001   1     1
 1602001   1     0
 1602001   1     0
 1602001   1     0
 1602001   1     0
 1602001   1     0
 1602001   1     0
 1602001   1     3
 1602001   1     3
 1602001   1     1
 1602001   1   134
 1602001   1     0
 1602001   1     0
 1602001   1     0
 1602001   1     0
 1602001   1     0
 1602001   1     0
 1602001   1     0
 1602001   1     0
 1602001   1     0
 1702001   1   1   1   0
 1702001   1  0.00000000E+000  0.00000000E+000  0.00000000E+000  0.00000000E+000  0.00000000E+000  0.00000000E+000  0.00000000E+000  0.00000000E+000  0.00000000E+000  0.00000000E+000  0.00000000E+000  0.00000000E+000
 1702001   1    2001     134    2000     303   2   0   0   4   4   1   0   8   6   2   6   6   5   4   4   4   3   3
 1702001   1 -0.23723913E-001  0.12022455E+000  0.47819674E+000  0.20122861E-002  0.44757891E-001  0.18721334E-003  0.00000000E+000 -0.44014616E+001 -0.30219629E-002  0.14295860E+002  0.15389130E+002  0.28853912E+003  0.15389130E+002  0.28853912E+003  0.41914374E+000
  0.00000000E+000  0.33557342E-004 -0.19206105E+000 -0.17705047E+001  0.15784436E+001  0.35896111E+000  0.28945646E+000  0.00000000E+000  0.61999998E+001  0.00000000E+000  0.00000000E+000  0.00000000E+000  0.00000000E+000  0.00000000E+000  0.00000000E+000
 -0.32918003E+001  0.00000000E+000  0.00000000E+000  0.00000000E+000  0.62275067E-003  0.00000000E+000  0.61999998E+001  0.61999998E+001  0.00000000E+000  0.00000000E+000  0.00000000E+000  0.63811946E+000  0.00000000E+000  0.89999998E+000  0.00000000E+000
  0.00000000E+000  0.00000000E+000  0.00000000E+000  0.00000000E+000  0.00000000E+000
 1702001   1  0.13000000E+002  0.12000000E+002  0.11000000E+002  0.10000000E+002
 1702001   1  0.12472721E+002  0.71887784E+001  0.62658200E+001  0.52226305E+001
 1702001   1  0.50000000E+001  0.50000000E+001  0.50000000E+001  0.50000000E+001
 1702001   1  0.00000000E+000  0.00000000E+000  0.00000000E+000  0.00000000E+000
 1702001   1  0.44836345E+001  0.13132675E+001  0.75949252E+000  0.13357909E+000
 1702001   1  0.00000000E+000  0.00000000E+000  0.00000000E+000  0.00000000E+000
 1702001   1  0.00000000E+000  0.00000000E+000  0.00000000E+000  0.00000000E+000
 1702001   1  0.00000000E+000  0.00000000E+000  0.00000000E+000  0.00000000E+000
 1702001   1  0.00000000E+000  0.00000000E+000  0.00000000E+000  0.00000000E+000
 1702001   1  0.00000000E+000  0.00000000E+000  0.00000000E+000  0.00000000E+000
 1702001   1  0.86800000E+003  0.16800000E+003  0.96000000E+002  0.24000000E+002
 1702001   1  0.00000000E+000  0.00000000E+000  0.00000000E+000  0.00000000E+000
 1702001   1  0.86800000E+003  0.16800000E+003  0.96000000E+002  0.24000000E+002
 1702001   1  0.00000000E+000  0.00000000E+000  0.00000000E+000  0.00000000E+000
 1702001   1  0.62019312E+003  0.69130890E+002  0.69748810E+002  0.12125686E+002
 1702001   1  0.00000000E+000  0.00000000E+000  0.00000000E+000  0.00000000E+000
 1702001   1  0.00000000E+000  0.00000000E+000  0.00000000E+000  0.00000000E+000
 1702001   1     1     1     1     1
 1702001   1     0     0     0     0
 1702001   1     0     0     0     0
 1702001   1     0     0     0     0
 1702001   1     0     0     0     0
 1702001   1     0     0     0     0
 1702001   1     0     1     2     3
 1702001   1     5     2     1     1
 1702001   1     5     2     1     1
 1702001   1     1     1     1     1
 1702001   1   134   164   167   170
 1702001   1     0     0     0     0
 1702001   1     0     0     0     0
 1702001   1     0     0     0     0
 1702001   1     0     0     0     0
 1702001   1     0     0     0     0
 1702001   1     0     0     0     0
 1702001   1     0     0     0     0
 1702001   1     0     0     0     0
 1702001   1     0     0     0     0
 1802001   1   1   1   0
 1802001   1  0.00000000E+000  0.00000000E+000  0.00000000E+000  0.00000000E+000  0.00000000E+000  0.00000000E+000  0.00000000E+000  0.00000000E+000  0.00000000E+000  0.00000000E+000  0.00000000E+000  0.00000000E+000
 1802001   1    2001     134    2000     303   2   0   0   5   5   1   0  10   6   2   6   6   6   6   6   5   5   5   4   4
 1802001   1 -0.44322405E-001  0.62975883E+000  0.95429999E+000  0.10779548E-001  0.75352676E-001  0.83464559E-003  0.00000000E+000 -0.89441872E+001 -0.60614864E-002  0.29242008E+002  0.21982727E+002  0.29513272E+003  0.21982727E+002  0.29513272E+003  0.77579027E+000
  0.23428407E+000  0.61213177E-004 -0.41341600E+000 -0.18968413E+001  0.14834253E+001  0.66995728E+000  0.52892280E+000  0.44605862E-002  0.61999998E+001  0.00000000E+000  0.00000000E+000  0.00000000E+000  0.00000000E+000  0.00000000E+000  0.00000000E+000
 -0.65870252E+001  0.00000000E+000  0.00000000E+000  0.00000000E+000  0.12116935E-002  0.00000000E+000  0.61999998E+001  0.61999998E+001  0.00000000E+000  0.00000000E+000  0.00000000E+000  0.68052888E+000  0.00000000E+000  0.89999998E+000  0.00000000E+000
  0.00000000E+000  0.00000000E+000  0.00000000E+000  0.00000000E+000  0.00000000E+000
 1802001   1  0.13000000E+002  0.12000000E+002  0.11000000E+002  0.10000000E+002  0.90000000E+001
 1802001   1  0.17040760E+002  0.11756814E+002  0.10833854E+002  0.97906618E+001  0.90311718E+001
 1802001   1  0.13626081E+002  0.83421373E+001  0.74191780E+001  0.63759885E+001  0.56164975E+001
 1802001   1  0.00000000E+000  0.00000000E+000  0.00000000E+000  0.00000000E+000  0.00000000E+000
 1802001   1  0.72244582E+001  0.40540867E+001  0.35003126E+001  0.28743994E+001  0.24187038E+001
 1802001   1  0.13626081E+002  0.83421373E+001  0.74191780E+001  0.63759885E+001  0.56164975E+001
 1802001   1  0.26266760E+000  0.26266745E+000  0.26266736E+000  0.26266718E+000  0.26266724E+000
 1802001   1  0.00000000E+000  0.00000000E+000  0.00000000E+000  0.00000000E+000  0.00000000E+000
 1802001   1  0.13133368E+000  0.13133368E+000  0.13133368E+000  0.13133368E+000  0.13133368E+000
 1802001   1  0.00000000E+000  0.00000000E+000  0.00000000E+000  0.00000000E+000  0.00000000E+000
 1802001   1  0.00000000E+000  0.00000000E+000  0.00000000E+000  0.00000000E+000  0.00000000E+000
 1802001   1  0.14400000E+003  0.14400000E+003  0.14400000E+003  0.14400000E+003  0.14400000E+003
 1802001   1  0.00000000E+000  0.00000000E+000  0.00000000E+000  0.00000000E+000  0.00000000E+000
 1802001   1  0.14400000E+003  0.14400000E+003  0.14400000E+003  0.14400000E+003  0.14400000E+003
 1802001   1  0.81999408E+003  0.69130890E+002  0.69748810E+002  0.70000565E+002  0.69926735E+002
 1802001   1  0.00000000E+000  0.00000000E+000  0.00000000E+000  0.00000000E+000  0.00000000E+000
 1802001   1  0.00000000E+000  0.00000000E+000  0.00000000E+000  0.00000000E+000  0.00000000E+000
 1802001   1     1     1     1     1     1
 1802001   1     0     0     0     0     0
 1802001   1     0     0     0     0     0
 1802001   1     0     0     0     0     0
 1802001   1     0     0     0     0     0
 1802001   1     0     0     0     0     0
 1802001   1     0     1     2     3     4
 1802001   1     8     5     4     3     3
 1802001   1     8     5     4     3     3
 1802001   1     1     1     1     1     1
 1802001   1   134   164   167   170   173
 1802001   1   175   175   175   175   175
 1802001   1     0     0     0     0     0
 1802001   1     0     0     0     0     0
 1802001   1     0     0     0     0     0
 1802001   1     0     0     0     0     0
 1802001   1     0     0     0     0     0
 1802001   1     0     0     0     0     0
 1802001   1     0     0     0     0     0
 1802001   1     0     0     0     0     0
 1902001   1   1   1   0
 1902001   1  0.00000000E+000  0.00000000E+000  0.00000000E+000  0.00000000E+000  0.00000000E+000  0.00000000E+000  0.00000000E+000  0.00000000E+000  0.00000000E+000  0.00000000E+000  0.00000000E+000  0.00000000E+000
 1902001   1    2001     134    2000     303   2   0   0   5   5   1   0  10   6   2   6   6   6   6   6   6   6   6   6   6
 1902001   1 -0.76176338E-001  0.14078002E+001  0.16638114E+001  0.23799866E-001  0.11897959E+000  0.16648590E-002  0.00000000E+000 -0.16474775E+002 -0.12297407E-001  0.56423054E+002  0.22194336E+002  0.29534433E+003  0.22194336E+002  0.29534433E+003  0.79013580E+000
  0.24796209E+001  0.11200994E-003 -0.30498105E+000 -0.18483571E+001  0.15433760E+001  0.11784339E+001  0.81148469E+000  0.20880282E-001  0.61999998E+001  0.00000000E+000  0.00000000E+000  0.00000000E+000  0.00000000E+000  0.00000000E+000  0.00000000E+000
 -0.12202028E+002  0.00000000E+000  0.00000000E+000  0.00000000E+000  0.22780211E-002  0.00000000E+000  0.61999998E+001  0.61999998E+001  0.00000000E+000  0.00000000E+000  0.00000000E+000  0.92829746E+000  0.00000000E+000  0.89999998E+000  0.00000000E+000
  0.00000000E+000  0.00000000E+000  0.00000000E+000  0.00000000E+000  0.00000000E+000
 1902001   1  0.13000000E+002  0.12000000E+002  0.11000000E+002  0.10000000E+002  0.90000000E+001
 1902001   1  0.22734512E+002  0.17450571E+002  0.16527609E+002  0.15484414E+002  0.14724924E+002
 1902001   1  0.13626081E+002  0.83421373E+001  0.74191780E+001  0.63759885E+001  0.56164975E+001
 1902001   1  0.00000000E+000  0.00000000E+000  0.00000000E+000  0.00000000E+000  0.00000000E+000
 1902001   1  0.10640713E+002  0.74703379E+001  0.69165640E+001  0.62906499E+001  0.58349547E+001
 1902001   1  0.13626081E+002  0.83421373E+001  0.74191780E+001  0.63759885E+001  0.56164975E+001
 1902001   1  0.70064855E+000  0.70064873E+000  0.70064855E+000  0.70064807E+000  0.70064825E+000
 1902001   1  0.00000000E+000  0.00000000E+000  0.00000000E+000  0.00000000E+000  0.00000000E+000
 1902001   1  0.35032424E+000  0.35032424E+000  0.35032424E+000  0.35032424E+000  0.35032424E+000
 1902001   1  0.00000000E+000  0.00000000E+000  0.00000000E+000  0.00000000E+000  0.00000000E+000
 1902001   1  0.00000000E+000  0.00000000E+000  0.00000000E+000  0.00000000E+000  0.00000000E+000
 1902001   1  0.38400000E+003  0.38400000E+003  0.38400000E+003  0.38400000E+003  0.38400000E+003
 1902001   1  0.00000000E+000  0.00000000E+000  0.00000000E+000  0.00000000E+000  0.00000000E+000
 1902001   1  0.38400000E+003  0.38400000E+003  0.38400000E+003  0.38400000E+003  0.38400000E+003
 1902001   1  0.10561914E+004  0.69130890E+002  0.69748810E+002  0.70000565E+002  0.69926735E+002
 1902001   1  0.00000000E+000  0.00000000E+000  0.00000000E+000  0.00000000E+000  0.00000000E+000
 1902001   1  0.00000000E+000  0.00000000E+000  0.00000000E+000  0.00000000E+000  0.00000000E+000
 1902001   1     1     1     1     1     1
 1902001   1     0     0     0     0     0
 1902001   1     0     0     0     0     0
 1902001   1     0     0     0     0     0
 1902001   1     0     0     0     0     0
 1902001   1     0     0     0     0     0
 1902001   1     0     1     2     3     4
 1902001   1    11     8     7     7     6
 1902001   1    11     8     7     7     6
 1902001   1     1     1     1     1     1
 1902001   1   134   164   167   170   173
 1902001   1   175   175   175   175   175
 1902001   1   186   186   186   186   186
 1902001   1     0     0     0     0     0
 1902001   1     0     0     0     0     0
 1902001   1     0     0     0     0     0
 1902001   1     0     0     0     0     0
 1902001   1     0     0     0     0     0
 1902001   1     0     0     0     0     0
 1902001   1     0     0     0     0     0
 2002001   1   1   1   0
 2002001   1  0.00000000E+000  0.00000000E+000  0.00000000E+000  0.00000000E+000  0.00000000E+000  0.00000000E+000  0.00000000E+000  0.00000000E+000  0.00000000E+000  0.00000000E+000  0.00000000E+000  0.00000000E+000
 2002001   1    2001     134    2000     303   2   0   0   5   5   1   0  10   7   2   7   7   7   7   7   7   7   7   7   7
 2002001   1 -0.12750700E+000  0.23482468E+001  0.27174699E+001  0.38995203E-001  0.19080868E+000  0.25065308E-002  0.00000000E+000 -0.28643047E+002 -0.21900447E-001  0.10037794E+003  0.24532318E+002  0.29768231E+003  0.24532318E+002  0.29768231E+003  0.96272010E+000
  0.98315086E+001  0.19411404E-003 -0.16712058E+000 -0.17811495E+001  0.16140289E+001  0.19981346E+001  0.10639741E+001  0.51852837E-001  0.61999998E+001  0.00000000E+000  0.00000000E+000  0.00000000E+000  0.00000000E+000  0.00000000E+000  0.00000000E+000
 -0.21194712E+002  0.00000000E+000  0.00000000E+000  0.00000000E+000  0.40650410E-002  0.00000000E+000  0.61999998E+001  0.61999998E+001  0.00000000E+000  0.00000000E+000  0.00000000E+000  0.13220408E+001  0.00000000E+000  0.89999998E+000  0.00000000E+000
  0.00000000E+000  0.00000000E+000  0.00000000E+000  0.00000000E+000  0.00000000E+000
 2002001   1  0.13000000E+002  0.12000000E+002  0.11000000E+002  0.10000000E+002  0.90000000E+001
 2002001   1  0.28407644E+002  0.23123705E+002  0.22200743E+002  0.21157545E+002  0.20398054E+002
 2002001   1  0.13626081E+002  0.83421373E+001  0.74191780E+001  0.63759885E+001  0.56164975E+001
 2002001   1  0.00000000E+000  0.00000000E+000  0.00000000E+000  0.00000000E+000  0.00000000E+000
 2002001   1  0.14044585E+002  0.10874213E+002  0.10320437E+002  0.96945200E+001  0.92388258E+001
 2002001   1  0.13626081E+002  0.83421373E+001  0.74191780E+001  0.63759885E+001  0.56164975E+001
 2002001   1  0.11370432E+001  0.11370437E+001  0.11370435E+001  0.11370429E+001  0.11370429E+001
 2002001   1  0.00000000E+000  0.00000000E+000  0.00000000E+000  0.00000000E+000  0.00000000E+000
 2002001   1  0.56852120E+000  0.56852120E+000  0.56852120E+000  0.56852120E+000  0.56852120E+000
 2002001   1  0.00000000E+000  0.00000000E+000  0.00000000E+000  0.00000000E+000  0.00000000E+000
 2002001   1  0.00000000E+000  0.00000000E+000  0.00000000E+000  0.00000000E+000  0.00000000E+000
 2002001   1  0.62400000E+003  0.62400000E+003  0.62400000E+003  0.62400000E+003  0.62400000E+003
 2002001   1  0.00000000E+000  0.00000000E+000  0.00000000E+000  0.00000000E+000  0.00000000E+000
 2002001   1  0.62400000E+003  0.62400000E+003  0.62400000E+003  0.62400000E+003  0.62400000E+003
 2002001   1  0.12871710E+004  0.69130890E+002  0.69748810E+002  0.70000565E+002  0.69926735E+002
 2002001   1  0.00000000E+000  0.00000000E+000  0.00000000E+000  0.00000000E+000  0.00000000E+000
 2002001   1  0.00000000E+000  0.00000000E+000  0.00000000E+000  0.00000000E+000  0.00000000E+000
 2002001   1     1     1     1     1     1
 2002001   1     0     0     0     0     0
 2002001   1     0     0     0     0     0
 2002001   1     0     0     0     0     0
 2002001   1     0     0     0     0     0
 2002001   1     0     0     0     0     0
 2002001   1     0     1     2     3     4
 2002001   1    14     9     8     7     6
 2002001   1    14     9     8     7     6
 2002001   1     1     1     1     1     1
 2002001   1   134   164   167   170   173
 2002001   1   175   175   175   175   175
 2002001   1   186   186   186   186   186
 2002001   1   198   198   198   198   198
 2002001   1     0     0     0     0     0
 2002001   1     0     0     0     0     0
 2002001   1     0     0     0     0     0
 2002001   1     0     0     0     0     0
 2002001   1     0     0     0     0     0
 2002001   1     0     0     0     0     0
 2102001   1   1   1   0
 2102001   1  0.00000000E+000  0.00000000E+000  0.00000000E+000  0.00000000E+000  0.00000000E+000  0.00000000E+000  0.00000000E+000  0.00000000E+000  0.00000000E+000  0.00000000E+000  0.00000000E+000  0.00000000E+000
 2102001   1    2001     134    2000     303   2   0   0   5   5   1   0  10   8   2   8   8   8   8   8   8   8   8   8   8
 2102001   1 -0.24380541E+000  0.36321888E+001  0.47530274E+001  0.63329875E-001  0.34443739E+000  0.40577995E-002  0.00000000E+000 -0.50027050E+002 -0.35911877E-001  0.15862234E+003  0.25171051E+002  0.29832104E+003  0.25171051E+002  0.29832104E+003  0.10144373E+001
  0.29503107E+002  0.32003602E-003 -0.26312977E+000 -0.18169403E+001  0.15538106E+001  0.28334265E+001  0.11934146E+001  0.10893245E+000  0.61999998E+001  0.00000000E+000  0.00000000E+000  0.00000000E+000  0.00000000E+000  0.00000000E+000  0.00000000E+000
 -0.35771713E+002  0.00000000E+000  0.00000000E+000  0.00000000E+000  0.65872571E-002  0.00000000E+000  0.61999998E+001  0.61999998E+001  0.00000000E+000  0.00000000E+000  0.00000000E+000  0.18466449E+001  0.00000000E+000  0.89999998E+000  0.00000000E+000
