    DOY     DATE    SHOOT_N         LEAF_N          SHTH_N          STALK_N         RESERVE_N       HUSK_N          GRAIN_N         ROOT_N          NDL_N           STORED_N        UPTK_N          LITTER_N        TL_N_FIXED      [SOL_N]         N_STRESS        [SOL_P]         P_STRESS        NH3_FLUX        HVST_N          N_BALANCE       STG_DEAD_N      FIRE_N          SF_LIT_N        
010112001n_flux_ 134.000    14052001  0.5271508E-002  0.1436721E-003  0.2859585E-004  0.0000000E+000  0.0000000E+000  0.0000000E+000  0.0000000E+000  0.5580423E-002  0.0000000E+000  0.3952445E-001  0.7797694E-003  0.3387340E-005  0.0000000E+000  0.1000000E+001  0.3512149E-001  0.2071601E+000  0.3513827E-002 -0.4831016E-008  0.0000000E+000  0.4960001E-001  0.0000000E+000  0.0000000E+000  0.0000000E+000
010112001n_flux_ 135.000    15052001  0.8745819E-002  0.8706969E-003  0.1750476E-003  0.0000000E+000  0.0000000E+000  0.0000000E+000  0.0000000E+000  0.8011167E-002  0.0000000E+000  0.3486475E-001  0.2024992E-002  0.3473935E-005  0.0000000E+000  0.3533038E+000  0.3520753E-001  0.3550707E-001  0.3537345E-002  0.2072870E-006  0.0000000E+000  0.4960003E-001  0.0000000E+000  0.0000000E+000  0.0000000E+000
010112001n_flux_ 136.000    16052001  0.1378293E-001  0.2450087E-002  0.4914309E-003  0.0000000E+000  0.0000000E+000  0.0000000E+000  0.0000000E+000  0.1089171E-001  0.0000000E+000  0.2853516E-001  0.3612515E-002  0.3572701E-005  0.0000000E+000  0.1653835E+000  0.3781752E-001  0.1672021E-001  0.3816627E-002  0.8417554E-006  0.0000000E+000  0.4960003E-001  0.0000000E+000  0.0000000E+000  0.0000000E+000
010112001n_flux_ 137.000    17052001  0.1884340E-001  0.4438801E-002  0.8865098E-003  0.0000000E+000  0.0000000E+000  0.0000000E+000  0.0000000E+000  0.1271110E-001  0.0000000E+000  0.2348882E-001  0.5444812E-002  0.3629111E-005  0.0000000E+000  0.1116897E+000  0.3982285E-001  0.1137543E-001  0.4038707E-002  0.2134186E-005  0.0000000E+000  0.4960003E-001  0.0000000E+000  0.0000000E+000  0.0000000E+000
010112001n_flux_ 138.000    18052001  0.2369284E-001  0.6565344E-002  0.1306166E-002  0.0000000E+000  0.0000000E+000  0.0000000E+000  0.0000000E+000  0.1337774E-001  0.0000000E+000  0.1971335E-001  0.7183496E-002  0.3674222E-005  0.0000000E+000  0.8771475E-001  0.4144187E-001  0.9004529E-002  0.4222972E-002  0.4103691E-005  0.0000000E+000  0.4960005E-001  0.0000000E+000  0.0000000E+000  0.0000000E+000
010112001n_flux_ 139.000    19052001  0.2834590E-001  0.8954980E-002  0.1774287E-002  0.0000000E+000  0.0000000E+000  0.0000000E+000  0.0000000E+000  0.1380117E-001  0.0000000E+000  0.1653175E-001  0.9075874E-002  0.3705204E-005  0.0000000E+000  0.7169791E-001  0.4295804E-001  0.7424063E-002  0.4397871E-002  0.6655992E-005  0.0000000E+000  0.4960005E-001  0.0000000E+000  0.0000000E+000  0.0000000E+000
010112001n_flux_ 140.000    20052001  0.3240436E-001  0.1082530E-001  0.2140000E-002  0.0000000E+000  0.0000000E+000  0.0000000E+000  0.0000000E+000  0.1360128E-001  0.0000000E+000  0.1472036E-001  0.1111855E-001  0.3747839E-005  0.0000000E+000  0.6502291E-001  0.4353388E-001  0.6800831E-002  0.4482953E-002  0.1120763E-004  0.0000000E+000  0.4960005E-001  0.0000000E+000  0.0000000E+000  0.0000000E+000
010112001n_flux_ 141.000    21052001  0.3598122E-001  0.1235333E-001  0.2438471E-002  0.0000000E+000  0.0000000E+000  0.0000000E+000  0.0000000E+000  0.1284835E-001  0.0000000E+000  0.1353362E-001  0.1275130E-001  0.3770731E-005  0.0000000E+000  0.6205089E-001  0.4465270E-001  0.6575348E-002  0.4635230E-002  0.1565694E-004  0.0000000E+000  0.4960006E-001  0.0000000E+000  0.0000000E+000  0.0000000E+000
010112001n_flux_ 142.000    22052001  0.3929045E-001  0.1422415E-001  0.2802521E-002  0.0000000E+000  0.0000000E+000  0.0000000E+000  0.0000000E+000  0.1253436E-001  0.0000000E+000  0.1223447E-001  0.1444200E-001  0.3786063E-005  0.0000000E+000  0.5678158E-001  0.4425270E-001  0.6125578E-002  0.4639928E-002  0.2106927E-004  0.0000000E+000  0.4960007E-001  0.0000000E+000  0.0000000E+000  0.0000000E+000
010112001n_flux_ 143.000    23052001  0.4213328E-001  0.1574847E-001  0.3102295E-002  0.0000000E+000  0.0000000E+000  0.0000000E+000  0.0000000E+000  0.1234995E-001  0.0000000E+000  0.1134212E-001  0.1620273E-001  0.3795670E-005  0.0000000E+000  0.5360737E-001  0.4449077E-001  0.5879023E-002  0.4706841E-002  0.2642233E-004  0.0000000E+000  0.4960007E-001  0.0000000E+000  0.0000000E+000  0.0000000E+000
010112001n_flux_ 144.000    24052001  0.4466061E-001  0.1732690E-001  0.3412985E-002  0.0000000E+000  0.0000000E+000  0.0000000E+000  0.0000000E+000  0.1257536E-001  0.0000000E+000  0.1051567E-001  0.1812374E-001  0.3803120E-005  0.0000000E+000  0.5021897E-001  0.4462730E-001  0.5566933E-002  0.4744311E-002  0.3170817E-004  0.0000000E+000  0.4960007E-001  0.0000000E+000  0.0000000E+000  0.0000000E+000
010112001n_flux_ 145.000    25052001  0.4745970E-001  0.1967634E-001  0.3878612E-002  0.0000000E+000  0.0000000E+000  0.0000000E+000  0.0000000E+000  0.1360124E-001  0.0000000E+000  0.9331748E-002  0.2075777E-001  0.3832939E-005  0.0000000E+000  0.4426489E-001  0.4293714E-001  0.4945976E-002  0.4570335E-002  0.3875709E-004  0.0000000E+000  0.4960009E-001  0.0000000E+000  0.0000000E+000  0.0000000E+000
010112001n_flux_ 146.000    26052001  0.5090537E-001  0.2242993E-001  0.4440307E-002  0.0000000E+000  0.0000000E+000  0.0000000E+000  0.0000000E+000  0.1506186E-001  0.0000000E+000  0.8051876E-002  0.2437619E-001  0.4176831E-005  0.0000000E+000  0.3883040E-001  0.4094441E-001  0.4372522E-002  0.4361678E-002  0.4712518E-004  0.0000000E+000  0.4960008E-001  0.0000000E+000  0.0000000E+000  0.0000000E+000
010112001n_flux_ 147.000    27052001  0.5493353E-001  0.2576227E-001  0.5138609E-002  0.0000000E+000  0.0000000E+000  0.0000000E+000  0.0000000E+000  0.1679233E-001  0.0000000E+000  0.6661530E-002  0.2874096E-001  0.8281539E-005  0.0000000E+000  0.3360017E-001  0.3948280E-001  0.3835594E-002  0.4218803E-002  0.5472483E-004  0.0000000E+000  0.4960012E-001  0.0000000E+000  0.0000000E+000  0.0000000E+000
010112001n_flux_ 148.000    28052001  0.5943417E-001  0.2915433E-001  0.5867534E-002  0.0000000E+000  0.0000000E+000  0.0000000E+000  0.0000000E+000  0.1859591E-001  0.0000000E+000  0.5490891E-002  0.3386980E-001  0.1306706E-004  0.0000000E+000  0.2986259E-001  0.3826335E-001  0.3468903E-002  0.4109137E-002  0.6425516E-004  0.0000000E+000  0.4960013E-001  0.0000000E+000  0.0000000E+000  0.0000000E+000
010112001n_flux_ 149.000    29052001  0.6427263E-001  0.3211927E-001  0.6523830E-002  0.0000000E+000  0.0000000E+000  0.0000000E+000  0.0000000E+000  0.2066657E-001  0.0000000E+000  0.4673637E-002  0.3994970E-001  0.1358240E-004  0.0000000E+000  0.2820067E-001  0.3744798E-001  0.3322229E-002  0.4041390E-002  0.7671042E-004  0.0000000E+000  0.4960017E-001  0.0000000E+000  0.0000000E+000  0.0000000E+000
010112001n_flux_ 150.000    30052001  0.6886231E-001  0.3408774E-001  0.6971880E-002  0.0000000E+000  0.0000000E+000  0.0000000E+000  0.0000000E+000  0.2160806E-001  0.0000000E+000  0.4277071E-002  0.4507308E-001  0.1363527E-004  0.0000000E+000  0.2847624E-001  0.3884391E-001  0.3389580E-002  0.4216954E-002  0.8803300E-004  0.0000000E+000  0.4960014E-001  0.0000000E+000  0.0000000E+000  0.0000000E+000
010112001n_flux_ 151.000    31052001  0.7326503E-001  0.3625013E-001  0.7453102E-002  0.0000000E+000  0.0000000E+000  0.0000000E+000  0.0000000E+000  0.2323152E-001  0.0000000E+000  0.3903787E-002  0.5071347E-001  0.1367254E-004  0.0000000E+000  0.2825657E-001  0.3910513E-001  0.3384307E-002  0.4256954E-002  0.1005750E-003  0.0000000E+000  0.4960013E-001  0.0000000E+000  0.0000000E+000  0.0000000E+000
010112001n_flux_ 152.000    01062001  0.7814632E-001  0.3971707E-001  0.8221232E-002  0.0000000E+000  0.0000000E+000  0.0000000E+000  0.0000000E+000  0.2528982E-001  0.0000000E+000  0.3333743E-002  0.5706507E-001  0.1371889E-004  0.0000000E+000  0.2622166E-001  0.3682913E-001  0.3157313E-002  0.4006672E-002  0.1185581E-003  0.0000000E+000  0.4960017E-001  0.0000000E+000  0.0000000E+000  0.0000000E+000
010112001n_flux_ 153.000    02062001  0.8390512E-001  0.4313770E-001  0.9007104E-002  0.0000000E+000  0.0000000E+000  0.0000000E+000  0.0000000E+000  0.3046341E-001  0.0000000E+000  0.2844816E-002  0.6749739E-001  0.1847570E-004  0.0000000E+000  0.2520573E-001  0.3599352E-001  0.3015270E-002  0.3897525E-002  0.1344642E-003  0.0000000E+000  0.4960018E-001  0.0000000E+000  0.0000000E+000  0.0000000E+000
010112001n_flux_ 154.000    03062001  0.9061380E-001  0.4665024E-001  0.9818648E-002  0.0000000E+000  0.0000000E+000  0.0000000E+000  0.0000000E+000  0.3329914E-001  0.0000000E+000  0.2482366E-002  0.7665958E-001  0.1853217E-004  0.0000000E+000  0.2483796E-001  0.3613373E-001  0.2983097E-002  0.3920477E-002  0.1542860E-003  0.0000000E+000  0.4960020E-001  0.0000000E+000  0.0000000E+000  0.0000000E+000
010112001n_flux_ 155.000    04062001  0.9738734E-001  0.4934374E-001  0.1044890E-001  0.0000000E+000  0.0000000E+000  0.0000000E+000  0.0000000E+000  0.3745059E-001  0.0000000E+000  0.2256762E-002  0.8734290E-001  0.1857642E-004  0.0000000E+000  0.2566022E-001  0.3757614E-001  0.3072395E-002  0.4077142E-002  0.1703867E-003  0.0000000E+000  0.4960020E-001  0.0000000E+000  0.0000000E+000  0.0000000E+000
010112001n_flux_ 156.000    05062001  0.1043811E+000  0.5302707E-001  0.1127182E-001  0.0000000E+000  0.0000000E+000  0.0000000E+000  0.0000000E+000  0.3958773E-001  0.0000000E+000  0.2016947E-002  0.9621668E-001  0.1861468E-004  0.0000000E+000  0.2537219E-001  0.3825153E-001  0.3033266E-002  0.4146249E-002  0.1877475E-003  0.0000000E+000  0.4960016E-001  0.0000000E+000  0.0000000E+000  0.0000000E+000
010112001n_flux_ 157.000    06062001  0.1116581E+000  0.5856317E-001  0.1249869E-001  0.0000000E+000  0.0000000E+000  0.0000000E+000  0.0000000E+000  0.4309572E-001  0.0000000E+000  0.1703015E-002  0.1066628E+000  0.1866087E-004  0.0000000E+000  0.2324195E-001  0.3675298E-001  0.2801609E-002  0.3984421E-002  0.2128142E-003  0.0000000E+000  0.4960016E-001  0.0000000E+000  0.0000000E+000  0.0000000E+000
010112001n_flux_ 158.000    07062001  0.1206264E+000  0.6429213E-001  0.1381172E-001  0.0000000E+000  0.0000000E+000  0.0000000E+000  0.0000000E+000  0.5193353E-001  0.0000000E+000  0.1396895E-002  0.1241400E+000  0.1967577E-004  0.0000000E+000  0.2198851E-001  0.3570781E-001  0.2668630E-002  0.3873233E-002  0.2366268E-003  0.0000000E+000  0.4960021E-001  0.0000000E+000  0.0000000E+000  0.0000000E+000
010112001n_flux_ 159.000    08062001  0.1316776E+000  0.7060684E-001  0.1527402E-001  0.0000000E+000  0.0000000E+000  0.0000000E+000  0.0000000E+000  0.5932602E-001  0.0000000E+000  0.1120601E-002  0.1423609E+000  0.9423125E-004  0.0000000E+000  0.2145455E-001  0.3546755E-001  0.2615633E-002  0.3852704E-002  0.2575641E-003  0.0000000E+000  0.4960032E-001  0.0000000E+000  0.0000000E+000  0.0000000E+000
010112001n_flux_ 160.000    09062001  0.1452221E+000  0.7792025E-001  0.1695544E-001  0.0000000E+000  0.0000000E+000  0.0000000E+000  0.0000000E+000  0.6720883E-001  0.0000000E+000  0.8863437E-003  0.1636372E+000  0.1996604E-003  0.0000000E+000  0.2129286E-001  0.3602747E-001  0.2627898E-002  0.3935039E-002  0.2797243E-003  0.0000000E+000  0.4960031E-001  0.0000000E+000  0.0000000E+000  0.0000000E+000
010112001n_flux_ 161.000    10062001  0.1598585E+000  0.8741696E-001  0.1910663E-001  0.0000000E+000  0.0000000E+000  0.0000000E+000  0.0000000E+000  0.7231426E-001  0.0000000E+000  0.6768140E-003  0.1832030E+000  0.2649533E-003  0.0000000E+000  0.2011094E-001  0.3623263E-001  0.2591382E-002  0.4023010E-002  0.3115121E-003  0.0000000E+000  0.4960035E-001  0.0000000E+000  0.0000000E+000  0.0000000E+000
010112001n_flux_ 162.000    11062001  0.1753911E+000  0.9691358E-001  0.2124361E-001  0.0000000E+000  0.0000000E+000  0.0000000E+000  0.0000000E+000  0.8267922E-001  0.0000000E+000  0.5130749E-003  0.2090477E+000  0.3961648E-003  0.0000000E+000  0.1943050E-001  0.3765604E-001  0.2587761E-002  0.4231235E-002  0.3318979E-003  0.0000000E+000  0.4960024E-001  0.0000000E+000  0.0000000E+000  0.0000000E+000
010112001n_flux_ 163.000    12062001  0.1933545E+000  0.1076258E+000  0.2358431E-001  0.0000000E+000  0.0000000E+000  0.0000000E+000  0.0000000E+000  0.9155399E-001  0.0000000E+000  0.3878380E-003  0.2359337E+000  0.5950899E-003  0.0000000E+000  0.1899922E-001  0.3943159E-001  0.2544201E-002  0.4433408E-002  0.3578026E-003  0.0000000E+000  0.4960030E-001  0.0000000E+000  0.0000000E+000  0.0000000E+000
010112001n_flux_ 164.000    13062001  0.2126746E+000  0.1195280E+000  0.2608078E-001  0.0000000E+000  0.0000000E+000  0.0000000E+000  0.0000000E+000  0.1046609E+000  0.0000000E+000  0.2962456E-003  0.2683811E+000  0.7376852E-003  0.0000000E+000  0.1839026E-001  0.4087033E-001  0.2442990E-002  0.4566860E-002  0.3884332E-003  0.0000000E+000  0.4960026E-001  0.0000000E+000  0.0000000E+000  0.0000000E+000
010112001n_flux_ 165.000    14062001  0.2327090E+000  0.1283506E+000  0.2793868E-001  0.0000000E+000  0.0000000E+000  0.0000000E+000  0.0000000E+000  0.1060518E+000  0.0000000E+000  0.2509051E-003  0.2897134E+000  0.7382514E-003  0.0000000E+000  0.1945771E-001  0.4081292E-001  0.2519587E-002  0.4526705E-002  0.4367735E-003  0.0000000E+000  0.4960028E-001  0.0000000E+000  0.0000000E+000  0.0000000E+000
010112001n_flux_ 166.000    15062001  0.2544260E+000  0.1379803E+000  0.2999027E-001  0.0000000E+000  0.0000000E+000  0.0000000E+000  0.0000000E+000  0.1184400E+000  0.0000000E+000  0.2093984E-003  0.3237456E+000  0.7397209E-003  0.0000000E+000  0.2060525E-001  0.4094690E-001  0.2550810E-002  0.4464693E-002  0.4697759E-003  0.0000000E+000  0.4960021E-001  0.0000000E+000  0.0000000E+000  0.0000000E+000
010112001n_flux_ 167.000    16062001  0.2767643E+000  0.1504334E+000  0.3256989E-001  0.0000000E+000  0.0000000E+000  0.0000000E+000  0.0000000E+000  0.1277325E+000  0.0000000E+000  0.1695699E-003  0.3557509E+000  0.1184587E-002  0.0000000E+000  0.2065846E-001  0.4200101E-001  0.2435318E-002  0.4485249E-002  0.5004330E-003  0.0000000E+000  0.4960012E-001  0.0000000E+000  0.0000000E+000  0.0000000E+000
010112001n_flux_ 168.000    17062001  0.3015529E+000  0.1664722E+000  0.3580205E-001  0.0000000E+000  0.0000000E+000  0.0000000E+000  0.0000000E+000  0.1456789E+000  0.0000000E+000  0.1329304E-003  0.3984686E+000  0.1241526E-002  0.0000000E+000  0.2002876E-001  0.4333710E-001  0.2248628E-002  0.4528191E-002  0.5380179E-003  0.0000000E+000  0.4960016E-001  0.0000000E+000  0.0000000E+000  0.0000000E+000
010112001n_flux_ 169.000    18062001  0.3274380E+000  0.1818637E+000  0.3880445E-001  0.0000000E+000  0.0000000E+000  0.0000000E+000  0.0000000E+000  0.1517811E+000  0.0000000E+000  0.1048986E-003  0.4310757E+000  0.1918703E-002  0.0000000E+000  0.1971094E-001  0.4598614E-001  0.2089282E-002  0.4697504E-002  0.5673417E-003  0.0000000E+000  0.4960028E-001  0.0000000E+000  0.0000000E+000  0.0000000E+000
010112001n_flux_ 170.000    19062001  0.3575694E+000  0.1925446E+000  0.4083568E-001  0.0000000E+000  0.0000000E+000  0.0000000E+000  0.0000000E+000  0.1687451E+000  0.0000000E+000  0.9233573E-004  0.4781967E+000  0.2012286E-002  0.0000000E+000  0.2167408E-001  0.4694576E-001  0.2175117E-002  0.4696561E-002  0.6227507E-003  0.0000000E+000  0.4960020E-001  0.0000000E+000  0.0000000E+000  0.0000000E+000
010112001n_flux_ 171.000    20062001  0.3898249E+000  0.2056537E+000  0.4337636E-001  0.0000000E+000  0.0000000E+000  0.0000000E+000  0.0000000E+000  0.1700998E+000  0.0000000E+000  0.7988718E-004  0.5117537E+000  0.2029597E-002  0.0000000E+000  0.2313133E-001  0.4671820E-001  0.2193878E-002  0.4570354E-002  0.6807684E-003  0.0000000E+000  0.4960019E-001  0.0000000E+000  0.0000000E+000  0.0000000E+000
010112001n_flux_ 172.000    21062001  0.4209163E+000  0.2198843E+000  0.4622635E-001  0.0000000E+000  0.0000000E+000  0.0000000E+000  0.0000000E+000  0.1808052E+000  0.0000000E+000  0.6815809E-004  0.5537045E+000  0.2248622E-002  0.0000000E+000  0.2389209E-001  0.4553903E-001  0.2147481E-002  0.4359898E-002  0.7344026E-003  0.0000000E+000  0.4960024E-001  0.0000000E+000  0.0000000E+000  0.0000000E+000
010112001n_flux_ 173.000    22062001  0.4519200E+000  0.2341325E+000  0.4919690E-001  0.0000000E+000  0.0000000E+000  0.0000000E+000  0.0000000E+000  0.1896789E+000  0.0000000E+000  0.5838315E-004  0.5943763E+000  0.3107112E-002  0.0000000E+000  0.2448992E-001  0.4504503E-001  0.2093762E-002  0.4228572E-002  0.7883154E-003  0.0000000E+000  0.4960066E-001  0.0000000E+000  0.0000000E+000  0.0000000E+000
010112001n_flux_ 174.000    23062001  0.4821840E+000  0.2526121E+000  0.5310770E-001  0.0000000E+000  0.0000000E+000  0.0000000E+000  0.0000000E+000  0.2032173E+000  0.0000000E+000  0.4788288E-004  0.6389797E+000  0.3972484E-002  0.0000000E+000  0.2388889E-001  0.4486541E-001  0.1954478E-002  0.4148202E-002  0.8418829E-003  0.0000000E+000  0.4960084E-001  0.0000000E+000  0.0000000E+000  0.0000000E+000
010112001n_flux_ 175.000    24062001  0.5145194E+000  0.2725425E+000  0.5733845E-001  0.5543385E-004  0.9146587E-004  0.1755405E-004  0.0000000E+000  0.2179818E+000  0.0000000E+000  0.3800891E-004  0.6871302E+000  0.5082619E-002  0.0000000E+000  0.2314898E-001  0.4609629E-001  0.1805880E-002  0.4197491E-002  0.8916236E-003  0.0000000E+000  0.4960096E-001  0.0000000E+000  0.0000000E+000  0.0000000E+000
010112001n_flux_ 176.000    25062001  0.5491190E+000  0.2922198E+000  0.6149481E-001  0.2336485E-003  0.3855201E-003  0.7398868E-004  0.0000000E+000  0.2310524E+000  0.0000000E+000  0.2996199E-004  0.7359203E+000  0.6260376E-002  0.0000000E+000  0.2273447E-001  0.4744186E-001  0.1692009E-002  0.4256384E-002  0.9414888E-003  0.0000000E+000  0.4960097E-001  0.0000000E+000  0.0000000E+000  0.0000000E+000
010112001n_flux_ 177.000    26062001  0.5891196E+000  0.3107595E+000  0.6548961E-001  0.5367529E-003  0.8856421E-003  0.1699717E-003  0.0000000E+000  0.2521999E+000  0.0000000E+000  0.2409464E-004  0.7970685E+000  0.6337019E-002  0.0000000E+000  0.2308444E-001  0.4709432E-001  0.1631399E-002  0.4147082E-002  0.1011975E-002  0.0000000E+000  0.4960117E-001  0.0000000E+000  0.0000000E+000  0.0000000E+000
010112001n_flux_ 178.000    27062001  0.6308703E+000  0.3289145E+000  0.6949712E-001  0.9802122E-003  0.1617350E-002  0.3104004E-003  0.0000000E+000  0.2602714E+000  0.0000000E+000  0.1919670E-004  0.8482705E+000  0.7784386E-002  0.0000000E+000  0.2364863E-001  0.4776601E-001  0.1576895E-002  0.4119541E-002  0.1074745E-002  0.0000000E+000  0.4960115E-001  0.0000000E+000  0.0000000E+000  0.0000000E+000
010112001n_flux_ 179.000    28062001  0.6718071E+000  0.3464040E+000  0.7343679E-001  0.1561964E-002  0.2577240E-002  0.4946216E-003  0.0000000E+000  0.2688284E+000  0.0000000E+000  0.1537855E-004  0.8991942E+000  0.9286681E-002  0.0000000E+000  0.2410055E-001  0.4787332E-001  0.1533741E-002  0.4060028E-002  0.1143180E-002  0.0000000E+000  0.4960118E-001  0.0000000E+000  0.0000000E+000  0.0000000E+000
010112001n_flux_ 180.000    29062001  0.7119362E+000  0.3645630E+000  0.7758441E-001  0.2342841E-002  0.3865687E-002  0.7418991E-003  0.0000000E+000  0.2823836E+000  0.0000000E+000  0.1217994E-004  0.9543000E+000  0.1077955E-001  0.0000000E+000  0.2424023E-001  0.4809371E-001  0.1483543E-002  0.4025707E-002  0.1211694E-002  0.0000000E+000  0.4960101E-001  0.0000000E+000  0.0000000E+000  0.0000000E+000
010112001n_flux_ 181.000    30062001  0.7533684E+000  0.3828954E+000  0.8179286E-001  0.3321496E-002  0.5480468E-002  0.1051806E-002  0.0000000E+000  0.2980529E+000  0.0000000E+000  0.9524058E-005  0.1012721E+001  0.1217022E-001  0.0000000E+000  0.2440396E-001  0.4876215E-001  0.1437704E-002  0.4029659E-002  0.1279422E-002  0.0000000E+000  0.4960169E-001  0.0000000E+000  0.0000000E+000  0.0000000E+000
010112001n_flux_ 182.000    01072001  0.7975807E+000  0.3956294E+000  0.8485386E-001  0.4157046E-002  0.6859126E-002  0.1316397E-002  0.0000000E+000  0.3115746E+000  0.0000000E+000  0.8154982E-005  0.1070356E+001  0.1217177E-001  0.0000000E+000  0.2556059E-001  0.4880153E-001  0.1467280E-002  0.3975123E-002  0.1378761E-002  0.0000000E+000  0.4960136E-001  0.0000000E+000  0.0000000E+000  0.0000000E+000
010112001n_flux_ 183.000    02072001  0.8407093E+000  0.4118090E+000  0.8874939E-001  0.5381519E-002  0.8879507E-002  0.1704147E-002  0.0000000E+000  0.3241083E+000  0.0000000E+000  0.6678659E-005  0.1125929E+001  0.1217300E-001  0.0000000E+000  0.2616370E-001  0.4799282E-001  0.1446133E-002  0.3849909E-002  0.1467904E-002  0.0000000E+000  0.4960141E-001  0.0000000E+000  0.0000000E+000  0.0000000E+000
010112001n_flux_ 184.000    03072001  0.8913320E+000  0.4329675E+000  0.9400517E-001  0.7298265E-002  0.1204214E-001  0.2311116E-002  0.0000000E+000  0.3477705E+000  0.0000000E+000  0.5126253E-005  0.1200143E+001  0.1227649E-001  0.0000000E+000  0.2598886E-001  0.4491501E-001  0.1355480E-002  0.3540525E-002  0.1641153E-002  0.0000000E+000  0.4960181E-001  0.0000000E+000  0.0000000E+000  0.0000000E+000
010112001n_flux_ 185.000    04072001  0.9433907E+000  0.4495671E+000  0.9853945E-001  0.9232223E-002  0.1523317E-001  0.2923535E-002  0.0000000E+000  0.3619785E+000  0.0000000E+000  0.4007140E-005  0.1268590E+001  0.1455364E-001  0.0000000E+000  0.2661453E-001  0.4449501E-001  0.1337927E-002  0.3452371E-002  0.1736305E-002  0.0000000E+000  0.4960206E-001  0.0000000E+000  0.0000000E+000  0.0000000E+000
010112001n_flux_ 186.000    05072001  0.9951084E+000  0.4648164E+000  0.1028677E+000  0.1136691E-001  0.1875541E-001  0.3599520E-002  0.0000000E+000  0.3773853E+000  0.0000000E+000  0.3191933E-005  0.1338035E+001  0.1697869E-001  0.0000000E+000  0.2725707E-001  0.4410787E-001  0.1338622E-002  0.3380859E-002  0.1840343E-002  0.0000000E+000  0.4960215E-001  0.0000000E+000  0.0000000E+000  0.0000000E+000
010112001n_flux_ 187.000    06072001  0.1047629E+001  0.4814885E+000  0.1075583E+000  0.1402328E-001  0.2313841E-001  0.4440702E-002  0.0000000E+000  0.4068477E+000  0.0000000E+000  0.2459412E-005  0.1421872E+001  0.1893121E-001  0.0000000E+000  0.2765065E-001  0.4438121E-001  0.1327646E-002  0.3365411E-002  0.1937017E-002  0.0000000E+000  0.4960228E-001  0.0000000E+000  0.0000000E+000  0.0000000E+000
010112001n_flux_ 188.000    07072001  0.1102290E+001  0.4996571E+000  0.1125943E+000  0.1729200E-001  0.2853180E-001  0.5475798E-002  0.0000000E+000  0.4224400E+000  0.0000000E+000  0.1862372E-005  0.1494439E+001  0.2135018E-001  0.0000000E+000  0.2778319E-001  0.4459820E-001  0.1295830E-002  0.3345337E-002  0.2042133E-002  0.0000000E+000  0.4960212E-001  0.0000000E+000  0.0000000E+000  0.0000000E+000
010112001n_flux_ 189.000    08072001  0.1158911E+001  0.5171654E+000  0.1174883E+000  0.2094556E-001  0.3456017E-001  0.6632758E-002  0.0000000E+000  0.4549209E+000  0.0000000E+000  0.1428198E-005  0.1584192E+001  0.2211786E-001  0.0000000E+000  0.2793760E-001  0.4487680E-001  0.1269483E-002  0.3331461E-002  0.2158608E-002  0.0000000E+000  0.4960267E-001  0.0000000E+000  0.0000000E+000  0.0000000E+000
010112001n_flux_ 190.000    09072001  0.1217643E+001  0.5325745E+000  0.1219666E+000  0.2479621E-001  0.4091375E-001  0.7852130E-002  0.0000000E+000  0.4742451E+000  0.0000000E+000  0.1104941E-005  0.1663811E+001  0.2379987E-001  0.0000000E+000  0.2846780E-001  0.4483004E-001  0.1269830E-002  0.3293242E-002  0.2278021E-002  0.0000000E+000  0.4960144E-001  0.0000000E+000  0.0000000E+000  0.0000000E+000
010112001n_flux_ 191.000    10072001  0.1277856E+001  0.5463821E+000  0.1261227E+000  0.2887877E-001  0.4764997E-001  0.9144940E-002  0.0000000E+000  0.5038876E+000  0.0000000E+000  0.8814077E-006  0.1754099E+001  0.2438435E-001  0.0000000E+000  0.2917313E-001  0.4483025E-001  0.1282508E-002  0.3257788E-002  0.2429961E-002  0.0000000E+000  0.4960129E-001  0.0000000E+000  0.0000000E+000  0.0000000E+000
010112001n_flux_ 192.000    11072001  0.1339942E+001  0.5594948E+000  0.1301081E+000  0.3330393E-001  0.5495149E-001  0.1054624E-001  0.0000000E+000  0.5244457E+000  0.0000000E+000  0.7193976E-006  0.1836601E+001  0.2441219E-001  0.0000000E+000  0.3000215E-001  0.4528410E-001  0.1290920E-002  0.3246489E-002  0.2600133E-002  0.0000000E+000  0.4960093E-001  0.0000000E+000  0.0000000E+000  0.0000000E+000
010112001n_flux_ 193.000    12072001  0.1402517E+001  0.5705313E+000  0.1336980E+000  0.3779770E-001  0.6236622E-001  0.1196927E-001  0.0000000E+000  0.5518495E+000  0.0000000E+000  0.5894491E-006  0.1927176E+001  0.2517197E-001  0.0000000E+000  0.3094065E-001  0.4472399E-001  0.1306294E-002  0.3162758E-002  0.2763202E-002  0.0000000E+000  0.4960087E-001  0.0000000E+000  0.0000000E+000  0.0000000E+000
010112001n_flux_ 194.000    13072001  0.1466741E+001  0.5811676E+000  0.1372524E+000  0.4283850E-001  0.7068354E-001  0.1356552E-001  0.0000000E+000  0.5697031E+000  0.0000000E+000  0.4816897E-006  0.2011672E+001  0.2774407E-001  0.0000000E+000  0.3192208E-001  0.4446913E-001  0.1331263E-002  0.3107835E-002  0.2917223E-002  0.0000000E+000  0.4960078E-001  0.0000000E+000  0.0000000E+000  0.0000000E+000
010112001n_flux_ 195.000    14072001  0.1530485E+001  0.5920094E+000  0.1408553E+000  0.4864320E-001  0.8026128E-001  0.1540367E-001  0.0000000E+000  0.5939513E+000  0.0000000E+000  0.3916923E-006  0.2102498E+001  0.3074137E-001  0.0000000E+000  0.3266971E-001  0.4424942E-001  0.1360214E-002  0.3070834E-002  0.3081464E-002  0.0000000E+000  0.4960037E-001  0.0000000E+000  0.0000000E+000  0.0000000E+000
010112001n_flux_ 196.000    15072001  0.1596153E+001  0.6033987E+000  0.1445291E+000  0.5539985E-001  0.9140977E-001  0.1754328E-001  0.0000000E+000  0.6354022E+000  0.0000000E+000  0.3198651E-006  0.2209423E+001  0.3074844E-001  0.0000000E+000  0.3331447E-001  0.4460727E-001  0.1388332E-002  0.3078108E-002  0.3282892E-002  0.0000000E+000  0.4959972E-001  0.0000000E+000  0.0000000E+000  0.0000000E+000
010112001n_flux_ 197.000    16072001  0.1662707E+001  0.6182417E+000  0.1488532E+000  0.6462165E-001  0.1066257E+000  0.2046351E-001  0.0000000E+000  0.6765937E+000  0.0000000E+000  0.2445880E-006  0.2319770E+001  0.3353221E-001  0.0000000E+000  0.3325213E-001  0.4474266E-001  0.1358604E-002  0.3064472E-002  0.3465190E-002  0.0000000E+000  0.4960006E-001  0.0000000E+000  0.0000000E+000  0.0000000E+000
010112001n_flux_ 198.000    17072001  0.1735320E+001  0.6326635E+000  0.1530162E+000  0.7515126E-001  0.1239996E+000  0.2379788E-001  0.0000000E+000  0.7139004E+000  0.0000000E+000  0.1812604E-006  0.2433140E+001  0.3715327E-001  0.0000000E+000  0.3325805E-001  0.4547408E-001  0.1337099E-002  0.3094962E-002  0.3635143E-002  0.0000000E+000  0.4960066E-001  0.0000000E+000  0.0000000E+000  0.0000000E+000
010112001n_flux_ 199.000    18072001  0.1811728E+001  0.6453586E+000  0.1566877E+000  0.8637860E-001  0.1425247E+000  0.2735321E-001  0.0000000E+000  0.7817360E+000  0.0000000E+000  0.1371312E-006  0.2577534E+001  0.3751469E-001  0.0000000E+000  0.3358876E-001  0.4582433E-001  0.1355659E-002  0.3110964E-002  0.3846790E-002  0.0000000E+000  0.4960050E-001  0.0000000E+000  0.0000000E+000  0.0000000E+000
010112001n_flux_ 200.000    19072001  0.1895936E+001  0.6563703E+000  0.1598439E+000  0.9831509E-001  0.1622199E+000  0.3113309E-001  0.0000000E+000  0.8362024E+000  0.0000000E+000  0.1057748E-006  0.2717470E+001  0.3899520E-001  0.0000000E+000  0.3435646E-001  0.4680033E-001  0.1391532E-002  0.3160926E-002  0.4065041E-002  0.0000000E+000  0.4960019E-001  0.0000000E+000  0.0000000E+000  0.0000000E+000
010112001n_flux_ 201.000    20072001  0.1992980E+001  0.6679520E+000  0.1628751E+000  0.1130720E+000  0.1865688E+000  0.3580611E-001  0.0000000E+000  0.9176980E+000  0.0000000E+000  0.7849846E-007  0.2896568E+001  0.3979420E-001  0.0000000E+000  0.3523708E-001  0.4813163E-001  0.1414775E-002  0.3219703E-002  0.4304187E-002  0.0000000E+000  0.4960188E-001  0.0000000E+000  0.0000000E+000  0.0000000E+000
010112001n_flux_ 202.000    21072001  0.2101282E+001  0.6781430E+000  0.1653502E+000  0.1295107E+000  0.2136927E+000  0.4101170E-001  0.0000000E+000  0.9839053E+000  0.0000000E+000  0.5701912E-007  0.3075966E+001  0.4489446E-001  0.0000000E+000  0.3655433E-001  0.4992897E-001  0.1463614E-002  0.3307248E-002  0.4517427E-002  0.0000000E+000  0.4960061E-001  0.0000000E+000  0.0000000E+000  0.0000000E+000
010112001n_flux_ 203.000    22072001  0.2222111E+001  0.6875933E+000  0.1672937E+000  0.1485843E+000  0.2451642E+000  0.4705168E-001  0.0000000E+000  0.1068562E+001  0.0000000E+000  0.4078348E-007  0.3286850E+001  0.5051507E-001  0.0000000E+000  0.3812828E-001  0.5250226E-001  0.1534984E-002  0.3450498E-002  0.4738475E-002  0.0000000E+000  0.4960109E-001  0.0000000E+000  0.0000000E+000  0.0000000E+000
010112001n_flux_ 204.000    23072001  0.2357468E+001  0.6947905E+000  0.1689417E+000  0.1675417E+000  0.2764439E+000  0.5305486E-001  0.0000000E+000  0.1162069E+001  0.0000000E+000  0.3072696E-007  0.3515780E+001  0.5082084E-001  0.0000000E+000  0.4049190E-001  0.5579116E-001  0.1669526E-002  0.3648642E-002  0.4978086E-002  0.0000000E+000  0.4960158E-001  0.0000000E+000  0.0000000E+000  0.0000000E+000
010112001n_flux_ 205.000    24072001  0.2507534E+001  0.7018752E+000  0.1706977E+000  0.1881423E+000  0.3104347E+000  0.5957835E-001  0.0000000E+000  0.1226518E+001  0.0000000E+000  0.2338310E-007  0.3732377E+001  0.5316941E-001  0.0000000E+000  0.4327092E-001  0.5969385E-001  0.1809623E-002  0.3869601E-002  0.5244827E-002  0.0000000E+000  0.4960217E-001  0.0000000E+000  0.0000000E+000  0.0000000E+000
010112001n_flux_ 206.000    25072001  0.2666592E+001  0.7093226E+000  0.1722110E+000  0.2059203E+000  0.3397686E+000  0.6520806E-001  0.0000000E+000  0.1266921E+001  0.0000000E+000  0.1903179E-007  0.3931615E+001  0.5319463E-001  0.0000000E+000  0.4682296E-001  0.6501361E-001  0.2005456E-002  0.4186259E-002  0.5491467E-002  0.0000000E+000  0.4960277E-001  0.0000000E+000  0.0000000E+000  0.0000000E+000
010112001n_flux_ 207.000    26072001  0.2826453E+001  0.7176455E+000  0.1737927E+000  0.2245008E+000  0.3704264E+000  0.7109189E-001  0.0000000E+000  0.1295836E+001  0.0000000E+000  0.1550972E-007  0.4120191E+001  0.5323438E-001  0.0000000E+000  0.5019166E-001  0.7064371E-001  0.2176534E-002  0.4510257E-002  0.5734453E-002  0.0000000E+000  0.4960134E-001  0.0000000E+000  0.0000000E+000  0.0000000E+000
010112001n_flux_ 208.000    27072001  0.2987026E+001  0.7272363E+000  0.1755374E+000  0.2449964E+000  0.4042442E+000  0.7758217E-001  0.0000000E+000  0.1323857E+001  0.0000000E+000  0.1240551E-007  0.4308550E+001  0.5325336E-001  0.0000000E+000  0.5323915E-001  0.7593967E-001  0.2314412E-002  0.4798718E-002  0.5990156E-002  0.0000000E+000  0.4959930E-001  0.0000000E+000  0.0000000E+000  0.0000000E+000
010112001n_flux_ 209.000    28072001  0.3162173E+001  0.7386161E+000  0.1775718E+000  0.2688954E+000  0.4436776E+000  0.8515022E-001  0.0000000E+000  0.1364625E+001  0.0000000E+000  0.9430464E-008  0.4527951E+001  0.5703860E-001  0.0000000E+000  0.5616014E-001  0.7787970E-001  0.2421040E-002  0.4855041E-002  0.6291274E-002  0.0000000E+000  0.4959624E-001  0.0000000E+000  0.0000000E+000  0.0000000E+000
