    DOY     DATE    TRANSPN         WTR_STRESS      OXY_STRESS      
010112001soil_wa 134.000    14052001  0.1488644E-004  0.1000000E+001  0.3522257E-001
010112001soil_wa 135.000    15052001  0.1173866E-002  0.1400000E+002  0.2934538E-001
010112001soil_wa 136.000    16052001  0.4576183E-002  0.2700000E+002  0.3331385E-001
010112001soil_wa 137.000    17052001  0.1027623E-001  0.4000000E+002  0.3530437E-001
010112001soil_wa 138.000    18052001  0.1801265E-001  0.5200000E+002  0.3941799E-001
010112001soil_wa 139.000    19052001  0.3293877E-001  0.6300000E+002  0.5310077E-001
010112001soil_wa 140.000    20052001  0.4879743E-001  0.6700000E+002  0.1058504E+000
010112001soil_wa 141.000    21052001  0.5666063E-001  0.6700000E+002  0.1541396E+000
010112001soil_wa 142.000    22052001  0.6982553E-001  0.7000000E+002  0.1695978E+000
010112001soil_wa 143.000    23052001  0.8624711E-001  0.7000000E+002  0.2069865E+000
010112001soil_wa 144.000    24052001  0.1000621E+000  0.7000000E+002  0.2362957E+000
010112001soil_wa 145.000    25052001  0.1225645E+000  0.7500000E+002  0.2081356E+000
010112001soil_wa 146.000    26052001  0.1515243E+000  0.8500000E+002  0.2338982E+000
010112001soil_wa 147.000    27052001  0.1898212E+000  0.9600000E+002  0.2483527E+000
010112001soil_wa 148.000    28052001  0.2303168E+000  0.1070000E+003  0.2683456E+000
010112001soil_wa 149.000    29052001  0.2692488E+000  0.1160000E+003  0.3217893E+000
010112001soil_wa 150.000    30052001  0.3395673E+000  0.1160000E+003  0.3883547E+000
010112001soil_wa 151.000    31052001  0.3735626E+000  0.1160000E+003  0.4704812E+000
010112001soil_wa 152.000    01062001  0.4577550E+000  0.1200000E+003  0.4924666E+000
010112001soil_wa 153.000    02062001  0.5167013E+000  0.1290000E+003  0.4575403E+000
010112001soil_wa 154.000    03062001  0.5807281E+000  0.1290000E+003  0.5465345E+000
010112001soil_wa 155.000    04062001  0.6002600E+000  0.1290000E+003  0.4349162E+000
010112001soil_wa 156.000    05062001  0.6417169E+000  0.1290000E+003  0.5318152E+000
010112001soil_wa 157.000    06062001  0.7105201E+000  0.1290000E+003  0.3165163E+000
010112001soil_wa 158.000    07062001  0.8139207E+000  0.1370000E+003  0.2246122E+000
010112001soil_wa 159.000    08062001  0.9338661E+000  0.1480000E+003  0.5596947E+000
010112001soil_wa 160.000    09062001  0.1063078E+001  0.1600000E+003  0.1454953E+000
010112001soil_wa 161.000    10062001  0.1255898E+001  0.1670000E+003  0.1160022E+000
010112001soil_wa 162.000    11062001  0.1411699E+001  0.1800000E+003  0.5479878E+000
010112001soil_wa 163.000    12062001  0.1568839E+001  0.1920000E+003  0.1246045E+000
010112001soil_wa 164.000    13062001  0.1710143E+001  0.2020000E+003  0.1671494E+000
010112001soil_wa 165.000    14062001  0.1890126E+001  0.2040000E+003  0.3024488E+000
010112001soil_wa 166.000    15062001  0.2048370E+001  0.2160000E+003  0.6008162E+000
010112001soil_wa 167.000    16062001  0.2231273E+001  0.2290000E+003  0.1613565E+000
010112001soil_wa 168.000    17062001  0.2449340E+001  0.2400000E+003  0.5763014E+000
010112001soil_wa 169.000    18062001  0.2724480E+001  0.2530000E+003  0.5905265E+000
010112001soil_wa 170.000    19062001  0.3021963E+001  0.2590000E+003  0.5731649E+000
010112001soil_wa 171.000    20062001  0.3215389E+001  0.2670000E+003  0.3224686E+000
010112001soil_wa 172.000    21062001  0.3510169E+001  0.2780000E+003  0.2493840E+000
010112001soil_wa 173.000    22062001  0.3750896E+001  0.2890000E+003  0.1654581E+000
010112001soil_wa 174.000    23062001  0.4023748E+001  0.3020000E+003  0.1317537E+000
010112001soil_wa 175.000    24062001  0.4330890E+001  0.3140000E+003  0.1480106E+000
010112001soil_wa 176.000    25062001  0.4667414E+001  0.3270000E+003  0.1363000E+000
010112001soil_wa 177.000    26062001  0.4964758E+001  0.3380000E+003  0.2048361E+000
010112001soil_wa 178.000    27062001  0.5313866E+001  0.3510000E+003  0.1638540E+000
010112001soil_wa 179.000    28062001  0.5679967E+001  0.3640000E+003  0.1769939E+000
010112001soil_wa 180.000    29062001  0.6061486E+001  0.3760000E+003  0.5396966E+000
010112001soil_wa 181.000    30062001  0.6479321E+001  0.3890000E+003  0.5447039E+000
