    DOY     DATE    GROWTH_STG      BRANCH_NO.      NODE_NO.        RUB_ACTVN       LEAF_rNC        LEAF_rPC        MIN_LWP         O2_STRESS       TEMP_STRESS     
010112001temp_ou 134.000    14052001  EMERGENCE                    1  0.5200163E-002  0.7795962E+000  0.3512149E-001  0.3513827E-002 -0.2102617E+001  0.3522257E-001  0.6879637E+000
010112001temp_ou 135.000    15052001  EMERGENCE                    1  0.6726328E-001  0.7680963E+000  0.3520753E-001  0.3537345E-002 -0.3432363E+001  0.2934538E-001  0.6664172E+000
010112001temp_ou 136.000    16052001  EMERGENCE                    1  0.1288717E+000  0.7772889E+000  0.3781752E-001  0.3816627E-002 -0.3181954E+001  0.3331385E-001  0.5960531E+000
010112001temp_ou 137.000    17052001  EMERGENCE                    1  0.1892804E+000  0.7834256E+000  0.3982285E-001  0.4038707E-002 -0.3044797E+001  0.3530437E-001  0.4812166E+000
010112001temp_ou 138.000    18052001  EMERGENCE                    1  0.2457121E+000  0.7884866E+000  0.4144187E-001  0.4222972E-002 -0.2986135E+001  0.3941799E-001  0.3652667E+000
010112001temp_ou 139.000    19052001  EMERGENCE                    1  0.3085597E+000  0.7933941E+000  0.4295804E-001  0.4397871E-002 -0.3013377E+001  0.5310077E-001  0.3590570E+000
010112001temp_ou 140.000    20052001  EMERGENCE                    1  0.3606254E+000  0.7955041E+000  0.4353388E-001  0.4482953E-002 -0.2104002E+001  0.1058504E+000  0.1677591E+000
010112001temp_ou 141.000    21052001  EMERGENCE                    1  0.4085019E+000  0.8012806E+000  0.4465270E-001  0.4635230E-002 -0.1499509E+001  0.1541396E+000  0.1022706E+000
010112001temp_ou 142.000    22052001  EMERGENCE                    1  0.4713908E+000  0.7981160E+000  0.4425270E-001  0.4639928E-002 -0.2092903E+001  0.1695978E+000  0.1144985E+000
010112001temp_ou 143.000    23052001  EMERGENCE                    1  0.5238148E+000  0.7993547E+000  0.4449077E-001  0.4706841E-002 -0.1330994E+001  0.2069865E+000  0.9096377E-001
010112001temp_ou 144.000    24052001  EMERGENCE                    1  0.5792239E+000  0.7991578E+000  0.4462730E-001  0.4744311E-002 -0.1368963E+001  0.2362957E+000  0.1971707E+000
010112001temp_ou 145.000    25052001  EMERGENCE                    1  0.6606036E+000  0.7861243E+000  0.4293714E-001  0.4570335E-002 -0.2483088E+001  0.2081356E+000  0.2712496E+000
010112001temp_ou 146.000    26052001  EMERGENCE                    1  0.7657458E+000  0.7688830E+000  0.4094441E-001  0.4361678E-002 -0.2574322E+001  0.2338982E+000  0.2825430E+000
010112001temp_ou 147.000    27052001  EMERGENCE                    1  0.8892075E+000  0.7535748E+000  0.3948280E-001  0.4218803E-002 -0.2876579E+001  0.2483527E+000  0.3995206E+000
010112001temp_ou 148.000    28052001  EMERGENCE                    1  0.1021518E+001  0.7397317E+000  0.3826335E-001  0.4109137E-002 -0.2830333E+001  0.2683456E+000  0.4263385E+000
010112001temp_ou 149.000    29052001  EMERGENCE                    1  0.1143780E+001  0.7307441E+000  0.3744798E-001  0.4041390E-002 -0.2559920E+001  0.3217893E+000  0.4710720E+000
010112001temp_ou 150.000    30052001  EMERGENCE                    1  0.1221034E+001  0.7463496E+000  0.3884391E-001  0.4216954E-002 -0.1777655E+000  0.3883547E+000  0.2187226E+000
010112001temp_ou 151.000    31052001  EMERGENCE                    1  0.1312941E+001  0.7493202E+000  0.3910513E-001  0.4256954E-002 -0.6582538E+000  0.4704812E+000  0.1140222E+000
010112001temp_ou 152.000    01062001  EMERGENCE                    1  0.1446815E+001  0.7261301E+000  0.3682913E-001  0.4006672E-002 -0.2212245E+001  0.4924666E+000  0.2226786E+000
010112001temp_ou 153.000    02062001  EMERGENCE                    1  0.1599039E+001  0.7159457E+000  0.3599352E-001  0.3897525E-002 -0.2616065E+001  0.4575403E+000  0.3594472E+000
010112001temp_ou 154.000    03062001  EMERGENCE                    1  0.1713362E+001  0.7183089E+000  0.3613373E-001  0.3920477E-002 -0.1439737E+001  0.5465345E+000  0.3077404E+000
010112001temp_ou 155.000    04062001  EMERGENCE                    1  0.1816015E+001  0.7349141E+000  0.3757614E-001  0.4077142E-002 -0.7425778E+000  0.4349162E+000  0.2357085E+000
010112001temp_ou 156.000    05062001  EMERGENCE                    1  0.1928208E+001  0.7420499E+000  0.3825153E-001  0.4146249E-002 -0.3178377E+000  0.5318152E+000  0.2190795E+000
010112001temp_ou 157.000    06062001  EMERGENCE                    1  0.2060545E+001  0.7244146E+000  0.3675298E-001  0.3984421E-002 -0.1083006E+001  0.3165163E+000  0.3860053E+000
010112001temp_ou 158.000    07062001  EMERGENCE                    1  0.2239371E+001  0.7095129E+000  0.3570781E-001  0.3873233E-002 -0.2700543E+001  0.2246122E+000  0.4287791E+000
010112001temp_ou 159.000    08062001  EMERGENCE                    1  0.2420665E+001  0.7073003E+000  0.3546755E-001  0.3852704E-002 -0.2802943E+001  0.5596947E+000  0.5603192E+000
010112001temp_ou 160.000    09062001  EMERGENCE                    1  0.2617848E+001  0.7126567E+000  0.3602747E-001  0.3935039E-002 -0.2852891E+001  0.1454953E+000  0.7052690E+000
010112001temp_ou 161.000    10062001  EMERGENCE                    1  0.2781172E+001  0.7126567E+000  0.3623263E-001  0.4023010E-002 -0.2929071E+001  0.1160022E+000  0.9473749E+000
010112001temp_ou 162.000    11062001  EMERGENCE                    1  0.2964951E+001  0.7262288E+000  0.3765604E-001  0.4231235E-002 -0.3007597E+001  0.5479878E+000  0.1061743E+001
010112001temp_ou 163.000    12062001  EMERGENCE                    1  0.3170366E+001  0.7433481E+000  0.3943159E-001  0.4433408E-002 -0.2916969E+001  0.1246045E+000  0.1117554E+001
010112001temp_ou 164.000    13062001  EMERGENCE                    2  0.3387890E+001  0.7459742E+000  0.4087033E-001  0.4566860E-002 -0.2811993E+001  0.1671494E+000  0.6632650E+000
010112001temp_ou 165.000    14062001  EMERGENCE                    2  0.3540313E+001  0.7442070E+000  0.4081292E-001  0.4526705E-002 -0.2349864E+001  0.3024488E+000  0.3516639E+000
010112001temp_ou 166.000    15062001  EMERGENCE                    2  0.3724142E+001  0.7465221E+000  0.4094690E-001  0.4464693E-002 -0.2830475E+001  0.6008162E+000  0.5488117E+000
010112001temp_ou 167.000    16062001  EMERGENCE                    3  0.3932750E+001  0.7452297E+000  0.4200101E-001  0.4485249E-002 -0.2963197E+001  0.1613565E+000  0.7045873E+000
010112001temp_ou 168.000    17062001  EMERGENCE                    3  0.4143296E+001  0.7455038E+000  0.4333710E-001  0.4528191E-002 -0.2848253E+001  0.5763014E+000  0.1152241E+001
010112001temp_ou 169.000    18062001  EMERGENCE                    3  0.4350056E+001  0.7803895E+000  0.4598614E-001  0.4697504E-002 -0.3019972E+001  0.5905265E+000  0.6171876E+000
010112001temp_ou 170.000    19062001  EMERGENCE                    4  0.4483634E+001  0.7692029E+000  0.4694576E-001  0.4696561E-002 -0.2265052E+001  0.5731649E+000  0.4191437E+000
010112001temp_ou 171.000    20062001  EMERGENCE                    4  0.4628486E+001  0.7584391E+000  0.4671820E-001  0.4570354E-002 -0.2520023E+001  0.3224686E+000  0.3053516E+000
010112001temp_ou 172.000    21062001  EMERGENCE                    4  0.4805751E+001  0.7462101E+000  0.4553903E-001  0.4359898E-002 -0.2794294E+001  0.2493840E+000  0.3534043E+000
010112001temp_ou 173.000    22062001  EMERGENCE                    5  0.4979710E+001  0.7329909E+000  0.4504503E-001  0.4228572E-002 -0.2810145E+001  0.1654581E+000  0.3860078E+000
010112001temp_ou 174.000    23062001  EMERGENCE                    5  0.5171409E+001  0.7181569E+000  0.4486541E-001  0.4148202E-002 -0.2884613E+001  0.1317537E+000  0.7541452E+000
010112001temp_ou 175.000    24062001  FLORAL_INIT.                 5  0.5485678E+001  0.7237355E+000  0.4609629E-001  0.4197491E-002 -0.3047957E+001  0.1480106E+000  0.8884844E+000
010112001temp_ou 176.000    25062001  FLORAL_INIT.                 5  0.5840721E+001  0.7255927E+000  0.4744186E-001  0.4256384E-002 -0.3014814E+001  0.1363000E+000  0.8584996E+000
010112001temp_ou 177.000    26062001  FLORAL_INIT.                 5  0.6189902E+001  0.7174968E+000  0.4709432E-001  0.4147082E-002 -0.2821642E+001  0.2048361E+000  0.7325601E+000
010112001temp_ou 178.000    27062001  FLORAL_INIT.                 5  0.6531235E+001  0.7285973E+000  0.4776601E-001  0.4119541E-002 -0.2936707E+001  0.1638540E+000  0.7608938E+000
010112001temp_ou 179.000    28062001  FLORAL_INIT.                 5  0.6875493E+001  0.7317200E+000  0.4787332E-001  0.4060028E-002 -0.2926274E+001  0.1769939E+000  0.7473649E+000
010112001temp_ou 180.000    29062001  FLORAL_INIT.                 5  0.7224458E+001  0.7331222E+000  0.4809371E-001  0.4025707E-002 -0.2966607E+001  0.5396966E+000  0.7757903E+000
010112001temp_ou 181.000    30062001  FLORAL_INIT.                 5  0.7574632E+001  0.7379215E+000  0.4876215E-001  0.4029659E-002 -0.3014907E+001  0.5447039E+000  0.9059618E+000
010112001temp_ou 182.000    01072001  FLORAL_INIT.                 5  0.7833399E+001  0.7355921E+000  0.4880153E-001  0.3975123E-002 -0.2456680E+001  0.5312640E+000  0.3762046E+000
010112001temp_ou 183.000    02072001  FLORAL_INIT.                 5  0.8123749E+001  0.7230853E+000  0.4799282E-001  0.3849909E-002 -0.2890546E+001  0.5536039E+000  0.1038121E+001
010112001temp_ou 184.000    03072001  FLORAL_INIT.                 5  0.8482336E+001  0.6815534E+000  0.4491501E-001  0.3540525E-002 -0.2711769E+001  0.1903852E+000  0.7482741E+000
010112001temp_ou 185.000    04072001  FLORAL_INIT.                 5  0.8832651E+001  0.6739364E+000  0.4449501E-001  0.3452371E-002 -0.2874634E+001  0.5181680E+000  0.7962258E+000
010112001temp_ou 186.000    05072001  JOINTING                     5  0.9182430E+001  0.6676850E+000  0.4410787E-001  0.3380859E-002 -0.2823367E+001  0.5096681E+000  0.7391914E+000
010112001temp_ou 187.000    06072001  JOINTING                     5  0.9516634E+001  0.6681470E+000  0.4438121E-001  0.3365411E-002 -0.3011490E+001  0.5343189E+000  0.1044004E+001
010112001temp_ou 188.000    07072001  JOINTING                     5  0.9885169E+001  0.6675535E+000  0.4459820E-001  0.3345337E-002 -0.2990570E+001  0.5048554E+000  0.1140925E+001
010112001temp_ou 189.000    08072001  JOINTING                     5  0.1027334E+002  0.6661729E+000  0.4487680E-001  0.3331461E-002 -0.2772868E+001  0.1008622E+000  0.8580793E+000
010112001temp_ou 190.000    09072001  JOINTING                     5  0.1064071E+002  0.6637618E+000  0.4483004E-001  0.3293242E-002 -0.2841987E+001  0.1597360E+000  0.7901358E+000
010112001temp_ou 191.000    10072001  JOINTING                     5  0.1098550E+002  0.6612746E+000  0.4483025E-001  0.3257788E-002 -0.2693936E+001  0.4619129E+000  0.7277067E+000
010112001temp_ou 192.000    11072001  JOINTING                     5  0.1129664E+002  0.6621503E+000  0.4528410E-001  0.3246489E-002 -0.2448853E+001  0.5148303E+000  0.8040776E+000
010112001temp_ou 193.000    12072001  JOINTING                     5  0.1161736E+002  0.6551738E+000  0.4472399E-001  0.3162758E-002 -0.2590924E+001  0.2022788E+000  0.5651462E+000
010112001temp_ou 194.000    13072001  JOINTING                     5  0.1193558E+002  0.6514158E+000  0.4446913E-001  0.3107835E-002 -0.2617778E+001  0.4549526E+000  0.5971061E+000
010112001temp_ou 195.000    14072001  JOINTING                     5  0.1225632E+002  0.6505330E+000  0.4424942E-001  0.3070834E-002 -0.2613614E+001  0.1963934E+000  0.5984428E+000
010112001temp_ou 196.000    15072001  JOINTING                     5  0.1256592E+002  0.6538647E+000  0.4460727E-001  0.3078108E-002 -0.2261818E+001  0.5177894E+000  0.7871368E+000
010112001temp_ou 197.000    16072001  JOINTING                     5  0.1292872E+002  0.6521900E+000  0.4474266E-001  0.3064472E-002 -0.2622752E+001  0.4887488E+000  0.1004740E+001
010112001temp_ou 198.000    17072001  ELONGATION                   5  0.1329715E+002  0.6564038E+000  0.4547408E-001  0.3094962E-002 -0.2675931E+001  0.2394864E+000  0.7467445E+000
010112001temp_ou 199.000    18072001  ELONGATION                   5  0.1367609E+002  0.6614621E+000  0.4582433E-001  0.3110964E-002 -0.2414356E+001  0.4640332E+000  0.8494015E+000
010112001temp_ou 200.000    19072001  ELONGATION                   5  0.1404459E+002  0.6716397E+000  0.4680033E-001  0.3160926E-002 -0.2250433E+001  0.2980312E+000  0.9627201E+000
010112001temp_ou 201.000    20072001  ELONGATION                   5  0.1443733E+002  0.6798511E+000  0.4813163E-001  0.3219703E-002 -0.2361490E+001  0.5264519E+000  0.1017202E+001
