    DOY     DATE    SHOOT_P         LEAF_P          SHTH_P          STALK_P         RESERVE_P       HUSK_P          GRAIN_P         ROOT_P          NDL_P           STORED_P        UPTK_P          LITTER_P        [SOL_P]         P_STRESS        HVST_P          P_BALANCE       STG_DEAD_P      FIRE_P          SF_LIT_P        
010112001p_flux_ 134.000    14052001  0.5274011E-003  0.1436721E-004  0.2859585E-005  0.0000000E+000  0.0000000E+000  0.0000000E+000  0.0000000E+000  0.5615860E-003  0.0000000E+000  0.3952444E-002  0.8177530E-004  0.3433341E-006  0.2071601E+000  0.3513827E-002  0.0000000E+000  0.4959999E-002  0.0000000E+000  0.0000000E+000  0.0000000E+000
010112001p_flux_ 135.000    15052001  0.8786209E-003  0.8706970E-004  0.1750476E-004  0.0000000E+000  0.0000000E+000  0.0000000E+000  0.0000000E+000  0.8201972E-003  0.0000000E+000  0.3486473E-002  0.2256444E-003  0.3520585E-006  0.3550707E-001  0.3537345E-002  0.0000000E+000  0.4959999E-002  0.0000000E+000  0.0000000E+000  0.0000000E+000
010112001p_flux_ 136.000    16052001  0.1390550E-002  0.2450087E-003  0.4914309E-004  0.0000000E+000  0.0000000E+000  0.0000000E+000  0.0000000E+000  0.1125169E-002  0.0000000E+000  0.2853515E-002  0.4095979E-003  0.3620528E-006  0.1672021E-001  0.3816627E-002  0.0000000E+000  0.4959998E-002  0.0000000E+000  0.0000000E+000  0.0000000E+000
010112001p_flux_ 137.000    17052001  0.1909781E-002  0.4438802E-003  0.8865097E-004  0.0000000E+000  0.0000000E+000  0.0000000E+000  0.0000000E+000  0.1322826E-002  0.0000000E+000  0.2348881E-002  0.6218594E-003  0.3677767E-006  0.1137543E-001  0.4038707E-002  0.0000000E+000  0.4959997E-002  0.0000000E+000  0.0000000E+000  0.0000000E+000
010112001p_flux_ 138.000    18052001  0.2411844E-002  0.6565345E-003  0.1306166E-003  0.0000000E+000  0.0000000E+000  0.0000000E+000  0.0000000E+000  0.1401808E-002  0.0000000E+000  0.1971334E-002  0.8253608E-003  0.3723672E-006  0.9004529E-002  0.4222972E-002  0.0000000E+000  0.4959997E-002  0.0000000E+000  0.0000000E+000  0.0000000E+000
010112001p_flux_ 139.000    19052001  0.2897724E-002  0.8954980E-003  0.1774287E-003  0.0000000E+000  0.0000000E+000  0.0000000E+000  0.0000000E+000  0.1462159E-002  0.0000000E+000  0.1653175E-002  0.1053435E-002  0.3755371E-006  0.7424063E-002  0.4397871E-002  0.0000000E+000  0.4959998E-002  0.0000000E+000  0.0000000E+000  0.0000000E+000
010112001p_flux_ 140.000    20052001  0.3330510E-002  0.1082530E-002  0.2140000E-003  0.0000000E+000  0.0000000E+000  0.0000000E+000  0.0000000E+000  0.1463464E-002  0.0000000E+000  0.1472036E-002  0.1306392E-002  0.3799074E-006  0.6800831E-002  0.4482953E-002  0.0000000E+000  0.4959997E-002  0.0000000E+000  0.0000000E+000  0.0000000E+000
010112001p_flux_ 141.000    21052001  0.3725793E-002  0.1235333E-002  0.2438471E-003  0.0000000E+000  0.0000000E+000  0.0000000E+000  0.0000000E+000  0.1420149E-002  0.0000000E+000  0.1353361E-002  0.1539689E-002  0.3822705E-006  0.6575348E-002  0.4635230E-002  0.0000000E+000  0.4959997E-002  0.0000000E+000  0.0000000E+000  0.0000000E+000
010112001p_flux_ 142.000    22052001  0.4106038E-002  0.1422414E-002  0.2802523E-003  0.0000000E+000  0.0000000E+000  0.0000000E+000  0.0000000E+000  0.1421279E-002  0.0000000E+000  0.1223446E-002  0.1791150E-002  0.3839254E-006  0.6125578E-002  0.4639928E-002  0.0000000E+000  0.4959996E-002  0.0000000E+000  0.0000000E+000  0.0000000E+000
010112001p_flux_ 143.000    23052001  0.4439460E-002  0.1574846E-002  0.3102296E-003  0.0000000E+000  0.0000000E+000  0.0000000E+000  0.0000000E+000  0.1397016E-002  0.0000000E+000  0.1134211E-002  0.2011075E-002  0.3850022E-006  0.5879023E-002  0.4706841E-002  0.0000000E+000  0.4959997E-002  0.0000000E+000  0.0000000E+000  0.0000000E+000
010112001p_flux_ 144.000    24052001  0.4726318E-002  0.1732690E-002  0.3412986E-003  0.0000000E+000  0.0000000E+000  0.0000000E+000  0.0000000E+000  0.1403421E-002  0.0000000E+000  0.1051566E-002  0.2221692E-002  0.3857959E-006  0.5566933E-002  0.4744311E-002  0.0000000E+000  0.4959998E-002  0.0000000E+000  0.0000000E+000  0.0000000E+000
010112001p_flux_ 145.000    25052001  0.5026738E-002  0.1967634E-002  0.3878612E-003  0.0000000E+000  0.0000000E+000  0.0000000E+000  0.0000000E+000  0.1493514E-002  0.0000000E+000  0.9331738E-003  0.2493818E-002  0.3888635E-006  0.4945976E-002  0.4570335E-002  0.0000000E+000  0.4959997E-002  0.0000000E+000  0.0000000E+000  0.0000000E+000
010112001p_flux_ 146.000    26052001  0.5393807E-002  0.2242993E-002  0.4440308E-003  0.0000000E+000  0.0000000E+000  0.0000000E+000  0.0000000E+000  0.1660764E-002  0.0000000E+000  0.8051867E-003  0.2900186E-002  0.4251523E-006  0.4372522E-002  0.4361678E-002  0.0000000E+000  0.4959998E-002  0.0000000E+000  0.0000000E+000  0.0000000E+000
010112001p_flux_ 147.000    27052001  0.5834532E-002  0.2576226E-002  0.5138610E-003  0.0000000E+000  0.0000000E+000  0.0000000E+000  0.0000000E+000  0.1886914E-002  0.0000000E+000  0.6661522E-003  0.3428478E-002  0.8806221E-006  0.3835594E-002  0.4218803E-002  0.0000000E+000  0.4960000E-002  0.0000000E+000  0.0000000E+000  0.0000000E+000
010112001p_flux_ 148.000    28052001  0.6339326E-002  0.2915433E-002  0.5867535E-003  0.0000000E+000  0.0000000E+000  0.0000000E+000  0.0000000E+000  0.2119681E-002  0.0000000E+000  0.5490885E-003  0.4049521E-002  0.1425631E-005  0.3468903E-002  0.4109137E-002  0.0000000E+000  0.4959999E-002  0.0000000E+000  0.0000000E+000  0.0000000E+000
010112001p_flux_ 149.000    29052001  0.6884639E-002  0.3211926E-002  0.6523832E-003  0.0000000E+000  0.0000000E+000  0.0000000E+000  0.0000000E+000  0.2330606E-002  0.0000000E+000  0.4673632E-003  0.4724091E-002  0.1483065E-005  0.3322229E-002  0.4041390E-002  0.0000000E+000  0.4960000E-002  0.0000000E+000  0.0000000E+000  0.0000000E+000
010112001p_flux_ 150.000    30052001  0.7416107E-002  0.3408773E-002  0.6971883E-003  0.0000000E+000  0.0000000E+000  0.0000000E+000  0.0000000E+000  0.2482637E-002  0.0000000E+000  0.4277069E-003  0.5367940E-002  0.1488458E-005  0.3389580E-002  0.4216954E-002  0.0000000E+000  0.4959999E-002  0.0000000E+000  0.0000000E+000  0.0000000E+000
010112001p_flux_ 151.000    31052001  0.7909546E-002  0.3625013E-002  0.7453106E-003  0.0000000E+000  0.0000000E+000  0.0000000E+000  0.0000000E+000  0.2558806E-002  0.0000000E+000  0.3903787E-003  0.5900225E-002  0.1492233E-005  0.3384307E-002  0.4256954E-002  0.0000000E+000  0.4959997E-002  0.0000000E+000  0.0000000E+000  0.0000000E+000
010112001p_flux_ 152.000    01062001  0.8429335E-002  0.3971708E-002  0.8221237E-003  0.0000000E+000  0.0000000E+000  0.0000000E+000  0.0000000E+000  0.2725108E-002  0.0000000E+000  0.3333742E-003  0.6529316E-002  0.1496891E-005  0.3157313E-002  0.4006672E-002  0.0000000E+000  0.4959998E-002  0.0000000E+000  0.0000000E+000  0.0000000E+000
010112001p_flux_ 153.000    02062001  0.9010972E-002  0.4313769E-002  0.9007106E-003  0.0000000E+000  0.0000000E+000  0.0000000E+000  0.0000000E+000  0.3167500E-002  0.0000000E+000  0.2844816E-003  0.7505006E-002  0.2051574E-005  0.3015270E-002  0.3897525E-002  0.0000000E+000  0.4960000E-002  0.0000000E+000  0.0000000E+000  0.0000000E+000
010112001p_flux_ 154.000    03062001  0.9748067E-002  0.4665023E-002  0.9818651E-003  0.0000000E+000  0.0000000E+000  0.0000000E+000  0.0000000E+000  0.3690986E-002  0.0000000E+000  0.2482365E-003  0.8729345E-002  0.2057247E-005  0.2983097E-002  0.3920477E-002  0.0000000E+000  0.4960001E-002  0.0000000E+000  0.0000000E+000  0.0000000E+000
010112001p_flux_ 155.000    04062001  0.1047801E-001  0.4934371E-002  0.1044889E-002  0.0000000E+000  0.0000000E+000  0.0000000E+000  0.0000000E+000  0.3973453E-002  0.0000000E+000  0.2256762E-003  0.9719196E-002  0.2061691E-005  0.3072395E-002  0.4077142E-002  0.0000000E+000  0.4960007E-002  0.0000000E+000  0.0000000E+000  0.0000000E+000
010112001p_flux_ 156.000    05062001  0.1121970E-001  0.5302703E-002  0.1127181E-002  0.0000000E+000  0.0000000E+000  0.0000000E+000  0.0000000E+000  0.4215790E-002  0.0000000E+000  0.2016947E-003  0.1067925E-001  0.2065582E-005  0.3033266E-002  0.4146249E-002  0.0000000E+000  0.4960000E-002  0.0000000E+000  0.0000000E+000  0.0000000E+000
010112001p_flux_ 157.000    06062001  0.1199982E-001  0.5856311E-002  0.1249869E-002  0.0000000E+000  0.0000000E+000  0.0000000E+000  0.0000000E+000  0.4660648E-002  0.0000000E+000  0.1703016E-003  0.1187284E-001  0.2070361E-005  0.2801609E-002  0.3984421E-002  0.0000000E+000  0.4960004E-002  0.0000000E+000  0.0000000E+000  0.0000000E+000
010112001p_flux_ 158.000    07062001  0.1296739E-001  0.6429208E-002  0.1381171E-002  0.0000000E+000  0.0000000E+000  0.0000000E+000  0.0000000E+000  0.5427056E-002  0.0000000E+000  0.1396896E-003  0.1357633E-001  0.2189357E-005  0.2668630E-002  0.3873233E-002  0.0000000E+000  0.4959995E-002  0.0000000E+000  0.0000000E+000  0.0000000E+000
010112001p_flux_ 159.000    08062001  0.1417188E-001  0.7060676E-002  0.1527401E-002  0.0000000E+000  0.0000000E+000  0.0000000E+000  0.0000000E+000  0.6427337E-002  0.0000000E+000  0.1120602E-003  0.1576107E-001  0.9789755E-005  0.2615633E-002  0.3852704E-002  0.0000000E+000  0.4959997E-002  0.0000000E+000  0.0000000E+000  0.0000000E+000
010112001p_flux_ 160.000    09062001  0.1570525E-001  0.7792020E-002  0.1695544E-002  0.0000000E+000  0.0000000E+000  0.0000000E+000  0.0000000E+000  0.7441063E-002  0.0000000E+000  0.8863445E-004  0.1829566E-001  0.2070512E-004  0.2627898E-002  0.3935039E-002  0.0000000E+000  0.4959997E-002  0.0000000E+000  0.0000000E+000  0.0000000E+000
010112001p_flux_ 161.000    10062001  0.1753873E-001  0.8741689E-002  0.1910662E-002  0.0000000E+000  0.0000000E+000  0.0000000E+000  0.0000000E+000  0.8559081E-002  0.0000000E+000  0.6768141E-004  0.2123316E-001  0.2765396E-004  0.2591382E-002  0.4023010E-002  0.0000000E+000  0.4959989E-002  0.0000000E+000  0.0000000E+000  0.0000000E+000
010112001p_flux_ 162.000    11062001  0.1944520E-001  0.9691358E-002  0.2124361E-002  0.0000000E+000  0.0000000E+000  0.0000000E+000  0.0000000E+000  0.9276121E-002  0.0000000E+000  0.5130750E-004  0.2385421E-001  0.4156271E-004  0.2587761E-002  0.4231235E-002  0.0000000E+000  0.4959986E-002  0.0000000E+000  0.0000000E+000  0.0000000E+000
010112001p_flux_ 163.000    12062001  0.2144618E-001  0.1076258E-001  0.2358431E-002  0.0000000E+000  0.0000000E+000  0.0000000E+000  0.0000000E+000  0.9913483E-002  0.0000000E+000  0.3878381E-004  0.2650006E-001  0.6160443E-004  0.2544201E-002  0.4433408E-002  0.0000000E+000  0.4959991E-002  0.0000000E+000  0.0000000E+000  0.0000000E+000
010112001p_flux_ 164.000    13062001  0.2345811E-001  0.1195281E-001  0.2608078E-002  0.0000000E+000  0.0000000E+000  0.0000000E+000  0.0000000E+000  0.1065885E-001  0.0000000E+000  0.2962455E-004  0.2926211E-001  0.7551259E-004  0.2442990E-002  0.4566860E-002  0.0000000E+000  0.4959984E-002  0.0000000E+000  0.0000000E+000  0.0000000E+000
010112001p_flux_ 165.000    14062001  0.2550566E-001  0.1283506E-001  0.2793869E-002  0.0000000E+000  0.0000000E+000  0.0000000E+000  0.0000000E+000  0.1062221E-001  0.0000000E+000  0.2509051E-004  0.3126856E-001  0.7557497E-004  0.2519587E-002  0.4526705E-002  0.0000000E+000  0.4959978E-002  0.0000000E+000  0.0000000E+000  0.0000000E+000
010112001p_flux_ 166.000    15062001  0.2747063E-001  0.1379804E-001  0.2999027E-002  0.0000000E+000  0.0000000E+000  0.0000000E+000  0.0000000E+000  0.1058213E-001  0.0000000E+000  0.2093986E-004  0.3318945E-001  0.7574581E-004  0.2550810E-002  0.4464693E-002  0.0000000E+000  0.4959997E-002  0.0000000E+000  0.0000000E+000  0.0000000E+000
010112001p_flux_ 167.000    16062001  0.2933428E-001  0.1504335E-001  0.3256990E-002  0.0000000E+000  0.0000000E+000  0.0000000E+000  0.0000000E+000  0.1125778E-001  0.0000000E+000  0.1695700E-004  0.3576462E-001  0.1156191E-003  0.2435318E-002  0.4485249E-002  0.0000000E+000  0.4960019E-002  0.0000000E+000  0.0000000E+000  0.0000000E+000
010112001p_flux_ 168.000    17062001  0.3134788E-001  0.1664723E-001  0.3580206E-002  0.0000000E+000  0.0000000E+000  0.0000000E+000  0.0000000E+000  0.1204766E-001  0.0000000E+000  0.1329304E-004  0.3856952E-001  0.1207272E-003  0.2248628E-002  0.4528191E-002  0.0000000E+000  0.4960041E-002  0.0000000E+000  0.0000000E+000  0.0000000E+000
010112001p_flux_ 169.000    18062001  0.3336449E-001  0.1818639E-001  0.3880446E-002  0.0000000E+000  0.0000000E+000  0.0000000E+000  0.0000000E+000  0.1286255E-001  0.0000000E+000  0.1048987E-004  0.4145664E-001  0.1791540E-003  0.2089282E-002  0.4697504E-002  0.0000000E+000  0.4960041E-002  0.0000000E+000  0.0000000E+000  0.0000000E+000
010112001p_flux_ 170.000    19062001  0.3577034E-001  0.1925448E-001  0.4083568E-002  0.0000000E+000  0.0000000E+000  0.0000000E+000  0.0000000E+000  0.1375117E-001  0.0000000E+000  0.9233581E-005  0.4475789E-001  0.1872133E-003  0.2175117E-002  0.4696561E-002  0.0000000E+000  0.4960064E-002  0.0000000E+000  0.0000000E+000  0.0000000E+000
010112001p_flux_ 171.000    20062001  0.3823005E-001  0.2056538E-001  0.4337636E-002  0.0000000E+000  0.0000000E+000  0.0000000E+000  0.0000000E+000  0.1357941E-001  0.0000000E+000  0.7988721E-005  0.4704606E-001  0.1886734E-003  0.2193878E-002  0.4570354E-002  0.0000000E+000  0.4960064E-002  0.0000000E+000  0.0000000E+000  0.0000000E+000
010112001p_flux_ 172.000    21062001  0.4049539E-001  0.2198845E-001  0.4622635E-002  0.0000000E+000  0.0000000E+000  0.0000000E+000  0.0000000E+000  0.1380136E-001  0.0000000E+000  0.6815812E-005  0.4955036E-001  0.2068431E-003  0.2147481E-002  0.4359898E-002  0.0000000E+000  0.4960049E-002  0.0000000E+000  0.0000000E+000  0.0000000E+000
010112001p_flux_ 173.000    22062001  0.4272506E-001  0.2341327E-001  0.4919691E-002  0.0000000E+000  0.0000000E+000  0.0000000E+000  0.0000000E+000  0.1434984E-001  0.0000000E+000  0.5838317E-005  0.5239645E-001  0.2757645E-003  0.2093762E-002  0.4228572E-002  0.0000000E+000  0.4960049E-002  0.0000000E+000  0.0000000E+000  0.0000000E+000
010112001p_flux_ 174.000    23062001  0.4498265E-001  0.2526122E-001  0.5310771E-002  0.0000000E+000  0.0000000E+000  0.0000000E+000  0.0000000E+000  0.1513526E-001  0.0000000E+000  0.4788288E-005  0.5550626E-001  0.3436185E-003  0.1954478E-002  0.4148202E-002  0.0000000E+000  0.4960049E-002  0.0000000E+000  0.0000000E+000  0.0000000E+000
010112001p_flux_ 175.000    24062001  0.4736585E-001  0.2725426E-001  0.5733846E-002  0.5543387E-005  0.9146585E-005  0.1755405E-005  0.0000000E+000  0.1585674E-001  0.0000000E+000  0.3800893E-005  0.5869500E-001  0.4286779E-003  0.1805880E-002  0.4197491E-002  0.0000000E+000  0.4960068E-002  0.0000000E+000  0.0000000E+000  0.0000000E+000
010112001p_flux_ 176.000    25062001  0.4990523E-001  0.2922199E-001  0.6149482E-002  0.2336486E-004  0.3855201E-004  0.7398869E-005  0.0000000E+000  0.1656970E-001  0.0000000E+000  0.2996202E-005  0.6203545E-001  0.5176241E-003  0.1692009E-002  0.4256384E-002  0.0000000E+000  0.4960090E-002  0.0000000E+000  0.0000000E+000  0.0000000E+000
010112001p_flux_ 177.000    26062001  0.5267834E-001  0.3107597E-001  0.6548964E-002  0.5367529E-004  0.8856422E-004  0.1699717E-004  0.0000000E+000  0.1696037E-001  0.0000000E+000  0.2409467E-005  0.6520411E-001  0.5231014E-003  0.1631399E-002  0.4147082E-002  0.0000000E+000  0.4960097E-002  0.0000000E+000  0.0000000E+000  0.0000000E+000
010112001p_flux_ 178.000    27062001  0.5540491E-001  0.3289145E-001  0.6949715E-002  0.9802123E-004  0.1617350E-003  0.3104004E-004  0.0000000E+000  0.1730110E-001  0.0000000E+000  0.1919673E-005  0.6837340E-001  0.6255859E-003  0.1576895E-002  0.4119541E-002  0.0000000E+000  0.4960112E-002  0.0000000E+000  0.0000000E+000  0.0000000E+000
010112001p_flux_ 179.000    28062001  0.5816050E-001  0.3464041E-001  0.7343683E-002  0.1561964E-003  0.2577240E-003  0.4946217E-004  0.0000000E+000  0.1786954E-001  0.0000000E+000  0.1537856E-005  0.7180241E-001  0.7309410E-003  0.1533741E-002  0.4060028E-002  0.0000000E+000  0.4960090E-002  0.0000000E+000  0.0000000E+000  0.0000000E+000
010112001p_flux_ 180.000    29062001  0.6097041E-001  0.3645631E-001  0.7758444E-002  0.2342841E-003  0.3865686E-003  0.7418992E-004  0.0000000E+000  0.1850648E-001  0.0000000E+000  0.1217996E-005  0.7535268E-001  0.8346456E-003  0.1483543E-002  0.4025707E-002  0.0000000E+000  0.4960082E-002  0.0000000E+000  0.0000000E+000  0.0000000E+000
010112001p_flux_ 181.000    30062001  0.6384873E-001  0.3828956E-001  0.8179288E-002  0.3321496E-003  0.5480467E-003  0.1051807E-003  0.0000000E+000  0.1918944E-001  0.0000000E+000  0.9524072E-006  0.7900875E-001  0.9297655E-003  0.1437704E-002  0.4029659E-002  0.0000000E+000  0.4960142E-002  0.0000000E+000  0.0000000E+000  0.0000000E+000
010112001p_flux_ 182.000    01072001  0.6676918E-001  0.3956296E-001  0.8485388E-002  0.4157046E-003  0.6859126E-003  0.1316398E-003  0.0000000E+000  0.1958010E-001  0.0000000E+000  0.8154998E-006  0.8231982E-001  0.9298846E-003  0.1467280E-002  0.3975123E-002  0.0000000E+000  0.4960157E-002  0.0000000E+000  0.0000000E+000  0.0000000E+000
010112001p_flux_ 183.000    02072001  0.6951181E-001  0.4118091E-001  0.8874943E-002  0.5381519E-003  0.8879508E-003  0.1704147E-003  0.0000000E+000  0.1967705E-001  0.0000000E+000  0.6678668E-006  0.8515935E-001  0.9299640E-003  0.1446133E-002  0.3849909E-002  0.0000000E+000  0.4960142E-002  0.0000000E+000  0.0000000E+000  0.0000000E+000
010112001p_flux_ 184.000    03072001  0.7271001E-001  0.4329678E-001  0.9400520E-002  0.7298265E-003  0.1204214E-002  0.2311116E-003  0.0000000E+000  0.2183637E-001  0.0000000E+000  0.5126259E-006  0.9052376E-001  0.9370811E-003  0.1355480E-002  0.3540525E-002  0.0000000E+000  0.4960209E-002  0.0000000E+000  0.0000000E+000  0.0000000E+000
010112001p_flux_ 185.000    04072001  0.7601980E-001  0.4495672E-001  0.9853949E-002  0.9232223E-003  0.1523317E-002  0.2923537E-003  0.0000000E+000  0.2245224E-001  0.0000000E+000  0.4007144E-006  0.9460194E-001  0.1089741E-002  0.1337927E-002  0.3452371E-002  0.0000000E+000  0.4960239E-002  0.0000000E+000  0.0000000E+000  0.0000000E+000
010112001p_flux_ 186.000    05072001  0.7946425E-001  0.4648166E-001  0.1028678E-001  0.1136691E-002  0.1875541E-002  0.3599521E-003  0.0000000E+000  0.2346473E-001  0.0000000E+000  0.3191934E-006  0.9921627E-001  0.1247213E-002  0.1338622E-002  0.3380859E-002  0.0000000E+000  0.4960246E-002  0.0000000E+000  0.0000000E+000  0.0000000E+000
010112001p_flux_ 187.000    06072001  0.8304656E-001  0.4814886E-001  0.1075584E-001  0.1402328E-002  0.2313841E-002  0.4440702E-003  0.0000000E+000  0.2448493E-001  0.0000000E+000  0.2459414E-006  0.1039430E+000  0.1371536E-002  0.1327646E-002  0.3365411E-002  0.0000000E+000  0.4960269E-002  0.0000000E+000  0.0000000E+000  0.0000000E+000
010112001p_flux_ 188.000    07072001  0.8677906E-001  0.4996571E-001  0.1125943E-001  0.1729200E-002  0.2853180E-002  0.5475798E-003  0.0000000E+000  0.2556031E-001  0.0000000E+000  0.1862373E-006  0.1089008E+000  0.1521493E-002  0.1295830E-002  0.3345337E-002  0.0000000E+000  0.4960276E-002  0.0000000E+000  0.0000000E+000  0.0000000E+000
010112001p_flux_ 189.000    08072001  0.9066053E-001  0.5171654E-001  0.1174883E-001  0.2094556E-002  0.3456017E-002  0.6632759E-003  0.0000000E+000  0.2664692E-001  0.0000000E+000  0.1428199E-006  0.1139145E+000  0.1567191E-002  0.1269483E-002  0.3331461E-002  0.0000000E+000  0.4960284E-002  0.0000000E+000  0.0000000E+000  0.0000000E+000
010112001p_flux_ 190.000    09072001  0.9463806E-001  0.5325743E-001  0.1219666E-001  0.2479620E-002  0.4091375E-002  0.7852130E-003  0.0000000E+000  0.2763686E-001  0.0000000E+000  0.1104942E-006  0.1189796E+000  0.1664859E-002  0.1269830E-002  0.3293242E-002  0.0000000E+000  0.4960299E-002  0.0000000E+000  0.0000000E+000  0.0000000E+000
010112001p_flux_ 191.000    10072001  0.9864958E-001  0.5463817E-001  0.1261227E-001  0.2887876E-002  0.4764997E-002  0.9144940E-003  0.0000000E+000  0.2846922E-001  0.0000000E+000  0.8814087E-007  0.1238566E+000  0.1697993E-002  0.1282508E-002  0.3257788E-002  0.0000000E+000  0.4960254E-002  0.0000000E+000  0.0000000E+000  0.0000000E+000
010112001p_flux_ 192.000    11072001  0.1025427E+000  0.5594943E-001  0.1301082E-001  0.3330393E-002  0.5495149E-002  0.1054624E-002  0.0000000E+000  0.2937785E-001  0.0000000E+000  0.7193984E-007  0.1286598E+000  0.1699533E-002  0.1290920E-002  0.3246489E-002  0.0000000E+000  0.4960284E-002  0.0000000E+000  0.0000000E+000  0.0000000E+000
010112001p_flux_ 193.000    12072001  0.1063807E+000  0.5705312E-001  0.1336980E-001  0.3779771E-002  0.6236621E-002  0.1196927E-002  0.0000000E+000  0.3066640E-001  0.0000000E+000  0.5894498E-007  0.1338291E+000  0.1742202E-002  0.1306294E-002  0.3162758E-002  0.0000000E+000  0.4960254E-002  0.0000000E+000  0.0000000E+000  0.0000000E+000
010112001p_flux_ 194.000    13072001  0.1104668E+000  0.5811674E-001  0.1372525E-001  0.4283851E-002  0.7068354E-002  0.1356552E-002  0.0000000E+000  0.3257512E-001  0.0000000E+000  0.4816904E-007  0.1399652E+000  0.1883539E-002  0.1331263E-002  0.3107835E-002  0.0000000E+000  0.4960284E-002  0.0000000E+000  0.0000000E+000  0.0000000E+000
010112001p_flux_ 195.000    14072001  0.1149395E+000  0.5920089E-001  0.1408553E-001  0.4864320E-002  0.8026127E-002  0.1540367E-002  0.0000000E+000  0.3485838E-001  0.0000000E+000  0.3916927E-007  0.1468856E+000  0.2047983E-002  0.1360214E-002  0.3070834E-002  0.0000000E+000  0.4960328E-002  0.0000000E+000  0.0000000E+000  0.0000000E+000
010112001p_flux_ 196.000    15072001  0.1197158E+000  0.6033982E-001  0.1445291E-001  0.5539986E-002  0.9140976E-002  0.1754328E-002  0.0000000E+000  0.3688636E-001  0.0000000E+000  0.3198656E-007  0.1536902E+000  0.2048365E-002  0.1388332E-002  0.3078108E-002  0.0000000E+000  0.4960328E-002  0.0000000E+000  0.0000000E+000  0.0000000E+000
010112001p_flux_ 197.000    16072001  0.1246114E+000  0.6182411E-001  0.1488533E-001  0.6462165E-002  0.1066257E-001  0.2046351E-002  0.0000000E+000  0.3945086E-001  0.0000000E+000  0.2445883E-007  0.1613046E+000  0.2202651E-002  0.1358604E-002  0.3064472E-002  0.0000000E+000  0.4960313E-002  0.0000000E+000  0.0000000E+000  0.0000000E+000
010112001p_flux_ 198.000    17072001  0.1301140E+000  0.6326631E-001  0.1530162E-001  0.7515124E-002  0.1239996E-001  0.2379789E-002  0.0000000E+000  0.4315759E-001  0.0000000E+000  0.1812605E-007  0.1707162E+000  0.2404855E-002  0.1337099E-002  0.3094962E-002  0.0000000E+000  0.4960328E-002  0.0000000E+000  0.0000000E+000  0.0000000E+000
010112001p_flux_ 199.000    18072001  0.1362563E+000  0.6453580E-001  0.1566877E-001  0.8637860E-002  0.1425247E-001  0.2735321E-002  0.0000000E+000  0.4675867E-001  0.0000000E+000  0.1371312E-007  0.1804790E+000  0.2424283E-002  0.1355659E-002  0.3110964E-002  0.0000000E+000  0.4960313E-002  0.0000000E+000  0.0000000E+000  0.0000000E+000
010112001p_flux_ 200.000    19072001  0.1427085E+000  0.6563702E-001  0.1598439E-001  0.9831509E-002  0.1622199E-001  0.3113309E-002  0.0000000E+000  0.5055400E-001  0.0000000E+000  0.1057748E-007  0.1908087E+000  0.2506531E-002  0.1391532E-002  0.3160926E-002  0.0000000E+000  0.4960373E-002  0.0000000E+000  0.0000000E+000  0.0000000E+000
010112001p_flux_ 201.000    20072001  0.1498154E+000  0.6679524E-001  0.1628750E-001  0.1130720E-001  0.1865688E-001  0.3580611E-002  0.0000000E+000  0.5528829E-001  0.0000000E+000  0.7849842E-008  0.2026941E+000  0.2550785E-002  0.1414775E-002  0.3219703E-002  0.0000000E+000  0.4960388E-002  0.0000000E+000  0.0000000E+000  0.0000000E+000
010112001p_flux_ 202.000    21072001  0.1577408E+000  0.6781431E-001  0.1653502E-001  0.1295107E-001  0.2136927E-001  0.4101171E-002  0.0000000E+000  0.6143340E-001  0.0000000E+000  0.5701910E-008  0.2170524E+000  0.2838566E-002  0.1463614E-002  0.3307248E-002  0.0000000E+000  0.4960388E-002  0.0000000E+000  0.0000000E+000  0.0000000E+000
010112001p_flux_ 203.000    22072001  0.1668841E+000  0.6875937E-001  0.1672937E-001  0.1485843E-001  0.2451641E-001  0.4705168E-002  0.0000000E+000  0.6866062E-001  0.0000000E+000  0.4078347E-008  0.2337511E+000  0.3166744E-002  0.1534984E-002  0.3450498E-002  0.0000000E+000  0.4960433E-002  0.0000000E+000  0.0000000E+000  0.0000000E+000
010112001p_flux_ 204.000    23072001  0.1772184E+000  0.6947906E-001  0.1689417E-001  0.1675417E-001  0.2764439E-001  0.5305486E-002  0.0000000E+000  0.7513700E-001  0.0000000E+000  0.3072694E-008  0.2505875E+000  0.3192653E-002  0.1669526E-002  0.3648642E-002  0.0000000E+000  0.4960507E-002  0.0000000E+000  0.0000000E+000  0.0000000E+000
010112001p_flux_ 205.000    24072001  0.1881867E+000  0.7018753E-001  0.1706976E-001  0.1881423E-001  0.3104347E-001  0.5957837E-002  0.0000000E+000  0.7979743E-001  0.0000000E+000  0.2338307E-008  0.2663568E+000  0.3333143E-002  0.1809623E-002  0.3869601E-002  0.0000000E+000  0.4960448E-002  0.0000000E+000  0.0000000E+000  0.0000000E+000
010112001p_flux_ 206.000    25072001  0.1995893E+000  0.7093228E-001  0.1722110E-001  0.2059203E-001  0.3397685E-001  0.6520808E-002  0.0000000E+000  0.8288164E-001  0.0000000E+000  0.1903177E-008  0.2808459E+000  0.3335537E-002  0.2005456E-002  0.4186259E-002  0.0000000E+000  0.4960567E-002  0.0000000E+000  0.0000000E+000  0.0000000E+000
010112001p_flux_ 207.000    26072001  0.2108186E+000  0.7176457E-001  0.1737927E-001  0.2245009E-001  0.3704263E-001  0.7109190E-002  0.0000000E+000  0.8519680E-001  0.0000000E+000  0.1550970E-008  0.2943939E+000  0.3339044E-002  0.2176534E-002  0.4510257E-002  0.0000000E+000  0.4960537E-002  0.0000000E+000  0.0000000E+000  0.0000000E+000
010112001p_flux_ 208.000    27072001  0.2219685E+000  0.7272366E-001  0.1755374E-001  0.2449965E-001  0.4042442E-001  0.7758218E-002  0.0000000E+000  0.8798611E-001  0.0000000E+000  0.1240549E-008  0.3083349E+000  0.3340803E-002  0.2314412E-002  0.4798718E-002  0.0000000E+000  0.4960567E-002  0.0000000E+000  0.0000000E+000  0.0000000E+000
010112001p_flux_ 209.000    28072001  0.2338601E+000  0.7386164E-001  0.1775718E-001  0.2688956E-001  0.4436776E-001  0.8515020E-002  0.0000000E+000  0.9261669E-001  0.0000000E+000  0.9430448E-009  0.3251179E+000  0.3601756E-002  0.2421040E-002  0.4855041E-002  0.0000000E+000  0.4960597E-002  0.0000000E+000  0.0000000E+000  0.0000000E+000
010112001p_flux_ 210.000    29072001  0.2471065E+000  0.7511654E-001  0.1797966E-001  0.2950310E-001  0.4868012E-001  0.9342646E-002  0.0000000E+000  0.9823372E-001  0.0000000E+000  0.7069443E-009  0.3444374E+000  0.4057799E-002  0.2550149E-002  0.5036939E-002  0.0000000E+000  0.4960597E-002  0.0000000E+000  0.0000000E+000  0.0000000E+000
